123
58_0_0     0.00000000  0.20579838  0.14659586  0.16881367  0.14223060  0.14223060  0.13789073  0.52649637  0.28576808  0.28576808  0.30717536  0.28576808  0.33482818  0.39953186  0.37534910  0.26495788  0.25984477  0.34048389  0.32921503  0.32921503  0.34618279  0.35771287  0.31811382  0.31811382  0.32364378  0.26495788  0.28051086  0.28051086  0.24972249  0.23973568  0.23973568  0.23479196  0.23973568  0.22015435  0.25476647  0.25476647  0.27010627  0.27529043  0.30176569  0.31262455  0.35192556  0.30717536  0.30717536  0.31811382  0.30717536  0.31811382  0.32364378  0.31262455  0.31811382  0.31811382  0.31811382  0.35771287  0.40570203  0.40570203  0.41192365  0.34618279  0.35192556  0.33482818  0.35771287  0.38132171  0.38132171  0.39341229  0.36942392  0.41192365  0.41192365  0.42452472  0.34048389  0.33482818  0.32921503  0.57153606  0.55621875  0.49093471  0.51206769  0.51206769  0.49791274  0.37534910  0.35192556  0.37534910  0.39341229  0.36942392  0.35771287  0.39953186  0.39341229  0.32364378  0.38734251  0.39953186  0.45699111  0.42452472  0.36942392  0.37534910  0.36942392  0.37534910  0.38132171  0.36942392  0.39953186  0.38132171  0.38734251  0.38734251  0.36942392  0.37534910  0.35771287  0.34048389  0.34048389  0.32921503  0.30176569  0.38132171  0.35771287  0.31262455  0.31811382  0.34048389  0.30717536  0.32921503  0.31811382  0.32364378  0.31811382  0.35192556  0.28576808  0.28576808  0.28051086  0.32364378  0.31811382  0.29106259  0.36942392  
84_0_0     0.20579838  0.00000000  0.10819850  0.13357595  0.09582628  0.08365586  0.08769065  0.61947013  0.31262455  0.30176569  0.32921503  0.31262455  0.32364378  0.38132171  0.37534910  0.30176569  0.31262455  0.36942392  0.35771287  0.34048389  0.36942392  0.43090597  0.30717536  0.32364378  0.32921503  0.27529043  0.28576808  0.28576808  0.21533827  0.22500172  0.23973568  0.23479196  0.23973568  0.22988078  0.26495788  0.26495788  0.27529043  0.30176569  0.31262455  0.30717536  0.35771287  0.35192556  0.35192556  0.34618279  0.32921503  0.33482818  0.34618279  0.31811382  0.31262455  0.31262455  0.31262455  0.39341229  0.36942392  0.36942392  0.42452472  0.35771287  0.36354542  0.35771287  0.39341229  0.36942392  0.36942392  0.37534910  0.36354542  0.38734251  0.39953186  0.41192365  0.33482818  0.34048389  0.33482818  0.51206769  0.49791274  0.40570203  0.41192365  0.38734251  0.38734251  0.37534910  0.38132171  0.40570203  0.38132171  0.37534910  0.37534910  0.41192365  0.39953186  0.34048389  0.41819758  0.40570203  0.47717143  0.43090597  0.38734251  0.39341229  0.37534910  0.41819758  0.42452472  0.41192365  0.41192365  0.43090597  0.42452472  0.40570203  0.37534910  0.38734251  0.36942392  0.36942392  0.32921503  0.32921503  0.29106259  0.40570203  0.35771287  0.36942392  0.36354542  0.34618279  0.32364378  0.32921503  0.33482818  0.32364378  0.33482818  0.33482818  0.27529043  0.28576808  0.28051086  0.32921503  0.30717536  0.27529043  0.39953186  
80_0_0     0.14659586  0.10819850  0.00000000  0.09174738  0.04829220  0.03686721  0.04065614  0.51206769  0.25984477  0.24972249  0.26495788  0.24471238  0.28576808  0.33482818  0.32364378  0.21533827  0.22500172  0.32921503  0.31262455  0.32364378  0.31811382  0.35771287  0.27529043  0.27529043  0.28576808  0.22988078  0.25476647  0.25476647  0.21533827  0.20579838  0.20579838  0.20107378  0.19637892  0.19637892  0.22500172  0.22500172  0.24471238  0.25476647  0.25984477  0.26495788  0.29106259  0.29106259  0.29106259  0.28576808  0.27529043  0.29106259  0.29106259  0.25984477  0.24972249  0.27529043  0.27529043  0.34618279  0.32921503  0.32921503  0.40570203  0.28051086  0.28576808  0.29106259  0.28576808  0.29106259  0.29106259  0.33482818  0.31262455  0.34048389  0.34048389  0.35192556  0.27529043  0.27010627  0.27529043  0.47038383  0.45699111  0.35192556  0.36942392  0.35771287  0.34618279  0.29639495  0.30717536  0.30176569  0.31262455  0.28051086  0.28576808  0.31811382  0.32364378  0.26495788  0.34048389  0.35192556  0.40570203  0.36354542  0.30176569  0.30717536  0.31262455  0.32364378  0.34048389  0.32921503  0.34048389  0.34618279  0.35192556  0.35771287  0.32921503  0.34048389  0.31811382  0.32364378  0.31262455  0.29106259  0.26495788  0.39341229  0.32921503  0.32921503  0.33482818  0.31811382  0.29639495  0.30717536  0.30717536  0.30176569  0.31811382  0.32921503  0.22015435  0.22015435  0.21533827  0.22500172  0.23973568  0.21533827  0.36942392  
100_0_0    0.16881367  0.13357595  0.09174738  0.00000000  0.06380284  0.05989485  0.06380284  0.56383810  0.28051086  0.28051086  0.26495788  0.28576808  0.31811382  0.39341229  0.38132171  0.25476647  0.26495788  0.35192556  0.32921503  0.35192556  0.34618279  0.36942392  0.27529043  0.28051086  0.29106259  0.30176569  0.28576808  0.28576808  0.23973568  0.22988078  0.22988078  0.22500172  0.24471238  0.23479196  0.25984477  0.25984477  0.29639495  0.29106259  0.27529043  0.27529043  0.29106259  0.30176569  0.30176569  0.29106259  0.27529043  0.25984477  0.27010627  0.24471238  0.25476647  0.29639495  0.29639495  0.38734251  0.34618279  0.34618279  0.39341229  0.32364378  0.32921503  0.32364378  0.34048389  0.35771287  0.35771287  0.36354542  0.36354542  0.41192365  0.41192365  0.41192365  0.33482818  0.34048389  0.32364378  0.46365742  0.46365742  0.39953186  0.40570203  0.41819758  0.38132171  0.34618279  0.34618279  0.36942392  0.36942392  0.33482818  0.33482818  0.34618279  0.34048389  0.31262455  0.35771287  0.36942392  0.42452472  0.38132171  0.35771287  0.35192556  0.36942392  0.38132171  0.38734251  0.37534910  0.39953186  0.39953186  0.39341229  0.40570203  0.37534910  0.39341229  0.35192556  0.34618279  0.32921503  0.31811382  0.30176569  0.39341229  0.35192556  0.35192556  0.35771287  0.35192556  0.34048389  0.35192556  0.34048389  0.34618279  0.35192556  0.35771287  0.24972249  0.25984477  0.25476647  0.30176569  0.28051086  0.26495788  0.38132171  
100_1_0    0.14223060  0.09582628  0.04829220  0.06380284  0.00000000  0.02561453  0.02934660  0.52649637  0.26495788  0.25476647  0.25984477  0.24972249  0.29106259  0.36354542  0.35192556  0.22988078  0.23973568  0.35771287  0.33482818  0.33482818  0.32921503  0.36942392  0.26495788  0.27010627  0.28051086  0.24471238  0.24972249  0.24972249  0.21055308  0.20107378  0.20107378  0.19637892  0.20107378  0.19171341  0.23479196  0.23479196  0.26495788  0.26495788  0.26495788  0.27529043  0.30176569  0.30176569  0.30176569  0.29106259  0.27529043  0.28051086  0.29106259  0.25476647  0.25984477  0.27529043  0.27529043  0.35771287  0.32921503  0.32921503  0.39953186  0.29106259  0.29639495  0.29106259  0.31811382  0.31262455  0.31262455  0.35192556  0.32921503  0.35771287  0.35771287  0.36942392  0.30176569  0.30717536  0.29106259  0.48402133  0.47038383  0.38734251  0.39341229  0.38132171  0.36942392  0.32364378  0.33482818  0.32921503  0.35192556  0.31811382  0.31811382  0.34618279  0.34048389  0.28576808  0.34618279  0.35771287  0.42452472  0.36942392  0.31811382  0.32364378  0.32921503  0.36354542  0.36942392  0.35771287  0.36942392  0.38734251  0.38132171  0.38734251  0.33482818  0.35192556  0.33482818  0.32921503  0.31811382  0.30717536  0.24972249  0.38132171  0.32921503  0.34048389  0.33482818  0.31811382  0.29639495  0.30717536  0.30717536  0.30176569  0.31811382  0.32921503  0.21533827  0.22500172  0.22015435  0.25984477  0.25476647  0.23973568  0.37534910  
97_0_0     0.14223060  0.08365586  0.03686721  0.05989485  0.02561453  0.00000000  0.01087016  0.51206769  0.25984477  0.24972249  0.25476647  0.24471238  0.28576808  0.35771287  0.34618279  0.22015435  0.22988078  0.35192556  0.32364378  0.32921503  0.32921503  0.36942392  0.25984477  0.26495788  0.27529043  0.22500172  0.22988078  0.22988078  0.19171341  0.18246901  0.18246901  0.17788940  0.17333774  0.17333774  0.21533827  0.21533827  0.24471238  0.24471238  0.24972249  0.26495788  0.27529043  0.28576808  0.28576808  0.27529043  0.25984477  0.26495788  0.27529043  0.23973568  0.23973568  0.26495788  0.26495788  0.34048389  0.30176569  0.30717536  0.38132171  0.28576808  0.29106259  0.28576808  0.31262455  0.29639495  0.29639495  0.32921503  0.30717536  0.34618279  0.34618279  0.35771287  0.27010627  0.27529043  0.25984477  0.46365742  0.45038384  0.36354542  0.36942392  0.35771287  0.34618279  0.29106259  0.30717536  0.31262455  0.32364378  0.29106259  0.29106259  0.31811382  0.32364378  0.25984477  0.32921503  0.34048389  0.40570203  0.35192556  0.28576808  0.29106259  0.29639495  0.33482818  0.34048389  0.32921503  0.34048389  0.35771287  0.34618279  0.35192556  0.32921503  0.32364378  0.30717536  0.31262455  0.29639495  0.28576808  0.24471238  0.36354542  0.30717536  0.31262455  0.30717536  0.29106259  0.27010627  0.28051086  0.28051086  0.27529043  0.29106259  0.30176569  0.19637892  0.20579838  0.20107378  0.23973568  0.22500172  0.21055308  0.35771287  
30_0_0     0.13789073  0.08769065  0.04065614  0.06380284  0.02934660  0.01087016  0.00000000  0.51206769  0.25476647  0.24471238  0.24972249  0.23973568  0.28051086  0.35192556  0.34048389  0.22988078  0.22988078  0.34618279  0.32364378  0.32364378  0.32921503  0.36942392  0.25476647  0.25984477  0.27010627  0.22500172  0.22988078  0.22988078  0.19171341  0.18246901  0.18246901  0.17788940  0.17333774  0.17333774  0.21533827  0.21533827  0.24471238  0.24471238  0.25984477  0.27010627  0.28576808  0.29639495  0.29639495  0.27529043  0.25984477  0.27529043  0.28576808  0.24972249  0.24471238  0.25984477  0.25984477  0.32921503  0.30176569  0.30176569  0.36942392  0.28051086  0.28576808  0.28051086  0.30717536  0.29106259  0.29106259  0.32921503  0.30717536  0.34618279  0.34618279  0.35771287  0.27010627  0.27529043  0.25984477  0.46365742  0.45038384  0.37534910  0.38132171  0.35771287  0.34618279  0.29106259  0.30176569  0.30717536  0.31811382  0.28576808  0.28576808  0.32364378  0.32921503  0.25476647  0.34048389  0.35192556  0.41819758  0.36354542  0.28576808  0.29106259  0.29639495  0.34048389  0.34618279  0.33482818  0.34618279  0.35192556  0.34618279  0.36354542  0.33482818  0.32921503  0.31262455  0.31262455  0.29106259  0.28051086  0.24471238  0.36354542  0.30176569  0.31262455  0.30717536  0.29106259  0.27010627  0.28051086  0.28051086  0.27529043  0.29106259  0.30176569  0.20579838  0.21533827  0.21055308  0.24972249  0.23479196  0.22015435  0.34048389  
83_0_0     0.52649637  0.61947013  0.51206769  0.56383810  0.52649637  0.51206769  0.51206769  0.00000000  0.62776730  0.61947013  0.65322721  0.64464368  0.61947013  0.61126421  0.61126421  0.62776730  0.63615778  0.57153606  0.63615778  0.67069629  0.58717441  0.67069629  0.68858419  0.68858419  0.64464368  0.58717441  0.54120957  0.54120957  0.57931426  0.56383810  0.57153606  0.54867642  0.51924715  0.53381670  0.54867642  0.54867642  0.54120957  0.51924715  0.67069629  0.68858419  0.66191063  0.62776730  0.62776730  0.67069629  0.65322721  0.65322721  0.66191063  0.66191063  0.64464368  0.69769157  0.69769157  0.58717441  0.66191063  0.66191063  0.56383810  0.67069629  0.61947013  0.62776730  0.66191063  0.63615778  0.64464368  0.67958664  0.65322721  0.63615778  0.63615778  0.65322721  0.62776730  0.61947013  0.59511823  0.80597752  0.80597752  0.67069629  0.68858419  0.67958664  0.66191063  0.58717441  0.59511823  0.62776730  0.60314755  0.58717441  0.60314755  0.61126421  0.63615778  0.63615778  0.68858419  0.72570031  0.73527517  0.72570031  0.65322721  0.66191063  0.67069629  0.58717441  0.61126421  0.59511823  0.62776730  0.65322721  0.62776730  0.63615778  0.67958664  0.65322721  0.61126421  0.64464368  0.62776730  0.61947013  0.57931426  0.60314755  0.61947013  0.64464368  0.61947013  0.60314755  0.57153606  0.58717441  0.61126421  0.57931426  0.60314755  0.60314755  0.61126421  0.61947013  0.61126421  0.54867642  0.59511823  0.57153606  0.62776730  
27_0_0     0.28576808  0.31262455  0.25984477  0.28051086  0.26495788  0.25984477  0.25476647  0.62776730  0.00000000  0.00722915  0.13357595  0.10405159  0.17333774  0.28576808  0.29106259  0.21055308  0.20107378  0.28051086  0.27010627  0.24471238  0.27010627  0.31811382  0.25476647  0.23973568  0.25476647  0.23479196  0.25476647  0.25476647  0.22500172  0.22500172  0.22988078  0.21055308  0.22500172  0.21055308  0.24972249  0.24972249  0.27010627  0.26495788  0.24471238  0.25476647  0.26495788  0.27010627  0.27010627  0.24972249  0.23479196  0.29106259  0.28576808  0.27529043  0.25984477  0.23479196  0.23479196  0.31262455  0.32364378  0.32364378  0.45699111  0.34618279  0.31811382  0.32364378  0.35192556  0.39341229  0.39341229  0.34048389  0.32921503  0.39953186  0.39953186  0.41192365  0.30717536  0.31262455  0.31811382  0.43090597  0.41192365  0.36942392  0.36354542  0.36354542  0.35192556  0.30176569  0.30176569  0.29106259  0.31811382  0.30717536  0.30717536  0.30176569  0.30176569  0.28051086  0.31262455  0.31262455  0.36354542  0.32364378  0.28051086  0.28576808  0.28051086  0.36354542  0.36942392  0.36942392  0.34048389  0.34618279  0.35771287  0.36942392  0.28051086  0.35771287  0.31811382  0.32364378  0.30717536  0.34048389  0.28051086  0.34618279  0.31811382  0.30176569  0.30717536  0.29106259  0.25984477  0.25476647  0.25984477  0.26495788  0.28051086  0.28051086  0.25476647  0.27010627  0.26495788  0.30176569  0.28051086  0.26495788  0.38132171  
88_0_0     0.28576808  0.30176569  0.24972249  0.28051086  0.25476647  0.24972249  0.24471238  0.61947013  0.00722915  0.00000000  0.13357595  0.09582628  0.16881367  0.27529043  0.28051086  0.20107378  0.19171341  0.28576808  0.25984477  0.23973568  0.25984477  0.31811382  0.24471238  0.22988078  0.24471238  0.22988078  0.24972249  0.24972249  0.22015435  0.22015435  0.22500172  0.20579838  0.22015435  0.20579838  0.24471238  0.24471238  0.26495788  0.27010627  0.24972249  0.25984477  0.27010627  0.27529043  0.27529043  0.25476647  0.23973568  0.29639495  0.29106259  0.28051086  0.26495788  0.23973568  0.23973568  0.30717536  0.31811382  0.31811382  0.45038384  0.34048389  0.31262455  0.31811382  0.34618279  0.38734251  0.38734251  0.33482818  0.32364378  0.39341229  0.39341229  0.40570203  0.30176569  0.30717536  0.31262455  0.41819758  0.40570203  0.36354542  0.35771287  0.35771287  0.34618279  0.29639495  0.30717536  0.28051086  0.31262455  0.30176569  0.30176569  0.30717536  0.30176569  0.28051086  0.32364378  0.32364378  0.35771287  0.31811382  0.27529043  0.28051086  0.27529043  0.36942392  0.37534910  0.37534910  0.34618279  0.34618279  0.35771287  0.36942392  0.29106259  0.35192556  0.32364378  0.32921503  0.31262455  0.34618279  0.28576808  0.35192556  0.32364378  0.30717536  0.31262455  0.28576808  0.25476647  0.24972249  0.25476647  0.25984477  0.27529043  0.27529043  0.24972249  0.26495788  0.25984477  0.29639495  0.27529043  0.25984477  0.37534910  
53_0_0     0.30717536  0.32921503  0.26495788  0.26495788  0.25984477  0.25476647  0.24972249  0.65322721  0.13357595  0.13357595  0.00000000  0.09582628  0.17333774  0.29106259  0.27529043  0.18707689  0.18707689  0.27010627  0.27529043  0.25476647  0.28051086  0.31811382  0.21533827  0.20107378  0.22500172  0.23479196  0.24972249  0.24972249  0.23973568  0.22988078  0.22500172  0.20579838  0.22015435  0.19637892  0.24972249  0.24972249  0.25984477  0.27010627  0.22015435  0.23479196  0.23479196  0.24972249  0.24972249  0.22500172  0.21055308  0.24471238  0.23973568  0.22988078  0.23973568  0.24972249  0.24972249  0.33482818  0.32921503  0.34048389  0.41192365  0.28051086  0.28576808  0.28051086  0.30717536  0.32921503  0.32921503  0.32364378  0.31262455  0.36354542  0.36942392  0.36942392  0.29106259  0.29639495  0.30176569  0.48402133  0.48402133  0.40570203  0.39953186  0.42452472  0.39953186  0.32921503  0.34048389  0.31262455  0.33482818  0.31262455  0.31262455  0.30176569  0.28051086  0.28051086  0.33482818  0.34618279  0.36942392  0.34048389  0.28576808  0.29106259  0.30717536  0.36942392  0.37534910  0.36354542  0.35771287  0.34618279  0.35192556  0.36942392  0.31811382  0.35771287  0.32921503  0.32364378  0.32364378  0.35771287  0.30717536  0.35771287  0.35192556  0.28576808  0.28051086  0.30176569  0.28051086  0.29106259  0.28051086  0.29106259  0.30176569  0.28576808  0.24972249  0.24471238  0.24972249  0.27529043  0.28576808  0.29106259  0.32364378  
37_0_0     0.28576808  0.31262455  0.24471238  0.28576808  0.24972249  0.24471238  0.23973568  0.64464368  0.10405159  0.09582628  0.09582628  0.00000000  0.11236859  0.27010627  0.26495788  0.16431687  0.15540376  0.28051086  0.27010627  0.23973568  0.29639495  0.31262455  0.21533827  0.20107378  0.21533827  0.17788940  0.23479196  0.23479196  0.21533827  0.20579838  0.20107378  0.19171341  0.20579838  0.18246901  0.23973568  0.23973568  0.25984477  0.26495788  0.21055308  0.21533827  0.22500172  0.22015435  0.22015435  0.20107378  0.18707689  0.23973568  0.23479196  0.22500172  0.22500172  0.20579838  0.20579838  0.29106259  0.32364378  0.32364378  0.39953186  0.25984477  0.24471238  0.24972249  0.28051086  0.31811382  0.31811382  0.30176569  0.28051086  0.35771287  0.35771287  0.35771287  0.29106259  0.29639495  0.30176569  0.37534910  0.38734251  0.32921503  0.33482818  0.34618279  0.33482818  0.26495788  0.29639495  0.25984477  0.29106259  0.27010627  0.25984477  0.28051086  0.26495788  0.24972249  0.31262455  0.32364378  0.34618279  0.31811382  0.26495788  0.27010627  0.27529043  0.32921503  0.35192556  0.33482818  0.31811382  0.30717536  0.32364378  0.32921503  0.31262455  0.34618279  0.32921503  0.29106259  0.27529043  0.29639495  0.28051086  0.31811382  0.31262455  0.27529043  0.29106259  0.26495788  0.24471238  0.25476647  0.24471238  0.25476647  0.27529043  0.26495788  0.21533827  0.22988078  0.22500172  0.25984477  0.25984477  0.24471238  0.36942392  
74_0_0     0.33482818  0.32364378  0.28576808  0.31811382  0.29106259  0.28576808  0.28051086  0.61947013  0.17333774  0.16881367  0.17333774  0.11236859  0.00000000  0.32364378  0.32921503  0.23479196  0.22500172  0.28576808  0.29639495  0.27010627  0.32921503  0.36354542  0.27010627  0.25984477  0.27529043  0.22988078  0.26495788  0.26495788  0.24471238  0.23479196  0.24471238  0.23973568  0.25476647  0.23973568  0.28051086  0.28051086  0.30176569  0.28051086  0.26495788  0.24972249  0.27529043  0.27529043  0.27529043  0.26495788  0.24972249  0.29106259  0.28051086  0.25476647  0.25476647  0.23479196  0.23479196  0.32921503  0.36942392  0.36942392  0.43090597  0.30717536  0.30176569  0.31262455  0.32921503  0.34048389  0.35192556  0.34618279  0.34048389  0.40570203  0.40570203  0.40570203  0.33482818  0.34048389  0.34618279  0.46365742  0.45038384  0.34618279  0.34618279  0.38734251  0.35192556  0.30717536  0.32921503  0.31811382  0.33482818  0.32364378  0.31262455  0.33482818  0.34048389  0.31262455  0.37534910  0.38734251  0.37534910  0.35771287  0.31811382  0.32364378  0.32921503  0.38132171  0.39341229  0.37534910  0.36354542  0.38132171  0.38734251  0.38132171  0.35771287  0.37534910  0.36354542  0.30717536  0.28576808  0.32921503  0.30717536  0.34618279  0.36942392  0.32921503  0.32921503  0.30717536  0.28576808  0.29639495  0.28051086  0.29106259  0.31262455  0.30717536  0.25984477  0.26495788  0.25984477  0.28576808  0.29639495  0.28051086  0.38132171  
64_0_0     0.39953186  0.38132171  0.33482818  0.39341229  0.36354542  0.35771287  0.35192556  0.61126421  0.28576808  0.27529043  0.29106259  0.27010627  0.32364378  0.00000000  0.03309743  0.23479196  0.23479196  0.34618279  0.36354542  0.34618279  0.38132171  0.38132171  0.35771287  0.35192556  0.34618279  0.30176569  0.32364378  0.32364378  0.29639495  0.29639495  0.30717536  0.30176569  0.31811382  0.31262455  0.34048389  0.34048389  0.32364378  0.36942392  0.32921503  0.35192556  0.34618279  0.38734251  0.38734251  0.36942392  0.35771287  0.38734251  0.36942392  0.37534910  0.34048389  0.38132171  0.38132171  0.39341229  0.38132171  0.36942392  0.46365742  0.40570203  0.42452472  0.41819758  0.44383455  0.45038384  0.45038384  0.37534910  0.37534910  0.39341229  0.40570203  0.41819758  0.37534910  0.36942392  0.38734251  0.42452472  0.42452472  0.43734226  0.43090597  0.41192365  0.39341229  0.32364378  0.35771287  0.36354542  0.34618279  0.34048389  0.32921503  0.34618279  0.35192556  0.35192556  0.40570203  0.41819758  0.45038384  0.41819758  0.35771287  0.36354542  0.36942392  0.43090597  0.44383455  0.42452472  0.38734251  0.41819758  0.39953186  0.41192365  0.37534910  0.42452472  0.38734251  0.41192365  0.38734251  0.45699111  0.41819758  0.44383455  0.47717143  0.43734226  0.44383455  0.41192365  0.37534910  0.37534910  0.36354542  0.37534910  0.41192365  0.38132171  0.36354542  0.36354542  0.35771287  0.31811382  0.32921503  0.31811382  0.47717143  
96_0_0     0.37534910  0.37534910  0.32364378  0.38132171  0.35192556  0.34618279  0.34048389  0.61126421  0.29106259  0.28051086  0.27529043  0.26495788  0.32921503  0.03309743  0.00000000  0.23479196  0.23479196  0.31811382  0.36942392  0.34048389  0.38734251  0.36354542  0.34048389  0.34618279  0.34048389  0.30717536  0.31811382  0.31811382  0.30176569  0.29106259  0.29106259  0.29639495  0.31262455  0.30717536  0.33482818  0.33482818  0.30717536  0.37534910  0.30176569  0.32364378  0.32921503  0.35771287  0.35771287  0.34048389  0.32921503  0.35771287  0.34048389  0.34618279  0.31262455  0.35192556  0.35192556  0.38734251  0.36942392  0.35192556  0.46365742  0.41192365  0.43090597  0.42452472  0.45038384  0.44383455  0.44383455  0.36942392  0.36942392  0.39341229  0.40570203  0.42452472  0.36942392  0.36354542  0.36942392  0.43090597  0.43090597  0.47038383  0.46365742  0.45038384  0.42452472  0.34048389  0.35192556  0.35771287  0.35192556  0.34618279  0.33482818  0.36354542  0.35771287  0.35771287  0.42452472  0.45038384  0.48402133  0.45038384  0.36354542  0.36942392  0.37534910  0.41192365  0.42452472  0.40570203  0.38132171  0.41192365  0.39341229  0.39341229  0.36942392  0.41819758  0.38132171  0.41819758  0.38132171  0.43734226  0.39953186  0.42452472  0.45699111  0.43090597  0.43734226  0.40570203  0.36942392  0.36942392  0.35771287  0.36942392  0.40570203  0.38734251  0.34618279  0.34618279  0.34048389  0.33482818  0.31262455  0.31262455  0.47038383  
9_0_0      0.26495788  0.30176569  0.21533827  0.25476647  0.22988078  0.22015435  0.22988078  0.62776730  0.21055308  0.20107378  0.18707689  0.16431687  0.23479196  0.23479196  0.23479196  0.00000000  0.01087016  0.24972249  0.23973568  0.25476647  0.26495788  0.28576808  0.23973568  0.24471238  0.24972249  0.18707689  0.19637892  0.19637892  0.17788940  0.16881367  0.16431687  0.14659586  0.17333774  0.15984700  0.18707689  0.18707689  0.21533827  0.22988078  0.18246901  0.20579838  0.21055308  0.21055308  0.21055308  0.21533827  0.20107378  0.23479196  0.22015435  0.22988078  0.22015435  0.22988078  0.22988078  0.30717536  0.31811382  0.32921503  0.35192556  0.27529043  0.27529043  0.27529043  0.27529043  0.30717536  0.30717536  0.26495788  0.25984477  0.30176569  0.30176569  0.30176569  0.28051086  0.28576808  0.27529043  0.42452472  0.41192365  0.32921503  0.33482818  0.35192556  0.32921503  0.24471238  0.27010627  0.24471238  0.27529043  0.25476647  0.24471238  0.27010627  0.27010627  0.24972249  0.27529043  0.29639495  0.34048389  0.30176569  0.24471238  0.24972249  0.26495788  0.30176569  0.30717536  0.29639495  0.30717536  0.29639495  0.28576808  0.31262455  0.28576808  0.29106259  0.25984477  0.27010627  0.27010627  0.29639495  0.27529043  0.28576808  0.32364378  0.28051086  0.28051086  0.25984477  0.23479196  0.24972249  0.23973568  0.24972249  0.25984477  0.27010627  0.21055308  0.21533827  0.21055308  0.23479196  0.22500172  0.22015435  0.31811382  
92_0_0     0.25984477  0.31262455  0.22500172  0.26495788  0.23973568  0.22988078  0.22988078  0.63615778  0.20107378  0.19171341  0.18707689  0.15540376  0.22500172  0.23479196  0.23479196  0.01087016  0.00000000  0.24471238  0.23973568  0.25476647  0.25984477  0.28576808  0.23479196  0.23973568  0.24471238  0.17788940  0.19171341  0.19171341  0.17788940  0.16881367  0.16431687  0.14659586  0.17333774  0.15984700  0.18707689  0.18707689  0.21533827  0.22988078  0.19171341  0.21533827  0.22015435  0.21533827  0.21533827  0.21533827  0.20107378  0.24471238  0.22988078  0.23973568  0.22988078  0.22988078  0.22988078  0.30717536  0.31811382  0.32921503  0.35192556  0.27529043  0.27529043  0.27010627  0.27529043  0.30717536  0.30717536  0.26495788  0.25984477  0.29639495  0.29639495  0.29639495  0.28051086  0.28576808  0.27010627  0.42452472  0.41192365  0.34048389  0.34618279  0.36354542  0.34048389  0.23479196  0.25984477  0.23479196  0.26495788  0.24471238  0.23479196  0.27010627  0.27010627  0.23973568  0.28576808  0.30717536  0.35192556  0.31262455  0.24471238  0.24972249  0.26495788  0.30717536  0.31262455  0.30176569  0.30176569  0.29106259  0.28576808  0.31811382  0.29639495  0.30176569  0.27010627  0.25984477  0.25984477  0.28051086  0.27529043  0.28576808  0.32364378  0.28051086  0.28051086  0.25984477  0.22988078  0.24972249  0.23973568  0.24972249  0.25984477  0.27010627  0.22015435  0.22500172  0.22015435  0.24471238  0.23479196  0.22015435  0.31262455  
8_0_0      0.34048389  0.36942392  0.32921503  0.35192556  0.35771287  0.35192556  0.34618279  0.57153606  0.28051086  0.28576808  0.27010627  0.28051086  0.28576808  0.34618279  0.31811382  0.24972249  0.24471238  0.00000000  0.19637892  0.20579838  0.21055308  0.22988078  0.39953186  0.39341229  0.39953186  0.28576808  0.23479196  0.23479196  0.24972249  0.24972249  0.25476647  0.24471238  0.29106259  0.27529043  0.27010627  0.27010627  0.27529043  0.25476647  0.25476647  0.25984477  0.29639495  0.28051086  0.28051086  0.26495788  0.25476647  0.25984477  0.24972249  0.28576808  0.25476647  0.25984477  0.25984477  0.38734251  0.43090597  0.41192365  0.39341229  0.38132171  0.38734251  0.39341229  0.39341229  0.41192365  0.42452472  0.38132171  0.38132171  0.39953186  0.39953186  0.39341229  0.39953186  0.39341229  0.38734251  0.54120957  0.52649637  0.37534910  0.38132171  0.41192365  0.35771287  0.36354542  0.36354542  0.39341229  0.36354542  0.35192556  0.34048389  0.38132171  0.39953186  0.37534910  0.36942392  0.39341229  0.41192365  0.40570203  0.34618279  0.34048389  0.34618279  0.37534910  0.37534910  0.36942392  0.37534910  0.38734251  0.36942392  0.37534910  0.37534910  0.38734251  0.34048389  0.33482818  0.33482818  0.36942392  0.36942392  0.31811382  0.35192556  0.32364378  0.32921503  0.35771287  0.32364378  0.34048389  0.34618279  0.32921503  0.33482818  0.36942392  0.29106259  0.31811382  0.31262455  0.32364378  0.32921503  0.31262455  0.37534910  
51_0_0     0.32921503  0.35771287  0.31262455  0.32921503  0.33482818  0.32364378  0.32364378  0.63615778  0.27010627  0.25984477  0.27529043  0.27010627  0.29639495  0.36354542  0.36942392  0.23973568  0.23973568  0.19637892  0.00000000  0.05989485  0.09582628  0.14659586  0.31811382  0.31262455  0.30717536  0.28051086  0.27010627  0.27010627  0.23973568  0.24972249  0.23973568  0.22988078  0.27529043  0.24972249  0.26495788  0.26495788  0.28051086  0.27010627  0.27529043  0.29106259  0.28576808  0.29106259  0.29106259  0.28576808  0.27529043  0.31811382  0.30717536  0.31811382  0.31811382  0.30176569  0.30176569  0.35192556  0.41819758  0.41192365  0.40570203  0.36354542  0.37534910  0.39341229  0.39341229  0.35771287  0.36942392  0.38734251  0.38734251  0.45699111  0.45699111  0.45038384  0.40570203  0.39953186  0.41819758  0.51206769  0.51206769  0.39341229  0.41192365  0.41192365  0.38734251  0.32921503  0.32364378  0.34048389  0.34618279  0.33482818  0.32364378  0.35192556  0.35192556  0.32364378  0.33482818  0.33482818  0.34048389  0.34048389  0.32921503  0.32364378  0.31811382  0.38734251  0.39341229  0.38132171  0.39953186  0.38734251  0.35771287  0.39341229  0.39953186  0.39953186  0.37534910  0.31811382  0.36354542  0.39341229  0.35771287  0.38734251  0.39953186  0.30717536  0.32364378  0.35771287  0.33482818  0.34048389  0.32364378  0.34048389  0.33482818  0.35771287  0.24972249  0.26495788  0.25984477  0.30176569  0.29106259  0.27529043  0.38734251  
65_0_0     0.32921503  0.34048389  0.32364378  0.35192556  0.33482818  0.32921503  0.32364378  0.67069629  0.24471238  0.23973568  0.25476647  0.23973568  0.27010627  0.34618279  0.34048389  0.25476647  0.25476647  0.20579838  0.05989485  0.00000000  0.14659586  0.19171341  0.31811382  0.31262455  0.30717536  0.27010627  0.27010627  0.27010627  0.24972249  0.25984477  0.23973568  0.23973568  0.27529043  0.24972249  0.25476647  0.25476647  0.27010627  0.27010627  0.27529043  0.26495788  0.26495788  0.28051086  0.28051086  0.27529043  0.26495788  0.30717536  0.29639495  0.31811382  0.29639495  0.27010627  0.27010627  0.37534910  0.42452472  0.40570203  0.41819758  0.39341229  0.39341229  0.38734251  0.41192365  0.36354542  0.37534910  0.36942392  0.35771287  0.45038384  0.45038384  0.45699111  0.38734251  0.38132171  0.39953186  0.48402133  0.45699111  0.36942392  0.38734251  0.39953186  0.36354542  0.31262455  0.29639495  0.32364378  0.31811382  0.30717536  0.29639495  0.32364378  0.32364378  0.30717536  0.34618279  0.35771287  0.36354542  0.34618279  0.31262455  0.31811382  0.31262455  0.35771287  0.36354542  0.35192556  0.35771287  0.35771287  0.35192556  0.36942392  0.37534910  0.36942392  0.35771287  0.30717536  0.31811382  0.34618279  0.31811382  0.36354542  0.36942392  0.28051086  0.30717536  0.31811382  0.29639495  0.30176569  0.28576808  0.30176569  0.29639495  0.30717536  0.25476647  0.25984477  0.25476647  0.30717536  0.29639495  0.28051086  0.39953186  
29_0_0     0.34618279  0.36942392  0.31811382  0.34618279  0.32921503  0.32921503  0.32921503  0.58717441  0.27010627  0.25984477  0.28051086  0.29639495  0.32921503  0.38132171  0.38734251  0.26495788  0.25984477  0.21055308  0.09582628  0.14659586  0.00000000  0.17788940  0.32921503  0.32364378  0.32921503  0.30717536  0.27010627  0.27010627  0.24471238  0.25476647  0.25476647  0.24471238  0.28051086  0.25476647  0.29106259  0.29106259  0.30717536  0.30717536  0.30176569  0.31811382  0.30717536  0.31262455  0.31262455  0.31811382  0.30717536  0.35192556  0.35192556  0.34048389  0.34618279  0.34048389  0.34048389  0.34618279  0.40570203  0.40570203  0.45038384  0.38132171  0.36942392  0.37534910  0.36942392  0.38734251  0.39953186  0.38132171  0.38132171  0.42452472  0.42452472  0.42452472  0.37534910  0.36942392  0.37534910  0.53381670  0.53381670  0.42452472  0.42452472  0.41819758  0.40570203  0.36942392  0.34048389  0.35771287  0.36354542  0.35192556  0.35192556  0.36942392  0.35771287  0.34048389  0.37534910  0.37534910  0.35771287  0.35771287  0.34618279  0.34048389  0.33482818  0.40570203  0.41192365  0.39953186  0.41819758  0.41819758  0.39953186  0.42452472  0.40570203  0.44383455  0.40570203  0.33482818  0.35771287  0.39953186  0.36354542  0.36942392  0.39341229  0.33482818  0.34048389  0.35192556  0.32921503  0.34618279  0.32921503  0.34618279  0.34048389  0.37534910  0.28576808  0.29106259  0.28576808  0.31811382  0.28576808  0.29106259  0.40570203  
60_0_0     0.35771287  0.43090597  0.35771287  0.36942392  0.36942392  0.36942392  0.36942392  0.67069629  0.31811382  0.31811382  0.31811382  0.31262455  0.36354542  0.38132171  0.36354542  0.28576808  0.28576808  0.22988078  0.14659586  0.19171341  0.17788940  0.00000000  0.38734251  0.38132171  0.38734251  0.33482818  0.34048389  0.34048389  0.31262455  0.31262455  0.29106259  0.30176569  0.32921503  0.31262455  0.31262455  0.31262455  0.31811382  0.31811382  0.26495788  0.28051086  0.30176569  0.29106259  0.29106259  0.28576808  0.27529043  0.32921503  0.31811382  0.30717536  0.31811382  0.31262455  0.31262455  0.41819758  0.46365742  0.45038384  0.45699111  0.37534910  0.38734251  0.38132171  0.41192365  0.38132171  0.39341229  0.38734251  0.37534910  0.44383455  0.44383455  0.43734226  0.43090597  0.42452472  0.44383455  0.49791274  0.49791274  0.44383455  0.46365742  0.45038384  0.42452472  0.35192556  0.34618279  0.37534910  0.36942392  0.35771287  0.34618279  0.36354542  0.36942392  0.38132171  0.36942392  0.38132171  0.39953186  0.39953186  0.32921503  0.32364378  0.32921503  0.41192365  0.43090597  0.41819758  0.44383455  0.44383455  0.41192365  0.43734226  0.38734251  0.43090597  0.39341229  0.35192556  0.36942392  0.41819758  0.37534910  0.39341229  0.39341229  0.34048389  0.35771287  0.39341229  0.36354542  0.35771287  0.36354542  0.36942392  0.35192556  0.34048389  0.30717536  0.32364378  0.31811382  0.37534910  0.34048389  0.35771287  0.43090597  
25_0_0     0.31811382  0.30717536  0.27529043  0.27529043  0.26495788  0.25984477  0.25476647  0.68858419  0.25476647  0.24471238  0.21533827  0.21533827  0.27010627  0.35771287  0.34048389  0.23973568  0.23479196  0.39953186  0.31811382  0.31811382  0.32921503  0.38734251  0.00000000  0.02561453  0.03686721  0.27529043  0.28051086  0.28051086  0.26495788  0.25476647  0.23479196  0.23973568  0.24471238  0.22988078  0.26495788  0.26495788  0.27529043  0.30717536  0.27529043  0.28051086  0.29639495  0.30176569  0.30176569  0.29106259  0.27529043  0.29106259  0.29639495  0.28576808  0.30176569  0.29639495  0.29639495  0.34048389  0.32364378  0.32921503  0.38132171  0.31262455  0.32921503  0.32921503  0.35771287  0.34618279  0.34618279  0.32364378  0.32364378  0.38132171  0.38132171  0.39953186  0.30717536  0.31262455  0.31811382  0.46365742  0.45038384  0.46365742  0.44383455  0.47038383  0.45699111  0.31262455  0.34618279  0.32921503  0.32364378  0.31811382  0.31811382  0.32364378  0.31811382  0.29639495  0.36942392  0.38132171  0.38132171  0.37534910  0.30717536  0.31262455  0.30717536  0.41192365  0.40570203  0.40570203  0.38132171  0.38734251  0.38734251  0.39341229  0.35771287  0.39953186  0.36354542  0.39341229  0.37534910  0.38734251  0.32364378  0.39953186  0.41192365  0.35771287  0.34618279  0.35771287  0.33482818  0.34048389  0.32364378  0.34618279  0.35771287  0.35192556  0.30717536  0.30176569  0.30717536  0.34048389  0.33482818  0.33482818  0.35192556  
73_0_0     0.31811382  0.32364378  0.27529043  0.28051086  0.27010627  0.26495788  0.25984477  0.68858419  0.23973568  0.22988078  0.20107378  0.20107378  0.25984477  0.35192556  0.34618279  0.24471238  0.23973568  0.39341229  0.31262455  0.31262455  0.32364378  0.38132171  0.02561453  0.00000000  0.02561453  0.24972249  0.26495788  0.26495788  0.24972249  0.23973568  0.22988078  0.22500172  0.22988078  0.20579838  0.25984477  0.25984477  0.27010627  0.30176569  0.25984477  0.27529043  0.28051086  0.29639495  0.29639495  0.27529043  0.25984477  0.27529043  0.28051086  0.27010627  0.28576808  0.30176569  0.30176569  0.32921503  0.31811382  0.32921503  0.37534910  0.31262455  0.32921503  0.32921503  0.35771287  0.33482818  0.33482818  0.32364378  0.32364378  0.38734251  0.38734251  0.39953186  0.29639495  0.30176569  0.31811382  0.43734226  0.42452472  0.43734226  0.43090597  0.44383455  0.43090597  0.30717536  0.34048389  0.32364378  0.31811382  0.31262455  0.31262455  0.31811382  0.31262455  0.30176569  0.35771287  0.36942392  0.38132171  0.36354542  0.29639495  0.30176569  0.29639495  0.39953186  0.39341229  0.39341229  0.35771287  0.37534910  0.37534910  0.38132171  0.34618279  0.38734251  0.35192556  0.37534910  0.35771287  0.38132171  0.32921503  0.39341229  0.39341229  0.34048389  0.32921503  0.34048389  0.31811382  0.32364378  0.30717536  0.32921503  0.34048389  0.34618279  0.29106259  0.29639495  0.30176569  0.32364378  0.32921503  0.31811382  0.35771287  
24_0_0     0.32364378  0.32921503  0.28576808  0.29106259  0.28051086  0.27529043  0.27010627  0.64464368  0.25476647  0.24471238  0.22500172  0.21533827  0.27529043  0.34618279  0.34048389  0.24972249  0.24471238  0.39953186  0.30717536  0.30717536  0.32921503  0.38734251  0.03686721  0.02561453  0.00000000  0.27529043  0.28051086  0.28051086  0.26495788  0.25476647  0.24471238  0.23973568  0.24471238  0.22015435  0.27529043  0.27529043  0.28576808  0.30717536  0.28576808  0.30176569  0.30717536  0.32364378  0.32364378  0.30176569  0.28576808  0.30176569  0.30717536  0.29639495  0.30176569  0.31811382  0.31811382  0.35192556  0.34048389  0.34048389  0.38132171  0.32364378  0.34048389  0.34048389  0.36354542  0.34618279  0.34618279  0.34618279  0.34618279  0.41192365  0.41192365  0.42452472  0.30717536  0.31262455  0.32921503  0.46365742  0.45038384  0.45038384  0.44383455  0.45699111  0.44383455  0.31811382  0.35192556  0.32364378  0.32921503  0.32364378  0.32364378  0.34048389  0.33482818  0.31262455  0.35771287  0.36942392  0.39341229  0.36354542  0.28576808  0.29106259  0.28576808  0.41192365  0.40570203  0.40570203  0.38132171  0.38734251  0.38734251  0.38132171  0.35771287  0.41192365  0.36354542  0.38734251  0.36942392  0.39341229  0.32921503  0.39341229  0.40570203  0.35192556  0.34048389  0.35192556  0.32921503  0.33482818  0.31811382  0.34048389  0.35192556  0.36942392  0.29639495  0.31262455  0.30717536  0.35192556  0.34618279  0.33482818  0.34618279  
89_2_0     0.26495788  0.27529043  0.22988078  0.30176569  0.24471238  0.22500172  0.22500172  0.58717441  0.23479196  0.22988078  0.23479196  0.17788940  0.22988078  0.30176569  0.30717536  0.18707689  0.17788940  0.28576808  0.28051086  0.27010627  0.30717536  0.33482818  0.27529043  0.24972249  0.27529043  0.00000000  0.15098681  0.15098681  0.11656212  0.10819850  0.10405159  0.08769065  0.08365586  0.07168078  0.13357595  0.13357595  0.15984700  0.17788940  0.15984700  0.18707689  0.18707689  0.19637892  0.19637892  0.16881367  0.15984700  0.19171341  0.19171341  0.19637892  0.18246901  0.18707689  0.18707689  0.22988078  0.25476647  0.26495788  0.32921503  0.24972249  0.25476647  0.27010627  0.27529043  0.29639495  0.29639495  0.25984477  0.25476647  0.28576808  0.27529043  0.28576808  0.23479196  0.22988078  0.24471238  0.39953186  0.38734251  0.32364378  0.32921503  0.30717536  0.30717536  0.24471238  0.25476647  0.25476647  0.24972249  0.22988078  0.22015435  0.25476647  0.27010627  0.23973568  0.28051086  0.29106259  0.35192556  0.31262455  0.22988078  0.23479196  0.22988078  0.29106259  0.29639495  0.28576808  0.29639495  0.29639495  0.28051086  0.30717536  0.29106259  0.27010627  0.25476647  0.23973568  0.22500172  0.25984477  0.21533827  0.29106259  0.27529043  0.23973568  0.23479196  0.23973568  0.21055308  0.22015435  0.22015435  0.22015435  0.23973568  0.22988078  0.16881367  0.19171341  0.19637892  0.18707689  0.20107378  0.16881367  0.33482818  
