20
9_0_0      0.00000000  0.09114760  0.09764628  0.09114760  0.11081891  0.11081891  0.17320955  0.15181784  0.30784143  0.29919998  0.29919998  0.32543574  0.34346226  0.34346226  0.44090321  0.44090321  0.44090321  0.45139854  0.46204615  0.42035242  
8_0_0      0.09114760  0.00000000  0.02914250  0.03511250  0.05331956  0.04113147  0.09764628  0.10420304  0.35264435  0.36194278  0.36194278  0.33439365  0.35264435  0.35264435  0.40036150  0.40036150  0.40036150  0.42035242  0.37136055  0.41028889  
7_0_0      0.09764628  0.02914250  0.00000000  0.00573665  0.02322068  0.01151850  0.09114760  0.08470595  0.36194278  0.37136055  0.37136055  0.34346226  0.36194278  0.36194278  0.43055588  0.43055588  0.43055588  0.45139854  0.40036150  0.44090321  
10_0_0     0.09114760  0.03511250  0.00573665  0.00000000  0.02914250  0.01734626  0.09764628  0.09114760  0.35264435  0.36194278  0.36194278  0.35264435  0.37136055  0.37136055  0.42035242  0.42035242  0.42035242  0.44090321  0.41028889  0.45139854  
5_0_0      0.11081891  0.05331956  0.02322068  0.02914250  0.00000000  0.03511250  0.09114760  0.11081891  0.37136055  0.38090075  0.38090075  0.33439365  0.33439365  0.35264435  0.45139854  0.45139854  0.45139854  0.47285052  0.40036150  0.46204615  
1_0_0      0.11081891  0.04113147  0.01151850  0.01734626  0.03511250  0.00000000  0.09114760  0.07198986  0.37136055  0.38090075  0.38090075  0.35264435  0.37136055  0.37136055  0.44090321  0.44090321  0.44090321  0.46204615  0.41028889  0.45139854  
12_0_0     0.17320955  0.09764628  0.09114760  0.09764628  0.09114760  0.09114760  0.00000000  0.11749496  0.42035242  0.43055588  0.43055588  0.42035242  0.40036150  0.40036150  0.45139854  0.45139854  0.45139854  0.47285052  0.42035242  0.44090321  
4_0_0      0.15181784  0.10420304  0.08470595  0.09114760  0.11081891  0.07198986  0.11749496  0.00000000  0.39056662  0.40036150  0.40036150  0.41028889  0.41028889  0.41028889  0.46204615  0.46204615  0.46204615  0.48381635  0.50625220  0.48381635  
14_0_0     0.30784143  0.35264435  0.36194278  0.35264435  0.37136055  0.37136055  0.42035242  0.39056662  0.00000000  0.00573665  0.01734626  0.05331956  0.05331956  0.04113147  0.35264435  0.34346226  0.35264435  0.35264435  0.32543574  0.34346226  
2_0_0      0.29919998  0.36194278  0.37136055  0.36194278  0.38090075  0.38090075  0.43055588  0.40036150  0.00573665  0.00000000  0.01151850  0.05949036  0.05949036  0.04720021  0.36194278  0.35264435  0.36194278  0.36194278  0.33439365  0.35264435  
11_0_0     0.29919998  0.36194278  0.37136055  0.36194278  0.38090075  0.38090075  0.43055588  0.40036150  0.01734626  0.01151850  0.00000000  0.07198986  0.07198986  0.05949036  0.38090075  0.37136055  0.38090075  0.38090075  0.35264435  0.35264435  
13_0_0     0.32543574  0.33439365  0.34346226  0.35264435  0.33439365  0.35264435  0.42035242  0.41028889  0.05331956  0.05949036  0.07198986  0.00000000  0.02322068  0.01151850  0.41028889  0.40036150  0.41028889  0.41028889  0.34346226  0.36194278  
6_0_0      0.34346226  0.35264435  0.36194278  0.37136055  0.33439365  0.37136055  0.40036150  0.41028889  0.05331956  0.05949036  0.07198986  0.02322068  0.00000000  0.01151850  0.39056662  0.38090075  0.39056662  0.39056662  0.32543574  0.36194278  
3_0_0      0.34346226  0.35264435  0.36194278  0.37136055  0.35264435  0.37136055  0.40036150  0.41028889  0.04113147  0.04720021  0.05949036  0.01151850  0.01151850  0.00000000  0.39056662  0.38090075  0.39056662  0.39056662  0.34346226  0.36194278  
17_0_0     0.44090321  0.40036150  0.43055588  0.42035242  0.45139854  0.44090321  0.45139854  0.46204615  0.35264435  0.36194278  0.38090075  0.41028889  0.39056662  0.39056662  0.00000000  0.02322068  0.00000000  0.01151850  0.12423231  0.15887935  
19_0_0     0.44090321  0.40036150  0.43055588  0.42035242  0.45139854  0.44090321  0.45139854  0.46204615  0.34346226  0.35264435  0.37136055  0.40036150  0.38090075  0.38090075  0.02322068  0.00000000  0.02322068  0.03511250  0.15181784  0.18782516  
18_0_0     0.44090321  0.40036150  0.43055588  0.42035242  0.45139854  0.44090321  0.45139854  0.46204615  0.35264435  0.36194278  0.38090075  0.41028889  0.39056662  0.39056662  0.00000000  0.02322068  0.00000000  0.01151850  0.12423231  0.15887935  
15_0_0     0.45139854  0.42035242  0.45139854  0.44090321  0.47285052  0.46204615  0.47285052  0.48381635  0.35264435  0.36194278  0.38090075  0.41028889  0.39056662  0.39056662  0.01151850  0.03511250  0.01151850  0.00000000  0.13789546  0.17320955  
16_0_0     0.46204615  0.37136055  0.40036150  0.41028889  0.40036150  0.41028889  0.42035242  0.50625220  0.32543574  0.33439365  0.35264435  0.34346226  0.32543574  0.34346226  0.12423231  0.15181784  0.12423231  0.13789546  0.00000000  0.07832036  
20_0_0     0.42035242  0.41028889  0.44090321  0.45139854  0.46204615  0.45139854  0.44090321  0.48381635  0.34346226  0.35264435  0.35264435  0.36194278  0.36194278  0.36194278  0.15887935  0.18782516  0.15887935  0.17320955  0.07832036  0.00000000  

