20
20_0_0     0.00000000  0.20675903  0.18834644  0.18834644  0.18834644  0.19745718  0.28362470  0.26214304  0.38726583  0.40116221  0.33894354  0.29204109  0.29204109  0.29204109  0.29204109  0.29204109  0.29204109  0.28944684  0.29476881  0.32365071  
16_0_0     0.20675903  0.00000000  0.17658999  0.17658999  0.17658999  0.20331477  0.18269365  0.16577066  0.34153559  0.35384297  0.24567881  0.30917651  0.28698486  0.28698486  0.28698486  0.33253750  0.33253750  0.32956058  0.25769335  0.24387997  
10_0_0     0.18834644  0.17658999  0.00000000  0.00000000  0.00000000  0.01833808  0.13729460  0.12150484  0.37953248  0.39295778  0.35719796  0.41105857  0.41105857  0.41105857  0.41105857  0.44065897  0.44065897  0.43585956  0.26214304  0.27860772  
4_0_0      0.18834644  0.17658999  0.00000000  0.00000000  0.00000000  0.01833808  0.13729460  0.12150484  0.37953248  0.39295778  0.35719796  0.41105857  0.41105857  0.41105857  0.41105857  0.44065897  0.44065897  0.43585956  0.26214304  0.27860772  
12_0_0     0.18834644  0.17658999  0.00000000  0.00000000  0.00000000  0.01833808  0.13729460  0.12150484  0.37953248  0.39295778  0.35719796  0.41105857  0.41105857  0.41105857  0.41105857  0.44065897  0.44065897  0.43585956  0.26214304  0.27860772  
5_0_0      0.19745718  0.20331477  0.01833808  0.01833808  0.01833808  0.00000000  0.14540544  0.12932944  0.36650172  0.35384297  0.32070318  0.39696780  0.39696780  0.39696780  0.39696780  0.39696780  0.39696780  0.39295778  0.23175407  0.24759479  
11_0_0     0.28362470  0.18269365  0.13729460  0.13729460  0.13729460  0.14540544  0.00000000  0.01214074  0.32405041  0.31272378  0.30404042  0.33852872  0.36310742  0.36310742  0.36310742  0.36310742  0.36310742  0.35987708  0.20028818  0.24387997  
17_0_0     0.26214304  0.16577066  0.12150484  0.12150484  0.12150484  0.12932944  0.01214074  0.00000000  0.34761041  0.33567396  0.30404042  0.33852872  0.36310742  0.36310742  0.36310742  0.36310742  0.36310742  0.35987708  0.21860977  0.22481777  
18_0_0     0.38726583  0.34153559  0.37953248  0.37953248  0.37953248  0.36650172  0.32405041  0.34761041  0.00000000  0.00602882  0.12245391  0.21437311  0.23376845  0.23376845  0.23376845  0.25405106  0.25405106  0.25178026  0.28944684  0.43585956  
8_0_0      0.40116221  0.35384297  0.39295778  0.39295778  0.39295778  0.35384297  0.31272378  0.33567396  0.00602882  0.00000000  0.11468962  0.22396475  0.24379380  0.24379380  0.24379380  0.24379380  0.24379380  0.24165413  0.27860772  0.42109295  
19_0_0     0.33894354  0.24567881  0.35719796  0.35719796  0.35719796  0.32070318  0.30404042  0.30404042  0.12245391  0.11468962  0.00000000  0.14540544  0.12932944  0.12932944  0.12932944  0.14540544  0.14540544  0.14430345  0.23963009  0.32070318  
15_0_0     0.29204109  0.30917651  0.41105857  0.41105857  0.41105857  0.39696780  0.33852872  0.33852872  0.21437311  0.22396475  0.14540544  0.00000000  0.01833808  0.01214074  0.01833808  0.03099880  0.03099880  0.03079103  0.22985225  0.35719796  
1_0_0      0.29204109  0.28698486  0.41105857  0.41105857  0.41105857  0.39696780  0.36310742  0.36310742  0.23376845  0.24379380  0.12932944  0.01833808  0.00000000  0.00602882  0.00000000  0.02462326  0.02462326  0.02446639  0.24962841  0.33253750  
2_0_0      0.29204109  0.28698486  0.41105857  0.41105857  0.41105857  0.39696780  0.36310742  0.36310742  0.23376845  0.24379380  0.12932944  0.01214074  0.00602882  0.00000000  0.00602882  0.03099880  0.03099880  0.03079103  0.24962841  0.33253750  
3_0_0      0.29204109  0.28698486  0.41105857  0.41105857  0.41105857  0.39696780  0.36310742  0.36310742  0.23376845  0.24379380  0.12932944  0.01833808  0.00000000  0.00602882  0.00000000  0.02462326  0.02462326  0.02446639  0.24962841  0.33253750  
13_0_0     0.29204109  0.33253750  0.44065897  0.44065897  0.44065897  0.39696780  0.36310742  0.36310742  0.25405106  0.24379380  0.14540544  0.03099880  0.02462326  0.03099880  0.02462326  0.00000000  0.00000000  0.01208146  0.22985225  0.33253750  
9_0_0      0.29204109  0.33253750  0.44065897  0.44065897  0.44065897  0.39696780  0.36310742  0.36310742  0.25405106  0.24379380  0.14540544  0.03099880  0.02462326  0.03099880  0.02462326  0.00000000  0.00000000  0.01208146  0.22985225  0.33253750  
7_0_0      0.28944684  0.32956058  0.43585956  0.43585956  0.43585956  0.39295778  0.35987708  0.35987708  0.25178026  0.24165413  0.14430345  0.03079103  0.02446639  0.03079103  0.02446639  0.01208146  0.01208146  0.00000000  0.24759479  0.35384297  
14_0_0     0.29476881  0.25769335  0.26214304  0.26214304  0.26214304  0.23175407  0.20028818  0.21860977  0.28944684  0.27860772  0.23963009  0.22985225  0.24962841  0.24962841  0.24962841  0.22985225  0.22985225  0.24759479  0.00000000  0.14540544  
6_0_0      0.32365071  0.24387997  0.27860772  0.27860772  0.27860772  0.24759479  0.24387997  0.22481777  0.43585956  0.42109295  0.32070318  0.35719796  0.33253750  0.33253750  0.33253750  0.33253750  0.33253750  0.35384297  0.14540544  0.00000000  

