20
20_0_0     0.00000000  0.21583892  0.17914204  0.19711375  0.17914204  0.18803752  0.23538348  0.23538348  0.32271862  0.32271862  0.38987144  0.33786587  0.33786587  0.35031074  0.33786587  0.32894482  0.32894482  0.32894482  0.31110209  0.33464531  
16_0_0     0.21583892  0.00000000  0.22550432  0.22550432  0.22550432  0.23538348  0.22550432  0.22550432  0.31110209  0.31110209  0.36311227  0.26970263  0.29128834  0.30248538  0.29128834  0.24115475  0.24115475  0.24115475  0.27796201  0.27796201  
10_0_0     0.17914204  0.22550432  0.00000000  0.01213951  0.00000000  0.00602852  0.06429273  0.07834126  0.33464531  0.33464531  0.30248538  0.21990335  0.24911207  0.25928872  0.24911207  0.23130149  0.23130149  0.25123027  0.29978001  0.31110209  
4_0_0      0.19711375  0.22550432  0.01213951  0.00000000  0.01213951  0.01833526  0.07834126  0.09284599  0.33464531  0.33464531  0.30248538  0.21990335  0.24911207  0.25928872  0.24911207  0.21222394  0.21222394  0.23130149  0.27796201  0.31110209  
12_0_0     0.17914204  0.22550432  0.00000000  0.01213951  0.00000000  0.00602852  0.06429273  0.07834126  0.33464531  0.33464531  0.30248538  0.21990335  0.24911207  0.25928872  0.24911207  0.23130149  0.23130149  0.25123027  0.29978001  0.31110209  
5_0_0      0.18803752  0.23538348  0.00602852  0.01833526  0.00602852  0.00000000  0.05743074  0.07126177  0.32271862  0.32271862  0.29128834  0.21057664  0.23916211  0.24911207  0.23916211  0.22166088  0.22166088  0.24115475  0.28873782  0.29978001  
11_0_0     0.23538348  0.22550432  0.06429273  0.07834126  0.06429273  0.05743074  0.00000000  0.01213951  0.35949872  0.35949872  0.35031074  0.24911207  0.29128834  0.30248538  0.29128834  0.25123027  0.25123027  0.27208981  0.34689919  0.31110209  
17_0_0     0.23538348  0.22550432  0.07834126  0.09284599  0.07834126  0.07126177  0.01213951  0.00000000  0.33464531  0.33464531  0.32575833  0.24911207  0.26970263  0.28036511  0.26970263  0.25123027  0.25123027  0.27208981  0.34689919  0.31110209  
18_0_0     0.32271862  0.31110209  0.33464531  0.33464531  0.33464531  0.32271862  0.35949872  0.33464531  0.00000000  0.00000000  0.08486690  0.16060646  0.17769810  0.16907054  0.17769810  0.19711375  0.19711375  0.21583892  0.29978001  0.38581678  
8_0_0      0.32271862  0.31110209  0.33464531  0.33464531  0.33464531  0.32271862  0.35949872  0.33464531  0.00000000  0.00000000  0.08486690  0.16060646  0.17769810  0.16907054  0.17769810  0.19711375  0.19711375  0.21583892  0.29978001  0.38581678  
19_0_0     0.38987144  0.36311227  0.30248538  0.30248538  0.30248538  0.29128834  0.35031074  0.32575833  0.08486690  0.08486690  0.00000000  0.18803752  0.20637823  0.19711375  0.20637823  0.22759112  0.22759112  0.24782609  0.28036511  0.33786587  
15_0_0     0.33786587  0.26970263  0.21990335  0.21990335  0.21990335  0.21057664  0.24911207  0.24911207  0.16060646  0.16060646  0.18803752  0.00000000  0.03065032  0.03701206  0.04346571  0.05700809  0.05700809  0.07072036  0.26970263  0.40387717  
1_0_0      0.33786587  0.29128834  0.24911207  0.24911207  0.24911207  0.23916211  0.29128834  0.26970263  0.17769810  0.17769810  0.20637823  0.03065032  0.00000000  0.00602852  0.01213951  0.06381161  0.06381161  0.07773763  0.23916211  0.38987144  
2_0_0      0.35031074  0.30248538  0.25928872  0.25928872  0.25928872  0.24911207  0.30248538  0.28036511  0.16907054  0.16907054  0.19711375  0.03701206  0.00602852  0.00000000  0.00602852  0.07072036  0.07072036  0.08486690  0.24911207  0.40387717  
3_0_0      0.33786587  0.29128834  0.24911207  0.24911207  0.24911207  0.23916211  0.29128834  0.26970263  0.17769810  0.17769810  0.20637823  0.04346571  0.01213951  0.00602852  0.00000000  0.07773763  0.07773763  0.09211180  0.23916211  0.38987144  
13_0_0     0.32894482  0.24115475  0.23130149  0.21222394  0.23130149  0.22166088  0.25123027  0.25123027  0.19711375  0.19711375  0.22759112  0.05700809  0.06381161  0.07072036  0.07773763  0.00000000  0.00000000  0.01213951  0.26153830  0.36689080  
9_0_0      0.32894482  0.24115475  0.23130149  0.21222394  0.23130149  0.22166088  0.25123027  0.25123027  0.19711375  0.19711375  0.22759112  0.05700809  0.06381161  0.07072036  0.07773763  0.00000000  0.00000000  0.01213951  0.26153830  0.36689080  
7_0_0      0.32894482  0.24115475  0.25123027  0.23130149  0.25123027  0.24115475  0.27208981  0.27208981  0.21583892  0.21583892  0.24782609  0.07072036  0.07773763  0.08486690  0.09211180  0.01213951  0.01213951  0.00000000  0.26153830  0.36689080  
14_0_0     0.31110209  0.27796201  0.29978001  0.27796201  0.29978001  0.28873782  0.34689919  0.34689919  0.29978001  0.29978001  0.28036511  0.26970263  0.23916211  0.24911207  0.23916211  0.26153830  0.26153830  0.26153830  0.00000000  0.12919625  
6_0_0      0.33464531  0.27796201  0.31110209  0.31110209  0.31110209  0.29978001  0.31110209  0.31110209  0.38581678  0.38581678  0.33786587  0.40387717  0.38987144  0.40387717  0.38987144  0.36689080  0.36689080  0.36689080  0.12919625  0.00000000  

