124
14_0_0     0.00000000  0.03093604  0.10854073  0.10854073  0.22189140  0.21512109  0.20841170  0.22189140  0.24960469  0.28576082  0.18216209  0.39745660  0.43270424  0.38889903  0.47924462  0.47924462  0.49870585  0.54970451  0.62752455  0.41487215  0.46027846  0.45097328  0.47924462  0.63933564  0.61589764  0.62752455  0.61589764  0.53922189  0.51868870  0.56033661  0.53922189  0.52888462  0.59317402  0.59317402  0.54970451  0.50863033  0.39745660  0.41487215  0.46027846  0.40611353  0.33951906  0.47924462  0.46970123  0.48891174  0.46027846  0.46970123  0.46027846  0.45097328  0.48891174  0.44178281  0.35561839  0.36380032  0.38043857  0.35561839  0.34752527  0.41487215  0.38043857  0.37207304  0.34752527  0.38043857  0.40611353  0.43270424  0.38043857  0.38889903  0.46027846  0.62752455  0.63933564  0.78334604  0.72770788  0.75500810  0.53922189  0.54970451  0.52888462  0.52888462  0.66353440  0.65133685  0.62752455  0.54970451  0.54970451  0.59317402  0.60444927  0.63933564  0.66353440  0.61589764  0.59317402  0.60444927  0.60444927  0.65133685  0.66353440  0.58206675  0.62752455  0.61589764  0.62752455  0.68854496  0.58206675  0.61589764  0.65133685  0.63933564  0.65133685  0.75500810  0.67593482  0.66353440  0.67593482  0.66353440  0.63933564  0.63933564  0.54970451  0.53922189  0.52888462  0.57112252  0.56033661  0.60444927  0.59317402  0.63933564  0.60444927  0.60444927  0.62752455  0.57112252  0.56033661  0.62752455  0.61589764  0.59317402  0.60444927  0.61589764  
69_0_0     0.03093604  0.00000000  0.13228254  0.13228254  0.26385744  0.24257920  0.23561929  0.24960469  0.27838797  0.30072891  0.22189140  0.42373489  0.46027846  0.41487215  0.48891174  0.52888462  0.52888462  0.56033661  0.63933564  0.42373489  0.46970123  0.46027846  0.50863033  0.67593482  0.65133685  0.61589764  0.65133685  0.57112252  0.54970451  0.57112252  0.54970451  0.56033661  0.62752455  0.62752455  0.58206675  0.53922189  0.38889903  0.42373489  0.47924462  0.41487215  0.36380032  0.47924462  0.46970123  0.47924462  0.45097328  0.48891174  0.44178281  0.45097328  0.46970123  0.42373489  0.35561839  0.36380032  0.38043857  0.35561839  0.34752527  0.41487215  0.36380032  0.37207304  0.34752527  0.38043857  0.38889903  0.41487215  0.41487215  0.42373489  0.47924462  0.60444927  0.63933564  0.72770788  0.67593482  0.70137206  0.53922189  0.51868870  0.51868870  0.51868870  0.66353440  0.67593482  0.65133685  0.57112252  0.57112252  0.63933564  0.65133685  0.68854496  0.68854496  0.63933564  0.59317402  0.65133685  0.65133685  0.70137206  0.61589764  0.58206675  0.63933564  0.62752455  0.63933564  0.67593482  0.60444927  0.58206675  0.61589764  0.62752455  0.65133685  0.72770788  0.60444927  0.61589764  0.62752455  0.68854496  0.65133685  0.65133685  0.57112252  0.58206675  0.54970451  0.59317402  0.58206675  0.62752455  0.61589764  0.65133685  0.62752455  0.62752455  0.63933564  0.59317402  0.58206675  0.63933564  0.62752455  0.58206675  0.59317402  0.62752455  
25_0_0     0.10854073  0.13228254  0.00000000  0.02569007  0.26385744  0.27108731  0.26385744  0.27108731  0.30832717  0.34752527  0.22189140  0.39745660  0.42373489  0.38889903  0.44178281  0.37207304  0.38889903  0.58206675  0.58206675  0.38043857  0.48891174  0.48891174  0.49870585  0.61589764  0.61589764  0.63933564  0.62752455  0.51868870  0.47924462  0.56033661  0.53922189  0.56033661  0.56033661  0.56033661  0.51868870  0.50863033  0.38889903  0.46970123  0.51868870  0.41487215  0.34752527  0.52888462  0.51868870  0.50863033  0.49870585  0.46970123  0.45097328  0.44178281  0.47924462  0.42373489  0.36380032  0.32376001  0.35561839  0.34752527  0.33951906  0.43270424  0.37207304  0.37207304  0.34752527  0.35561839  0.38043857  0.38889903  0.38043857  0.38889903  0.49870585  0.59317402  0.62752455  0.79792941  0.76904245  0.76904245  0.48891174  0.50863033  0.49870585  0.49870585  0.62752455  0.61589764  0.59317402  0.53922189  0.53922189  0.58206675  0.58206675  0.61589764  0.66353440  0.63933564  0.63933564  0.58206675  0.58206675  0.62752455  0.65133685  0.57112252  0.61589764  0.60444927  0.74123305  0.74123305  0.61589764  0.62752455  0.66353440  0.65133685  0.58206675  0.72770788  0.72770788  0.71442370  0.70137206  0.67593482  0.66353440  0.66353440  0.58206675  0.57112252  0.54970451  0.60444927  0.58206675  0.62752455  0.61589764  0.70137206  0.66353440  0.66353440  0.71442370  0.61589764  0.60444927  0.60444927  0.60444927  0.58206675  0.59317402  0.61589764  
5_0_0      0.10854073  0.13228254  0.02569007  0.00000000  0.25669701  0.27838797  0.27108731  0.27108731  0.30072891  0.33159790  0.20176215  0.40611353  0.41487215  0.38043857  0.43270424  0.38043857  0.39745660  0.57112252  0.57112252  0.38043857  0.48891174  0.48891174  0.51868870  0.60444927  0.60444927  0.65133685  0.60444927  0.50863033  0.47924462  0.53922189  0.53922189  0.54970451  0.57112252  0.57112252  0.48891174  0.49870585  0.36380032  0.45097328  0.49870585  0.39745660  0.33159790  0.52888462  0.49870585  0.48891174  0.46027846  0.42373489  0.46970123  0.46027846  0.46970123  0.38889903  0.35561839  0.31600366  0.34752527  0.33951906  0.33159790  0.42373489  0.34752527  0.35561839  0.36380032  0.34752527  0.37207304  0.40611353  0.39745660  0.40611353  0.48891174  0.59317402  0.62752455  0.81280372  0.75500810  0.78334604  0.52888462  0.52888462  0.51868870  0.51868870  0.62752455  0.60444927  0.58206675  0.54970451  0.54970451  0.57112252  0.54970451  0.60444927  0.67593482  0.65133685  0.62752455  0.57112252  0.57112252  0.63933564  0.61589764  0.56033661  0.61589764  0.60444927  0.71442370  0.76904245  0.59317402  0.63933564  0.67593482  0.66353440  0.57112252  0.71442370  0.72770788  0.71442370  0.70137206  0.67593482  0.63933564  0.63933564  0.58206675  0.57112252  0.53922189  0.58206675  0.57112252  0.61589764  0.60444927  0.71442370  0.67593482  0.67593482  0.72770788  0.60444927  0.59317402  0.60444927  0.60444927  0.61589764  0.62752455  0.61589764  
47_0_0     0.22189140  0.26385744  0.26385744  0.25669701  0.00000000  0.15680528  0.15059856  0.15059856  0.12627583  0.14444309  0.13228254  0.38889903  0.42373489  0.38889903  0.44178281  0.39745660  0.41487215  0.52888462  0.50863033  0.30832717  0.31600366  0.36380032  0.35561839  0.53922189  0.54970451  0.56033661  0.57112252  0.46027846  0.43270424  0.45097328  0.47924462  0.49870585  0.46027846  0.46027846  0.42373489  0.43270424  0.35561839  0.41487215  0.43270424  0.41487215  0.35561839  0.54970451  0.52888462  0.51868870  0.49870585  0.45097328  0.47924462  0.48891174  0.48891174  0.44178281  0.37207304  0.35561839  0.38889903  0.34752527  0.33951906  0.41487215  0.38889903  0.40611353  0.39745660  0.33951906  0.40611353  0.43270424  0.35561839  0.40611353  0.40611353  0.53922189  0.52888462  0.63933564  0.65133685  0.66353440  0.52888462  0.53922189  0.54970451  0.52888462  0.56033661  0.53922189  0.61589764  0.47924462  0.48891174  0.53922189  0.56033661  0.54970451  0.57112252  0.57112252  0.52888462  0.56033661  0.54970451  0.61589764  0.70137206  0.59317402  0.57112252  0.56033661  0.74123305  0.75500810  0.56033661  0.70137206  0.67593482  0.66353440  0.65133685  0.67593482  0.66353440  0.66353440  0.67593482  0.58206675  0.56033661  0.56033661  0.47924462  0.46970123  0.54970451  0.57112252  0.59317402  0.62752455  0.61589764  0.63933564  0.65133685  0.65133685  0.59317402  0.54970451  0.56033661  0.60444927  0.60444927  0.61589764  0.60444927  0.58206675  
30_0_0     0.21512109  0.24257920  0.27108731  0.27838797  0.15680528  0.00000000  0.00506769  0.00506769  0.12031714  0.20176215  0.14444309  0.36380032  0.40611353  0.36380032  0.39745660  0.46027846  0.46027846  0.49870585  0.58206675  0.32376001  0.34752527  0.36380032  0.32376001  0.56033661  0.57112252  0.52888462  0.59317402  0.52888462  0.45097328  0.46027846  0.44178281  0.42373489  0.46027846  0.46027846  0.41487215  0.41487215  0.38043857  0.40611353  0.44178281  0.39745660  0.31600366  0.57112252  0.60444927  0.49870585  0.50863033  0.46970123  0.47924462  0.48891174  0.50863033  0.46027846  0.34752527  0.34752527  0.39745660  0.35561839  0.34752527  0.39745660  0.38889903  0.38889903  0.33951906  0.34752527  0.38889903  0.43270424  0.30832717  0.35561839  0.39745660  0.58206675  0.58206675  0.58206675  0.59317402  0.60444927  0.52888462  0.54970451  0.51868870  0.53922189  0.54970451  0.58206675  0.54970451  0.50863033  0.51868870  0.56033661  0.61589764  0.61589764  0.54970451  0.54970451  0.50863033  0.53922189  0.52888462  0.56033661  0.61589764  0.65133685  0.57112252  0.56033661  0.63933564  0.62752455  0.51868870  0.66353440  0.66353440  0.67593482  0.66353440  0.66353440  0.62752455  0.62752455  0.66353440  0.66353440  0.65133685  0.65133685  0.53922189  0.52888462  0.63933564  0.63933564  0.58206675  0.65133685  0.63933564  0.63933564  0.62752455  0.62752455  0.61589764  0.57112252  0.53922189  0.68854496  0.65133685  0.58206675  0.59317402  0.60444927  
30_1_0     0.20841170  0.23561929  0.26385744  0.27108731  0.15059856  0.00506769  0.00000000  0.01017006  0.12627583  0.19517138  0.13833802  0.35561839  0.39745660  0.35561839  0.38889903  0.45097328  0.45097328  0.50863033  0.57112252  0.31600366  0.33951906  0.35561839  0.31600366  0.57112252  0.58206675  0.53922189  0.60444927  0.53922189  0.44178281  0.45097328  0.43270424  0.41487215  0.45097328  0.45097328  0.40611353  0.40611353  0.37207304  0.39745660  0.43270424  0.38889903  0.30832717  0.56033661  0.59317402  0.48891174  0.49870585  0.46027846  0.48891174  0.47924462  0.49870585  0.45097328  0.33951906  0.33951906  0.38889903  0.34752527  0.33951906  0.38889903  0.38043857  0.38043857  0.33159790  0.33951906  0.38043857  0.42373489  0.31600366  0.36380032  0.39745660  0.59317402  0.59317402  0.59317402  0.60444927  0.61589764  0.52888462  0.54970451  0.51868870  0.53922189  0.56033661  0.57112252  0.56033661  0.49870585  0.50863033  0.54970451  0.60444927  0.62752455  0.56033661  0.56033661  0.51868870  0.54970451  0.53922189  0.57112252  0.62752455  0.63933564  0.58206675  0.54970451  0.65133685  0.63933564  0.50863033  0.65133685  0.65133685  0.66353440  0.65133685  0.67593482  0.61589764  0.61589764  0.65133685  0.67593482  0.66353440  0.66353440  0.52888462  0.51868870  0.62752455  0.62752455  0.57112252  0.66353440  0.65133685  0.65133685  0.63933564  0.63933564  0.62752455  0.56033661  0.54970451  0.67593482  0.63933564  0.57112252  0.58206675  0.59317402  
63_0_0     0.22189140  0.24960469  0.27108731  0.27108731  0.15059856  0.00506769  0.01017006  0.00000000  0.11440568  0.19517138  0.13833802  0.35561839  0.39745660  0.35561839  0.40611353  0.46970123  0.46970123  0.50863033  0.59317402  0.33159790  0.35561839  0.37207304  0.33159790  0.54970451  0.56033661  0.51868870  0.60444927  0.51868870  0.46027846  0.46970123  0.45097328  0.43270424  0.46027846  0.46027846  0.40611353  0.40611353  0.37207304  0.41487215  0.45097328  0.40611353  0.32376001  0.58206675  0.61589764  0.50863033  0.51868870  0.46027846  0.48891174  0.49870585  0.49870585  0.46970123  0.33951906  0.33951906  0.38889903  0.34752527  0.33951906  0.40611353  0.38043857  0.39745660  0.34752527  0.33951906  0.38043857  0.42373489  0.31600366  0.36380032  0.38889903  0.57112252  0.57112252  0.59317402  0.60444927  0.61589764  0.53922189  0.56033661  0.52888462  0.54970451  0.53922189  0.57112252  0.53922189  0.49870585  0.50863033  0.54970451  0.60444927  0.60444927  0.53922189  0.53922189  0.49870585  0.52888462  0.51868870  0.54970451  0.60444927  0.63933564  0.58206675  0.57112252  0.65133685  0.63933564  0.52888462  0.65133685  0.65133685  0.66353440  0.65133685  0.65133685  0.63933564  0.63933564  0.67593482  0.65133685  0.63933564  0.63933564  0.52888462  0.51868870  0.65133685  0.62752455  0.59317402  0.66353440  0.65133685  0.65133685  0.63933564  0.63933564  0.62752455  0.58206675  0.54970451  0.67593482  0.66353440  0.59317402  0.60444927  0.59317402  
29_0_0     0.24960469  0.27838797  0.30832717  0.30072891  0.12627583  0.12031714  0.12627583  0.11440568  0.00000000  0.10272155  0.14444309  0.39745660  0.40611353  0.38889903  0.46027846  0.45097328  0.46970123  0.49870585  0.54970451  0.32376001  0.38043857  0.41487215  0.39745660  0.57112252  0.58206675  0.51868870  0.59317402  0.48891174  0.45097328  0.46027846  0.49870585  0.49870585  0.51868870  0.51868870  0.42373489  0.44178281  0.41487215  0.43270424  0.46027846  0.42373489  0.34752527  0.61589764  0.62752455  0.56033661  0.57112252  0.52888462  0.54970451  0.56033661  0.50863033  0.47924462  0.38043857  0.38889903  0.40611353  0.38043857  0.38889903  0.43270424  0.41487215  0.43270424  0.41487215  0.37207304  0.46027846  0.45097328  0.35561839  0.38889903  0.38889903  0.58206675  0.57112252  0.66353440  0.63933564  0.66353440  0.48891174  0.52888462  0.53922189  0.51868870  0.49870585  0.53922189  0.58206675  0.50863033  0.47924462  0.54970451  0.58206675  0.53922189  0.54970451  0.52888462  0.46970123  0.52888462  0.51868870  0.57112252  0.63933564  0.58206675  0.59317402  0.60444927  0.74123305  0.74123305  0.56033661  0.71442370  0.68854496  0.70137206  0.70137206  0.70137206  0.63933564  0.63933564  0.67593482  0.65133685  0.65133685  0.65133685  0.49870585  0.50863033  0.61589764  0.59317402  0.62752455  0.63933564  0.62752455  0.61589764  0.65133685  0.65133685  0.61589764  0.63933564  0.60444927  0.63933564  0.59317402  0.58206675  0.57112252  0.54970451  
23_0_0     0.28576082  0.30072891  0.34752527  0.33159790  0.14444309  0.20176215  0.19517138  0.19517138  0.10272155  0.00000000  0.16937589  0.37207304  0.39745660  0.38043857  0.43270424  0.42373489  0.44178281  0.48891174  0.50863033  0.33159790  0.33951906  0.38889903  0.37207304  0.60444927  0.61589764  0.58206675  0.60444927  0.54970451  0.45097328  0.46027846  0.50863033  0.52888462  0.51868870  0.51868870  0.46970123  0.46970123  0.40611353  0.40611353  0.43270424  0.46027846  0.38043857  0.60444927  0.58206675  0.54970451  0.52888462  0.51868870  0.53922189  0.54970451  0.47924462  0.47924462  0.38889903  0.41487215  0.41487215  0.40611353  0.41487215  0.46027846  0.46027846  0.46027846  0.44178281  0.39745660  0.46970123  0.46027846  0.39745660  0.42373489  0.38889903  0.60444927  0.61589764  0.67593482  0.65133685  0.67593482  0.53922189  0.62752455  0.63933564  0.61589764  0.51868870  0.50863033  0.58206675  0.50863033  0.51868870  0.56033661  0.58206675  0.57112252  0.56033661  0.53922189  0.48891174  0.54970451  0.53922189  0.60444927  0.61589764  0.60444927  0.65133685  0.61589764  0.67593482  0.71442370  0.57112252  0.71442370  0.68854496  0.70137206  0.68854496  0.74123305  0.60444927  0.60444927  0.63933564  0.58206675  0.56033661  0.56033661  0.45097328  0.47924462  0.56033661  0.53922189  0.59317402  0.62752455  0.61589764  0.66353440  0.67593482  0.67593482  0.63933564  0.70137206  0.71442370  0.67593482  0.66353440  0.68854496  0.67593482  0.56033661  
59_0_0     0.18216209  0.22189140  0.22189140  0.20176215  0.13228254  0.14444309  0.13833802  0.13833802  0.14444309  0.16937589  0.00000000  0.33159790  0.36380032  0.32376001  0.46027846  0.41487215  0.43270424  0.52888462  0.53922189  0.31600366  0.33951906  0.38043857  0.38043857  0.47924462  0.48891174  0.49870585  0.51868870  0.40611353  0.39745660  0.40611353  0.44178281  0.45097328  0.44178281  0.44178281  0.38889903  0.38889903  0.38043857  0.42373489  0.47924462  0.41487215  0.31600366  0.58206675  0.52888462  0.52888462  0.47924462  0.45097328  0.52888462  0.51868870  0.50863033  0.46027846  0.33159790  0.33159790  0.36380032  0.33951906  0.33159790  0.40611353  0.37207304  0.38889903  0.35561839  0.33159790  0.40611353  0.46027846  0.34752527  0.38043857  0.37207304  0.56033661  0.59317402  0.63933564  0.61589764  0.63933564  0.51868870  0.52888462  0.53922189  0.51868870  0.54970451  0.52888462  0.56033661  0.49870585  0.50863033  0.50863033  0.48891174  0.58206675  0.52888462  0.50863033  0.45097328  0.51868870  0.51868870  0.54970451  0.59317402  0.56033661  0.50863033  0.47924462  0.63933564  0.63933564  0.49870585  0.63933564  0.62752455  0.61589764  0.60444927  0.72770788  0.62752455  0.62752455  0.66353440  0.59317402  0.56033661  0.56033661  0.51868870  0.50863033  0.56033661  0.53922189  0.54970451  0.58206675  0.57112252  0.63933564  0.62752455  0.62752455  0.59317402  0.57112252  0.56033661  0.60444927  0.60444927  0.63933564  0.62752455  0.56033661  
4_0_0      0.39745660  0.42373489  0.39745660  0.40611353  0.38889903  0.36380032  0.35561839  0.35561839  0.39745660  0.37207304  0.33159790  0.00000000  0.09121770  0.04689911  0.17574158  0.20841170  0.22189140  0.31600366  0.35561839  0.21512109  0.32376001  0.33159790  0.33951906  0.46027846  0.48891174  0.48891174  0.49870585  0.43270424  0.46027846  0.44178281  0.42373489  0.43270424  0.49870585  0.49870585  0.43270424  0.35561839  0.43270424  0.40611353  0.42373489  0.47924462  0.45097328  0.50863033  0.53922189  0.54970451  0.53922189  0.54970451  0.54970451  0.53922189  0.54970451  0.49870585  0.37207304  0.40611353  0.43270424  0.39745660  0.39745660  0.46027846  0.42373489  0.42373489  0.40611353  0.37207304  0.43270424  0.46970123  0.38889903  0.38889903  0.35561839  0.52888462  0.57112252  0.60444927  0.60444927  0.58206675  0.45097328  0.46970123  0.45097328  0.45097328  0.53922189  0.49870585  0.49870585  0.46970123  0.47924462  0.54970451  0.51868870  0.51868870  0.54970451  0.49870585  0.51868870  0.53922189  0.52888462  0.51868870  0.56033661  0.51868870  0.63933564  0.60444927  0.58206675  0.57112252  0.46970123  0.59317402  0.59317402  0.60444927  0.65133685  0.75500810  0.62752455  0.60444927  0.60444927  0.50863033  0.56033661  0.56033661  0.48891174  0.48891174  0.60444927  0.58206675  0.56033661  0.62752455  0.59317402  0.68854496  0.74123305  0.74123305  0.65133685  0.62752455  0.63933564  0.66353440  0.66353440  0.65133685  0.65133685  0.47924462  
45_0_0     0.43270424  0.46027846  0.42373489  0.41487215  0.42373489  0.40611353  0.39745660  0.39745660  0.40611353  0.39745660  0.36380032  0.09121770  0.00000000  0.04154002  0.20841170  0.22189140  0.22189140  0.27838797  0.31600366  0.21512109  0.33951906  0.35561839  0.36380032  0.49870585  0.52888462  0.50863033  0.51868870  0.44178281  0.44178281  0.44178281  0.45097328  0.38043857  0.47924462  0.47924462  0.42373489  0.38889903  0.47924462  0.42373489  0.46027846  0.50863033  0.45097328  0.53922189  0.54970451  0.56033661  0.52888462  0.56033661  0.56033661  0.52888462  0.53922189  0.51868870  0.42373489  0.44178281  0.45097328  0.41487215  0.41487215  0.47924462  0.40611353  0.40611353  0.44178281  0.40611353  0.46970123  0.46970123  0.38043857  0.39745660  0.42373489  0.57112252  0.56033661  0.59317402  0.57112252  0.57112252  0.47924462  0.46027846  0.43270424  0.44178281  0.52888462  0.50863033  0.50863033  0.53922189  0.52888462  0.54970451  0.56033661  0.58206675  0.52888462  0.51868870  0.53922189  0.54970451  0.54970451  0.49870585  0.53922189  0.51868870  0.70137206  0.66353440  0.63933564  0.62752455  0.53922189  0.61589764  0.61589764  0.62752455  0.65133685  0.79792941  0.71442370  0.68854496  0.71442370  0.57112252  0.59317402  0.59317402  0.53922189  0.53922189  0.61589764  0.61589764  0.58206675  0.63933564  0.60444927  0.68854496  0.74123305  0.74123305  0.70137206  0.63933564  0.62752455  0.62752455  0.66353440  0.63933564  0.62752455  0.51868870  
19_0_0     0.38889903  0.41487215  0.38889903  0.38043857  0.38889903  0.36380032  0.35561839  0.35561839  0.38889903  0.38043857  0.32376001  0.04689911  0.04154002  0.00000000  0.18216209  0.20176215  0.20176215  0.30832717  0.34752527  0.20176215  0.33159790  0.33951906  0.34752527  0.47924462  0.50863033  0.50863033  0.49870585  0.42373489  0.41487215  0.43270424  0.43270424  0.37207304  0.46970123  0.46970123  0.41487215  0.36380032  0.45097328  0.38043857  0.41487215  0.47924462  0.42373489  0.50863033  0.51868870  0.54970451  0.51868870  0.54970451  0.50863033  0.51868870  0.54970451  0.47924462  0.38889903  0.42373489  0.41487215  0.39745660  0.39745660  0.46027846  0.38889903  0.38889903  0.40611353  0.37207304  0.41487215  0.43270424  0.37207304  0.37207304  0.38889903  0.52888462  0.52888462  0.54970451  0.52888462  0.52888462  0.45097328  0.45097328  0.41487215  0.43270424  0.52888462  0.47924462  0.47924462  0.48891174  0.47924462  0.49870585  0.50863033  0.52888462  0.51868870  0.48891174  0.50863033  0.51868870  0.51868870  0.46970123  0.50863033  0.46970123  0.66353440  0.62752455  0.60444927  0.59317402  0.49870585  0.58206675  0.58206675  0.59317402  0.61589764  0.74123305  0.65133685  0.62752455  0.65133685  0.51868870  0.54970451  0.54970451  0.49870585  0.49870585  0.60444927  0.62752455  0.56033661  0.62752455  0.59317402  0.70137206  0.75500810  0.75500810  0.68854496  0.63933564  0.62752455  0.63933564  0.65133685  0.63933564  0.63933564  0.48891174  
70_0_0     0.47924462  0.48891174  0.44178281  0.43270424  0.44178281  0.39745660  0.38889903  0.40611353  0.46027846  0.43270424  0.46027846  0.17574158  0.20841170  0.18216209  0.00000000  0.12627583  0.12627583  0.27838797  0.30832717  0.22189140  0.34752527  0.35561839  0.33159790  0.53922189  0.54970451  0.57112252  0.51868870  0.42373489  0.39745660  0.42373489  0.40611353  0.39745660  0.48891174  0.48891174  0.38889903  0.38889903  0.49870585  0.41487215  0.45097328  0.45097328  0.46027846  0.49870585  0.51868870  0.46027846  0.46027846  0.47924462  0.46027846  0.43270424  0.45097328  0.42373489  0.39745660  0.41487215  0.44178281  0.38889903  0.38889903  0.43270424  0.44178281  0.44178281  0.39745660  0.40611353  0.45097328  0.41487215  0.43270424  0.43270424  0.44178281  0.48891174  0.51868870  0.49870585  0.53922189  0.51868870  0.46970123  0.46970123  0.46970123  0.46970123  0.60444927  0.54970451  0.57112252  0.57112252  0.56033661  0.59317402  0.67593482  0.62752455  0.57112252  0.54970451  0.56033661  0.52888462  0.51868870  0.57112252  0.58206675  0.59317402  0.71442370  0.67593482  0.65133685  0.62752455  0.53922189  0.66353440  0.67593482  0.68854496  0.67593482  0.68854496  0.61589764  0.61589764  0.60444927  0.63933564  0.61589764  0.61589764  0.49870585  0.49870585  0.62752455  0.62752455  0.63933564  0.70137206  0.66353440  0.72770788  0.75500810  0.75500810  0.74123305  0.58206675  0.59317402  0.61589764  0.65133685  0.60444927  0.60444927  0.57112252  
31_0_0     0.47924462  0.52888462  0.37207304  0.38043857  0.39745660  0.46027846  0.45097328  0.46970123  0.45097328  0.42373489  0.41487215  0.20841170  0.22189140  0.20176215  0.12627583  0.00000000  0.01017006  0.34752527  0.35561839  0.22872375  0.36380032  0.37207304  0.34752527  0.54970451  0.53922189  0.58206675  0.50863033  0.43270424  0.37207304  0.43270424  0.46970123  0.46027846  0.47924462  0.47924462  0.39745660  0.39745660  0.48891174  0.46027846  0.49870585  0.46970123  0.41487215  0.60444927  0.60444927  0.61589764  0.59317402  0.58206675  0.58206675  0.54970451  0.52888462  0.49870585  0.47924462  0.46970123  0.51868870  0.46027846  0.46027846  0.48891174  0.47924462  0.46027846  0.46970123  0.44178281  0.48891174  0.46970123  0.44178281  0.43270424  0.46027846  0.50863033  0.56033661  0.58206675  0.58206675  0.56033661  0.43270424  0.43270424  0.43270424  0.41487215  0.57112252  0.56033661  0.56033661  0.56033661  0.54970451  0.49870585  0.58206675  0.54970451  0.60444927  0.58206675  0.59317402  0.51868870  0.50863033  0.56033661  0.63933564  0.53922189  0.63933564  0.62752455  0.68854496  0.67593482  0.52888462  0.65133685  0.63933564  0.62752455  0.56033661  0.66353440  0.60444927  0.60444927  0.61589764  0.61589764  0.59317402  0.59317402  0.52888462  0.50863033  0.53922189  0.56033661  0.54970451  0.56033661  0.53922189  0.70137206  0.75500810  0.75500810  0.71442370  0.63933564  0.65133685  0.57112252  0.58206675  0.62752455  0.60444927  0.56033661  
15_0_0     0.49870585  0.52888462  0.38889903  0.39745660  0.41487215  0.46027846  0.45097328  0.46970123  0.46970123  0.44178281  0.43270424  0.22189140  0.22189140  0.20176215  0.12627583  0.01017006  0.00000000  0.33159790  0.33951906  0.23561929  0.36380032  0.38889903  0.34752527  0.57112252  0.56033661  0.60444927  0.52888462  0.43270424  0.37207304  0.43270424  0.46970123  0.46027846  0.46027846  0.46027846  0.38889903  0.38889903  0.48891174  0.44178281  0.47924462  0.45097328  0.39745660  0.62752455  0.62752455  0.61589764  0.59317402  0.60444927  0.56033661  0.54970451  0.52888462  0.49870585  0.49870585  0.46970123  0.51868870  0.46027846  0.46027846  0.48891174  0.46027846  0.46027846  0.46970123  0.44178281  0.46970123  0.45097328  0.44178281  0.45097328  0.46970123  0.52888462  0.56033661  0.56033661  0.56033661  0.53922189  0.45097328  0.43270424  0.43270424  0.43270424  0.59317402  0.58206675  0.56033661  0.56033661  0.54970451  0.49870585  0.60444927  0.57112252  0.60444927  0.58206675  0.59317402  0.53922189  0.52888462  0.56033661  0.61589764  0.56033661  0.63933564  0.62752455  0.70137206  0.66353440  0.52888462  0.65133685  0.63933564  0.62752455  0.57112252  0.65133685  0.60444927  0.62752455  0.63933564  0.63933564  0.60444927  0.60444927  0.54970451  0.52888462  0.51868870  0.56033661  0.52888462  0.53922189  0.51868870  0.70137206  0.75500810  0.75500810  0.71442370  0.62752455  0.63933564  0.56033661  0.59317402  0.61589764  0.59317402  0.56033661  
9_0_0      0.54970451  0.56033661  0.58206675  0.57112252  0.52888462  0.49870585  0.50863033  0.50863033  0.49870585  0.48891174  0.52888462  0.31600366  0.27838797  0.30832717  0.27838797  0.34752527  0.33159790  0.00000000  0.10272155  0.27108731  0.41487215  0.41487215  0.41487215  0.62752455  0.61589764  0.58206675  0.61589764  0.54970451  0.44178281  0.49870585  0.50863033  0.44178281  0.56033661  0.56033661  0.46970123  0.43270424  0.54970451  0.45097328  0.46027846  0.48891174  0.49870585  0.62752455  0.68854496  0.60444927  0.59317402  0.58206675  0.51868870  0.51868870  0.54970451  0.53922189  0.50863033  0.49870585  0.51868870  0.50863033  0.50863033  0.52888462  0.48891174  0.48891174  0.49870585  0.49870585  0.53922189  0.51868870  0.44178281  0.46970123  0.48891174  0.58206675  0.62752455  0.59317402  0.57112252  0.59317402  0.51868870  0.53922189  0.53922189  0.53922189  0.65133685  0.67593482  0.59317402  0.57112252  0.56033661  0.70137206  0.63933564  0.66353440  0.53922189  0.51868870  0.53922189  0.56033661  0.54970451  0.53922189  0.57112252  0.60444927  0.78334604  0.76904245  0.75500810  0.68854496  0.59317402  0.75500810  0.75500810  0.74123305  0.74123305  0.75500810  0.72770788  0.74123305  0.75500810  0.56033661  0.59317402  0.59317402  0.54970451  0.54970451  0.76904245  0.74123305  0.71442370  0.71442370  0.70137206  0.68854496  0.71442370  0.71442370  0.70137206  0.68854496  0.67593482  0.75500810  0.75500810  0.74123305  0.71442370  0.58206675  
64_0_0     0.62752455  0.63933564  0.58206675  0.57112252  0.50863033  0.58206675  0.57112252  0.59317402  0.54970451  0.50863033  0.53922189  0.35561839  0.31600366  0.34752527  0.30832717  0.35561839  0.33951906  0.10272155  0.00000000  0.27108731  0.42373489  0.42373489  0.40611353  0.63933564  0.62752455  0.61589764  0.62752455  0.49870585  0.44178281  0.46970123  0.49870585  0.46027846  0.48891174  0.48891174  0.45097328  0.39745660  0.62752455  0.52888462  0.48891174  0.50863033  0.48891174  0.62752455  0.61589764  0.54970451  0.56033661  0.56033661  0.51868870  0.49870585  0.61589764  0.56033661  0.51868870  0.46027846  0.48891174  0.49870585  0.49870585  0.52888462  0.53922189  0.53922189  0.49870585  0.50863033  0.48891174  0.51868870  0.49870585  0.51868870  0.51868870  0.61589764  0.66353440  0.60444927  0.60444927  0.60444927  0.48891174  0.50863033  0.50863033  0.50863033  0.68854496  0.58206675  0.60444927  0.56033661  0.52888462  0.67593482  0.59317402  0.65133685  0.59317402  0.58206675  0.60444927  0.59317402  0.58206675  0.59317402  0.61589764  0.58206675  0.78334604  0.74123305  0.76904245  0.75500810  0.54970451  0.75500810  0.82798082  0.81280372  0.70137206  0.71442370  0.75500810  0.74123305  0.70137206  0.58206675  0.60444927  0.60444927  0.59317402  0.59317402  0.70137206  0.72770788  0.70137206  0.71442370  0.68854496  0.68854496  0.68854496  0.68854496  0.75500810  0.61589764  0.65133685  0.66353440  0.70137206  0.70137206  0.67593482  0.59317402  
37_0_0     0.41487215  0.42373489  0.38043857  0.38043857  0.30832717  0.32376001  0.31600366  0.33159790  0.32376001  0.33159790  0.31600366  0.21512109  0.21512109  0.20176215  0.22189140  0.22872375  0.23561929  0.27108731  0.27108731  0.00000000  0.24960469  0.23561929  0.24257920  0.46970123  0.48891174  0.46970123  0.44178281  0.38043857  0.31600366  0.32376001  0.33951906  0.31600366  0.43270424  0.43270424  0.30832717  0.30072891  0.37207304  0.35561839  0.34752527  0.34752527  0.32376001  0.46027846  0.46970123  0.48891174  0.49870585  0.47924462  0.47924462  0.49870585  0.48891174  0.42373489  0.36380032  0.33159790  0.36380032  0.31600366  0.31600366  0.37207304  0.33951906  0.32376001  0.35561839  0.31600366  0.38043857  0.41487215  0.30832717  0.30832717  0.38889903  0.49870585  0.51868870  0.58206675  0.56033661  0.56033661  0.38889903  0.43270424  0.41487215  0.41487215  0.54970451  0.52888462  0.57112252  0.51868870  0.50863033  0.52888462  0.54970451  0.52888462  0.53922189  0.52888462  0.52888462  0.54970451  0.53922189  0.51868870  0.61589764  0.51868870  0.63933564  0.60444927  0.62752455  0.58206675  0.48891174  0.63933564  0.62752455  0.63933564  0.61589764  0.62752455  0.68854496  0.66353440  0.62752455  0.57112252  0.59317402  0.59317402  0.47924462  0.47924462  0.52888462  0.50863033  0.50863033  0.54970451  0.51868870  0.59317402  0.62752455  0.62752455  0.58206675  0.56033661  0.57112252  0.60444927  0.56033661  0.58206675  0.57112252  0.46970123  
50_0_0     0.46027846  0.46970123  0.48891174  0.48891174  0.31600366  0.34752527  0.33951906  0.35561839  0.38043857  0.33951906  0.33951906  0.32376001  0.33951906  0.33159790  0.34752527  0.36380032  0.36380032  0.41487215  0.42373489  0.24960469  0.00000000  0.09121770  0.10272155  0.46970123  0.46970123  0.45097328  0.44178281  0.39745660  0.36380032  0.31600366  0.31600366  0.33951906  0.34752527  0.34752527  0.31600366  0.29320730  0.40611353  0.44178281  0.42373489  0.43270424  0.33951906  0.48891174  0.49870585  0.44178281  0.43270424  0.46970123  0.53922189  0.52888462  0.44178281  0.48891174  0.34752527  0.37207304  0.43270424  0.36380032  0.36380032  0.44178281  0.41487215  0.41487215  0.38889903  0.38043857  0.46027846  0.46970123  0.32376001  0.37207304  0.45097328  0.56033661  0.62752455  0.54970451  0.53922189  0.53922189  0.47924462  0.46970123  0.48891174  0.46970123  0.63933564  0.58206675  0.65133685  0.50863033  0.56033661  0.58206675  0.61589764  0.57112252  0.59317402  0.54970451  0.57112252  0.61589764  0.60444927  0.61589764  0.61589764  0.62752455  0.59317402  0.56033661  0.75500810  0.71442370  0.58206675  0.66353440  0.62752455  0.61589764  0.63933564  0.63933564  0.66353440  0.68854496  0.66353440  0.54970451  0.52888462  0.52888462  0.42373489  0.44178281  0.61589764  0.58206675  0.66353440  0.70137206  0.66353440  0.60444927  0.59317402  0.59317402  0.60444927  0.60444927  0.61589764  0.65133685  0.65133685  0.62752455  0.61589764  0.58206675  
16_0_0     0.45097328  0.46027846  0.48891174  0.48891174  0.36380032  0.36380032  0.35561839  0.37207304  0.41487215  0.38889903  0.38043857  0.33159790  0.35561839  0.33951906  0.35561839  0.37207304  0.38889903  0.41487215  0.42373489  0.23561929  0.09121770  0.00000000  0.06321144  0.48891174  0.46970123  0.46970123  0.46027846  0.41487215  0.33951906  0.32376001  0.33951906  0.32376001  0.38043857  0.38043857  0.29320730  0.30072891  0.41487215  0.38889903  0.38889903  0.39745660  0.32376001  0.49870585  0.50863033  0.46970123  0.46027846  0.46970123  0.56033661  0.54970451  0.48891174  0.50863033  0.30072891  0.32376001  0.35561839  0.29320730  0.29320730  0.36380032  0.37207304  0.35561839  0.30072891  0.32376001  0.44178281  0.46970123  0.33951906  0.37207304  0.46970123  0.51868870  0.63933564  0.54970451  0.52888462  0.52888462  0.45097328  0.49870585  0.49870585  0.47924462  0.66353440  0.61589764  0.67593482  0.56033661  0.59317402  0.59317402  0.60444927  0.54970451  0.65133685  0.56033661  0.56033661  0.61589764  0.60444927  0.62752455  0.65133685  0.58206675  0.70137206  0.66353440  0.67593482  0.70137206  0.60444927  0.63933564  0.65133685  0.63933564  0.59317402  0.65133685  0.71442370  0.71442370  0.66353440  0.57112252  0.56033661  0.56033661  0.46027846  0.47924462  0.65133685  0.63933564  0.65133685  0.71442370  0.67593482  0.53922189  0.57112252  0.57112252  0.54970451  0.60444927  0.61589764  0.68854496  0.63933564  0.66353440  0.65133685  0.53922189  
54_0_0     0.47924462  0.50863033  0.49870585  0.51868870  0.35561839  0.32376001  0.31600366  0.33159790  0.39745660  0.37207304  0.38043857  0.33951906  0.36380032  0.34752527  0.33159790  0.34752527  0.34752527  0.41487215  0.40611353  0.24257920  0.10272155  0.06321144  0.00000000  0.46027846  0.46027846  0.44178281  0.45097328  0.38889903  0.33159790  0.33159790  0.33159790  0.31600366  0.30832717  0.30832717  0.27838797  0.30072891  0.45097328  0.42373489  0.42373489  0.40611353  0.33951906  0.53922189  0.54970451  0.48891174  0.49870585  0.50863033  0.54970451  0.53922189  0.52888462  0.51868870  0.34752527  0.33951906  0.37207304  0.30832717  0.30832717  0.34752527  0.41487215  0.39745660  0.33159790  0.33951906  0.42373489  0.43270424  0.35561839  0.38889903  0.45097328  0.54970451  0.62752455  0.53922189  0.53922189  0.51868870  0.43270424  0.47924462  0.46027846  0.46027846  0.68854496  0.58206675  0.63933564  0.54970451  0.58206675  0.57112252  0.65133685  0.59317402  0.63933564  0.57112252  0.57112252  0.65133685  0.63933564  0.63933564  0.68854496  0.63933564  0.63933564  0.60444927  0.66353440  0.66353440  0.56033661  0.63933564  0.62752455  0.61589764  0.59317402  0.59317402  0.70137206  0.70137206  0.67593482  0.54970451  0.56033661  0.56033661  0.47924462  0.49870585  0.61589764  0.63933564  0.62752455  0.67593482  0.63933564  0.51868870  0.53922189  0.53922189  0.52888462  0.57112252  0.58206675  0.63933564  0.60444927  0.62752455  0.61589764  0.59317402  
66_0_0     0.63933564  0.67593482  0.61589764  0.60444927  0.53922189  0.56033661  0.57112252  0.54970451  0.57112252  0.60444927  0.47924462  0.46027846  0.49870585  0.47924462  0.53922189  0.54970451  0.57112252  0.62752455  0.63933564  0.46970123  0.46970123  0.48891174  0.46027846  0.00000000  0.05229700  0.07428803  0.06872916  0.15059856  0.59317402  0.59317402  0.60444927  0.59317402  0.57112252  0.57112252  0.54970451  0.52888462  0.59317402  0.61589764  0.63933564  0.62752455  0.58206675  0.67593482  0.67593482  0.63933564  0.65133685  0.62752455  0.67593482  0.68854496  0.68854496  0.57112252  0.53922189  0.56033661  0.56033661  0.57112252  0.57112252  0.58206675  0.56033661  0.58206675  0.60444927  0.56033661  0.54970451  0.62752455  0.54970451  0.59317402  0.51868870  0.70137206  0.78334604  0.63933564  0.66353440  0.63933564  0.51868870  0.51868870  0.52888462  0.50863033  0.66353440  0.60444927  0.63933564  0.61589764  0.59317402  0.67593482  0.70137206  0.61589764  0.68854496  0.60444927  0.57112252  0.70137206  0.70137206  0.70137206  0.66353440  0.66353440  0.62752455  0.63933564  0.82798082  0.79792941  0.60444927  0.82798082  0.81280372  0.79792941  0.75500810  0.78334604  0.71442370  0.68854496  0.71442370  0.78334604  0.78334604  0.78334604  0.67593482  0.68854496  0.67593482  0.65133685  0.66353440  0.65133685  0.63933564  0.70137206  0.67593482  0.67593482  0.66353440  0.60444927  0.56033661  0.72770788  0.66353440  0.72770788  0.71442370  0.65133685  
12_0_0     0.61589764  0.65133685  0.61589764  0.60444927  0.54970451  0.57112252  0.58206675  0.56033661  0.58206675  0.61589764  0.48891174  0.48891174  0.52888462  0.50863033  0.54970451  0.53922189  0.56033661  0.61589764  0.62752455  0.48891174  0.46970123  0.46970123  0.46027846  0.05229700  0.00000000  0.05229700  0.05773425  0.12031714  0.58206675  0.54970451  0.60444927  0.60444927  0.57112252  0.57112252  0.52888462  0.54970451  0.58206675  0.61589764  0.65133685  0.63933564  0.57112252  0.71442370  0.68854496  0.67593482  0.68854496  0.63933564  0.68854496  0.72770788  0.68854496  0.60444927  0.51868870  0.56033661  0.58206675  0.54970451  0.54970451  0.52888462  0.57112252  0.59317402  0.58206675  0.56033661  0.56033661  0.63933564  0.52888462  0.59317402  0.56033661  0.70137206  0.85929451  0.65133685  0.67593482  0.65133685  0.57112252  0.57112252  0.57112252  0.54970451  0.71442370  0.60444927  0.59317402  0.59317402  0.57112252  0.70137206  0.70137206  0.63933564  0.67593482  0.59317402  0.56033661  0.68854496  0.68854496  0.68854496  0.65133685  0.62752455  0.63933564  0.65133685  0.81280372  0.78334604  0.58206675  0.81280372  0.82798082  0.81280372  0.71442370  0.79792941  0.72770788  0.70137206  0.70137206  0.75500810  0.72770788  0.72770788  0.70137206  0.71442370  0.70137206  0.67593482  0.66353440  0.67593482  0.66353440  0.74123305  0.68854496  0.68854496  0.70137206  0.62752455  0.58206675  0.78334604  0.71442370  0.81280372  0.79792941  0.70137206  
6_0_0      0.62752455  0.61589764  0.63933564  0.65133685  0.56033661  0.52888462  0.53922189  0.51868870  0.51868870  0.58206675  0.49870585  0.48891174  0.50863033  0.50863033  0.57112252  0.58206675  0.60444927  0.58206675  0.61589764  0.46970123  0.45097328  0.46970123  0.44178281  0.07428803  0.05229700  0.00000000  0.07988865  0.15059856  0.61589764  0.54970451  0.58206675  0.57112252  0.59317402  0.59317402  0.54970451  0.57112252  0.60444927  0.62752455  0.66353440  0.61589764  0.57112252  0.70137206  0.70137206  0.67593482  0.71442370  0.67593482  0.67593482  0.71442370  0.66353440  0.61589764  0.53922189  0.56033661  0.58206675  0.54970451  0.54970451  0.53922189  0.58206675  0.60444927  0.60444927  0.58206675  0.58206675  0.65133685  0.50863033  0.57112252  0.52888462  0.68854496  0.82798082  0.65133685  0.67593482  0.65133685  0.52888462  0.53922189  0.54970451  0.52888462  0.62752455  0.57112252  0.58206675  0.56033661  0.53922189  0.66353440  0.71442370  0.62752455  0.62752455  0.57112252  0.53922189  0.68854496  0.68854496  0.66353440  0.62752455  0.60444927  0.61589764  0.62752455  0.84347328  0.78334604  0.61589764  0.76904245  0.75500810  0.76904245  0.72770788  0.79792941  0.70137206  0.67593482  0.67593482  0.76904245  0.79792941  0.79792941  0.68854496  0.70137206  0.75500810  0.67593482  0.71442370  0.70137206  0.68854496  0.68854496  0.63933564  0.63933564  0.67593482  0.65133685  0.60444927  0.78334604  0.67593482  0.76904245  0.75500810  0.68854496  
