17
64_2_0     0.00000000  0.01032766  0.04219835  0.03679100  0.02080048  0.01032766  0.02609261  0.03142260  0.05313223  0.03142260  0.03142260  0.23992372  0.23288074  0.21214266  0.23288074  0.29880079  0.29118166  
11_2_0     0.01032766  0.00000000  0.04219835  0.03679100  0.02080048  0.00000000  0.02609261  0.03142260  0.04219835  0.03142260  0.03142260  0.22590372  0.21899142  0.19863115  0.21899142  0.29880079  0.29118166  
41_3_0     0.04219835  0.04219835  0.00000000  0.00514593  0.05313223  0.04219835  0.05865993  0.06422895  0.08693084  0.06422895  0.06422895  0.23992372  0.23288074  0.21214266  0.21899142  0.29880079  0.30649865  
41_2_0     0.03679100  0.03679100  0.00514593  0.00000000  0.04764523  0.03679100  0.05313223  0.05865993  0.08119019  0.05865993  0.05865993  0.24703390  0.23992372  0.21899142  0.22590372  0.30649865  0.29880079  
27_2_0     0.02080048  0.02080048  0.05313223  0.04764523  0.00000000  0.02080048  0.03679100  0.04219835  0.06422895  0.04219835  0.04219835  0.21214266  0.20535628  0.18536031  0.20535628  0.27617321  0.26878085  
23_2_0     0.01032766  0.00000000  0.04219835  0.03679100  0.02080048  0.00000000  0.02609261  0.03142260  0.04219835  0.03142260  0.03142260  0.22590372  0.21899142  0.19863115  0.21899142  0.29880079  0.29118166  
27_0_0     0.02609261  0.02609261  0.05865993  0.05313223  0.03679100  0.02609261  0.00000000  0.01554567  0.04764523  0.02609261  0.02609261  0.23288074  0.22590372  0.20535628  0.22590372  0.29880079  0.29118166  
41_0_0     0.03142260  0.03142260  0.06422895  0.05865993  0.04219835  0.03142260  0.01554567  0.00000000  0.05313223  0.03142260  0.03142260  0.23288074  0.22590372  0.20535628  0.22590372  0.29880079  0.29118166  
11_0_0     0.05313223  0.04219835  0.08693084  0.08119019  0.06422895  0.04219835  0.04764523  0.05313223  0.00000000  0.03142260  0.04219835  0.22590372  0.21899142  0.19863115  0.21899142  0.29880079  0.29118166  
64_0_0     0.03142260  0.03142260  0.06422895  0.05865993  0.04219835  0.03142260  0.02609261  0.03142260  0.03142260  0.00000000  0.03142260  0.23992372  0.23288074  0.21214266  0.23288074  0.28363964  0.29118166  
23_0_0     0.03142260  0.03142260  0.06422895  0.05865993  0.04219835  0.03142260  0.02609261  0.03142260  0.04219835  0.03142260  0.00000000  0.22590372  0.21899142  0.19863115  0.21899142  0.29118166  0.28363964  
94_0_0     0.23992372  0.22590372  0.23992372  0.24703390  0.21214266  0.22590372  0.23288074  0.23288074  0.22590372  0.23992372  0.22590372  0.00000000  0.00514593  0.02609261  0.03142260  0.17881248  0.19196618  
50_0_0     0.23288074  0.21899142  0.23288074  0.23992372  0.20535628  0.21899142  0.22590372  0.22590372  0.21899142  0.23288074  0.21899142  0.00514593  0.00000000  0.02080048  0.02609261  0.17232170  0.18536031  
94_1_0     0.21214266  0.19863115  0.21214266  0.21899142  0.18536031  0.19863115  0.20535628  0.20535628  0.19863115  0.21214266  0.19863115  0.02609261  0.02080048  0.00000000  0.01554567  0.19196618  0.20535628  
50_1_0     0.23288074  0.21899142  0.21899142  0.22590372  0.20535628  0.21899142  0.22590372  0.22590372  0.21899142  0.23288074  0.21899142  0.03142260  0.02609261  0.01554567  0.00000000  0.19863115  0.21214266  
79_0_0     0.29880079  0.29880079  0.29880079  0.30649865  0.27617321  0.29880079  0.29880079  0.29880079  0.29880079  0.28363964  0.29118166  0.17881248  0.17232170  0.19196618  0.19863115  0.00000000  0.02609261  
10_0_0     0.29118166  0.29118166  0.30649865  0.29880079  0.26878085  0.29118166  0.29118166  0.29118166  0.29118166  0.29118166  0.28363964  0.19196618  0.18536031  0.20535628  0.21214266  0.02609261  0.00000000  

