15
84_0_0     0.00000000  0.00717796  0.12426648  0.12004605  0.12004605  0.12004605  0.11167754  0.11584983  0.10752891  0.12004605  0.11584983  0.12851140  0.12426648  0.12426648  0.11167754  
97_0_0     0.00717796  0.00000000  0.13278109  0.12851140  0.12851140  0.12851140  0.12004605  0.12426648  0.11584983  0.12851140  0.12426648  0.13707585  0.13278109  0.13278109  0.12004605  
49_0_0     0.12426648  0.13278109  0.00000000  0.01079352  0.01079352  0.01079352  0.02543714  0.02914430  0.10340367  0.11167754  0.10752891  0.12004605  0.11167754  0.11167754  0.11167754  
95_4_0     0.12004605  0.12851140  0.01079352  0.00000000  0.00000000  0.00000000  0.01442703  0.01807869  0.09116571  0.09930156  0.09522232  0.10752891  0.09930156  0.09930156  0.09930156  
95_5_0     0.12004605  0.12851140  0.01079352  0.00000000  0.00000000  0.00000000  0.01442703  0.01807869  0.09116571  0.09930156  0.09522232  0.10752891  0.09930156  0.09930156  0.09930156  
95_0_0     0.12004605  0.12851140  0.01079352  0.00000000  0.00000000  0.00000000  0.01442703  0.01807869  0.09116571  0.09930156  0.09522232  0.10752891  0.09930156  0.09930156  0.09930156  
90_0_0     0.11167754  0.12004605  0.02543714  0.01442703  0.01442703  0.01442703  0.00000000  0.00358017  0.07516050  0.08311934  0.07912910  0.09116571  0.08311934  0.08311934  0.08311934  
85_0_0     0.11584983  0.12426648  0.02914430  0.01807869  0.01807869  0.01807869  0.00358017  0.00000000  0.07912910  0.08713146  0.08311934  0.09522232  0.07912910  0.07912910  0.07912910  
50_2_0     0.10752891  0.11584983  0.10340367  0.09116571  0.09116571  0.09116571  0.07516050  0.07912910  0.00000000  0.02914430  0.03287035  0.03661547  0.07121332  0.07121332  0.06728732  
87_3_0     0.12004605  0.12851140  0.11167754  0.09930156  0.09930156  0.09930156  0.08311934  0.08713146  0.02914430  0.00000000  0.00358017  0.00717796  0.08713146  0.08713146  0.08311934  
99_3_0     0.11584983  0.12426648  0.10752891  0.09522232  0.09522232  0.09522232  0.07912910  0.08311934  0.03287035  0.00358017  0.00000000  0.01079352  0.09116571  0.09116571  0.08713146  
50_3_0     0.12851140  0.13707585  0.12004605  0.10752891  0.10752891  0.10752891  0.09116571  0.09522232  0.03661547  0.00717796  0.01079352  0.00000000  0.09522232  0.09522232  0.09116571  
87_0_0     0.12426648  0.13278109  0.11167754  0.09930156  0.09930156  0.09930156  0.08311934  0.07912910  0.07121332  0.08713146  0.09116571  0.09522232  0.00000000  0.00000000  0.01807869  
99_0_0     0.12426648  0.13278109  0.11167754  0.09930156  0.09930156  0.09930156  0.08311934  0.07912910  0.07121332  0.08713146  0.09116571  0.09522232  0.00000000  0.00000000  0.01807869  
50_0_0     0.11167754  0.12004605  0.11167754  0.09930156  0.09930156  0.09930156  0.08311934  0.07912910  0.06728732  0.08311934  0.08713146  0.09116571  0.01807869  0.01807869  0.00000000  

