23
16_9_0     0.00000000  0.04618811  0.12578116  0.13467987  0.17610395  0.14368689  0.13916968  0.16203668  0.16669612  0.13916968  0.16669612  0.15280491  0.14823186  0.14823186  0.14823186  0.33379163  0.31642215  0.29387944  0.30506496  0.31642215  0.31642215  0.32216679  0.32216679  
17_9_0     0.04618811  0.00000000  0.13021714  0.12137162  0.17610395  0.16203668  0.15740640  0.18563294  0.19044384  0.14368689  0.18563294  0.17138508  0.16669612  0.16669612  0.16669612  0.31072177  0.29387944  0.31072177  0.31072177  0.28834946  0.28834946  0.28286050  0.28286050  
16_3_0     0.12578116  0.13021714  0.00000000  0.03046955  0.19044384  0.18563294  0.18563294  0.20506713  0.21998525  0.20016052  0.19528624  0.18085311  0.17610395  0.17610395  0.17610395  0.34560201  0.32795638  0.33967325  0.33967325  0.30506496  0.30506496  0.32216679  0.32216679  
17_3_0     0.13467987  0.12137162  0.03046955  0.00000000  0.19044384  0.18563294  0.18563294  0.22502555  0.23010041  0.20016052  0.19044384  0.19044384  0.18563294  0.18563294  0.18563294  0.34560201  0.32795638  0.32795638  0.32795638  0.29387944  0.29387944  0.31072177  0.31072177  
15_5_0     0.17610395  0.17610395  0.19044384  0.19044384  0.00000000  0.16203668  0.15740640  0.16669612  0.17138508  0.17138508  0.19528624  0.18085311  0.17610395  0.17610395  0.17610395  0.32216679  0.27741196  0.26663377  0.26663377  0.26663377  0.27741196  0.29945107  0.29945107  
14_5_0     0.14368689  0.16203668  0.18563294  0.18563294  0.16203668  0.00000000  0.01127956  0.07866385  0.09121938  0.04618811  0.07866385  0.07866385  0.07452558  0.07452558  0.07452558  0.32216679  0.26663377  0.25075526  0.25601033  0.29387944  0.28286050  0.30506496  0.30506496  
18_5_0     0.13916968  0.15740640  0.18563294  0.18563294  0.15740640  0.01127956  0.00000000  0.07041032  0.09121938  0.03436800  0.07041032  0.06631782  0.06224783  0.06224783  0.06224783  0.32216679  0.26663377  0.25075526  0.25601033  0.28834946  0.27741196  0.29945107  0.29945107  
18_8_0     0.16203668  0.18563294  0.20506713  0.22502555  0.16669612  0.07866385  0.07041032  0.00000000  0.03436800  0.07452558  0.10399162  0.09121938  0.08701049  0.08701049  0.08701049  0.35157864  0.29387944  0.25601033  0.26130298  0.29387944  0.28286050  0.29945107  0.29945107  
14_8_0     0.16669612  0.19044384  0.21998525  0.23010041  0.17138508  0.09121938  0.09121938  0.03436800  0.00000000  0.09545234  0.12578116  0.11263060  0.10829850  0.10829850  0.10829850  0.33967325  0.30506496  0.26130298  0.26663377  0.30506496  0.29387944  0.30506496  0.30506496  
13_5_0     0.13916968  0.14368689  0.20016052  0.20016052  0.17138508  0.04618811  0.03436800  0.07452558  0.09545234  0.00000000  0.07452558  0.07041032  0.06631782  0.06631782  0.06631782  0.29945107  0.26663377  0.25075526  0.25601033  0.26663377  0.25601033  0.27741196  0.27741196  
13_6_0     0.16669612  0.18563294  0.19528624  0.19044384  0.19528624  0.07866385  0.07041032  0.10399162  0.12578116  0.07452558  0.00000000  0.07452558  0.07041032  0.07041032  0.07041032  0.30506496  0.29387944  0.26663377  0.27200324  0.28286050  0.27200324  0.29387944  0.29387944  
19_6_0     0.15280491  0.17138508  0.18085311  0.19044384  0.18085311  0.07866385  0.06631782  0.09121938  0.11263060  0.07041032  0.07452558  0.00000000  0.00374078  0.00374078  0.01127956  0.31642215  0.29387944  0.26663377  0.27200324  0.29387944  0.28286050  0.29387944  0.29387944  
12_6_0     0.14823186  0.16669612  0.17610395  0.18563294  0.17610395  0.07452558  0.06224783  0.08701049  0.10829850  0.06631782  0.07041032  0.00374078  0.00000000  0.00000000  0.00750057  0.31072177  0.28834946  0.26130298  0.26663377  0.28834946  0.27741196  0.28834946  0.28834946  
12_7_0     0.14823186  0.16669612  0.17610395  0.18563294  0.17610395  0.07452558  0.06224783  0.08701049  0.10829850  0.06631782  0.07041032  0.00374078  0.00000000  0.00000000  0.00750057  0.31072177  0.28834946  0.26130298  0.26663377  0.28834946  0.27741196  0.28834946  0.28834946  
20_6_0     0.14823186  0.16669612  0.17610395  0.18563294  0.17610395  0.07452558  0.06224783  0.08701049  0.10829850  0.06631782  0.07041032  0.01127956  0.00750057  0.00750057  0.00000000  0.29945107  0.27741196  0.25075526  0.25601033  0.27741196  0.26663377  0.27741196  0.27741196  
13_0_0     0.33379163  0.31072177  0.34560201  0.34560201  0.32216679  0.32216679  0.32216679  0.35157864  0.33967325  0.29945107  0.30506496  0.31642215  0.31072177  0.31072177  0.29945107  0.00000000  0.10829850  0.13467987  0.13467987  0.19528624  0.19044384  0.19044384  0.19044384  
20_0_0     0.31642215  0.29387944  0.32795638  0.32795638  0.27741196  0.26663377  0.26663377  0.29387944  0.30506496  0.26663377  0.29387944  0.29387944  0.28834946  0.28834946  0.27741196  0.10829850  0.00000000  0.08282540  0.08282540  0.18085311  0.17610395  0.18085311  0.18085311  
14_0_0     0.29387944  0.31072177  0.33967325  0.32795638  0.26663377  0.25075526  0.25075526  0.25601033  0.26130298  0.25075526  0.26663377  0.26663377  0.26130298  0.26130298  0.25075526  0.13467987  0.08282540  0.00000000  0.00750057  0.16669612  0.16203668  0.17610395  0.17610395  
18_0_0     0.30506496  0.31072177  0.33967325  0.32795638  0.26663377  0.25601033  0.25601033  0.26130298  0.26663377  0.25601033  0.27200324  0.27200324  0.26663377  0.26663377  0.25601033  0.13467987  0.08282540  0.00750057  0.00000000  0.15740640  0.15280491  0.18563294  0.18563294  
16_10_0    0.31642215  0.28834946  0.30506496  0.29387944  0.26663377  0.29387944  0.28834946  0.29387944  0.30506496  0.26663377  0.28286050  0.29387944  0.28834946  0.28834946  0.27741196  0.19528624  0.18085311  0.16669612  0.15740640  0.00000000  0.01889594  0.05017048  0.05017048  
16_0_0     0.31642215  0.28834946  0.30506496  0.29387944  0.27741196  0.28286050  0.27741196  0.28286050  0.29387944  0.25601033  0.27200324  0.28286050  0.27741196  0.27741196  0.26663377  0.19044384  0.17610395  0.16203668  0.15280491  0.01889594  0.00000000  0.05017048  0.05017048  
17_0_0     0.32216679  0.28286050  0.32216679  0.31072177  0.29945107  0.30506496  0.29945107  0.29945107  0.30506496  0.27741196  0.29387944  0.29387944  0.28834946  0.28834946  0.27741196  0.19044384  0.18085311  0.17610395  0.18563294  0.05017048  0.05017048  0.00000000  0.00000000  
17_11_0    0.32216679  0.28286050  0.32216679  0.31072177  0.29945107  0.30506496  0.29945107  0.29945107  0.30506496  0.27741196  0.29387944  0.29387944  0.28834946  0.28834946  0.27741196  0.19044384  0.18085311  0.17610395  0.18563294  0.05017048  0.05017048  0.00000000  0.00000000  

