190
85_0_0     0.00000000  0.00355467  0.41838006  0.48380109  0.49761302  0.48380109  0.47699109  0.47024352  0.47024352  0.47699109  0.46355722  0.47024352  0.46355722  0.48380109  0.48380109  0.43740327  0.45036411  0.45036411  0.46355722  0.47024352  0.46355722  0.45693111  0.50461740  0.46355722  0.54067521  0.54810365  0.52603948  0.50461740  0.50461740  0.51168906  0.51168906  0.45693111  0.45693111  0.48380109  0.41838006  0.41838006  0.41838006  0.42466667  0.43740327  0.43100742  0.45036411  0.43740327  0.49761302  0.48380109  0.47024352  0.43100742  0.50461740  0.52603948  0.55560781  0.54067521  0.54810365  0.54810365  0.47699109  0.48380109  0.49761302  0.47699109  0.52603948  0.53332097  0.45693111  0.45036411  0.45036411  0.52603948  0.52603948  0.60231379  0.60231379  0.58641360  0.51168906  0.50461740  0.53332097  0.52603948  0.57084958  0.51882930  0.57084958  0.60231379  0.54810365  0.51882930  0.54067521  0.57859046  0.56318925  0.57084958  0.51168906  0.54067521  0.50461740  0.49761302  0.54810365  0.45036411  0.60231379  0.54810365  0.51882930  0.43740327  0.48380109  0.50461740  0.50461740  0.51882930  0.54810365  0.53332097  0.48380109  0.49067466  0.49067466  0.53332097  0.55560781  0.49067466  0.56318925  0.56318925  0.51882930  0.52603948  0.54067521  0.53332097  0.54067521  0.52603948  0.52603948  0.51882930  0.48380109  0.52603948  0.52603948  0.43740327  0.45036411  0.46355722  0.50461740  0.46355722  0.53332097  0.52603948  0.51882930  0.53332097  0.54067521  0.51882930  0.51882930  0.50461740  0.51882930  0.51882930  0.57084958  0.57859046  0.57084958  0.51168906  0.47699109  0.45693111  0.48380109  0.45036411  0.62682711  0.65218487  0.63518302  0.61856498  0.62682711  0.45036411  0.50461740  0.45036411  0.45693111  0.49067466  0.50461740  0.51882930  0.55560781  0.56318925  0.53332097  0.43100742  0.42466667  0.45693111  0.45036411  0.47024352  0.42466667  0.42466667  0.41838006  0.47024352  0.51882930  0.49761302  0.50461740  0.50461740  0.50461740  0.50461740  0.47024352  0.51882930  0.51882930  0.49761302  0.49761302  0.50461740  0.47024352  0.47024352  0.47024352  0.45693111  0.46355722  0.48380109  0.48380109  0.48380109  0.54810365  0.51882930  0.53332097  0.50461740  0.54810365  0.54810365  0.51882930  0.51882930  
95_0_0     0.00355467  0.00000000  0.41214668  0.47699109  0.49067466  0.47699109  0.47024352  0.46355722  0.46355722  0.47024352  0.45693111  0.46355722  0.45693111  0.47699109  0.47699109  0.44385517  0.44385517  0.44385517  0.45693111  0.46355722  0.45693111  0.45036411  0.49761302  0.45693111  0.53332097  0.54067521  0.51882930  0.49761302  0.49761302  0.50461740  0.50461740  0.45036411  0.45036411  0.47699109  0.41214668  0.41214668  0.41214668  0.41838006  0.43100742  0.42466667  0.44385517  0.43100742  0.49067466  0.47699109  0.46355722  0.42466667  0.49761302  0.51882930  0.54810365  0.53332097  0.54067521  0.54067521  0.47024352  0.47699109  0.49067466  0.47024352  0.51882930  0.52603948  0.46355722  0.45693111  0.45693111  0.51882930  0.51882930  0.59432077  0.59432077  0.57859046  0.50461740  0.49761302  0.52603948  0.51882930  0.56318925  0.51168906  0.56318925  0.59432077  0.54067521  0.51168906  0.53332097  0.57084958  0.55560781  0.56318925  0.50461740  0.53332097  0.51168906  0.50461740  0.55560781  0.44385517  0.59432077  0.54067521  0.51168906  0.43100742  0.47699109  0.49761302  0.49761302  0.51168906  0.54067521  0.54067521  0.47699109  0.48380109  0.48380109  0.52603948  0.54810365  0.49761302  0.57084958  0.57084958  0.52603948  0.53332097  0.53332097  0.52603948  0.53332097  0.51882930  0.51882930  0.51168906  0.47699109  0.51882930  0.51882930  0.43100742  0.44385517  0.45693111  0.51168906  0.47024352  0.52603948  0.51882930  0.51168906  0.52603948  0.53332097  0.51168906  0.51168906  0.49761302  0.52603948  0.51882930  0.57084958  0.57859046  0.57084958  0.50461740  0.47024352  0.45036411  0.47699109  0.44385517  0.61856498  0.64363487  0.62682711  0.61039454  0.61856498  0.44385517  0.49761302  0.44385517  0.45036411  0.48380109  0.49761302  0.51168906  0.54810365  0.55560781  0.52603948  0.43740327  0.43100742  0.46355722  0.45693111  0.47699109  0.43100742  0.43100742  0.42466667  0.47699109  0.52603948  0.50461740  0.51168906  0.51168906  0.51168906  0.51168906  0.47699109  0.52603948  0.52603948  0.50461740  0.50461740  0.51168906  0.47699109  0.47699109  0.47699109  0.46355722  0.47024352  0.49067466  0.49067466  0.49067466  0.54810365  0.51882930  0.52603948  0.49761302  0.54067521  0.54067521  0.52603948  0.52603948  
74_0_0     0.41838006  0.41214668  0.00000000  0.17086085  0.17086085  0.16196984  0.15318494  0.39983605  0.39983605  0.40596563  0.43740327  0.43100742  0.43740327  0.43100742  0.43100742  0.38772791  0.39983605  0.39983605  0.38772791  0.40596563  0.38772791  0.41838006  0.41214668  0.40596563  0.41838006  0.43100742  0.41838006  0.39375709  0.39375709  0.39375709  0.39375709  0.39983605  0.39375709  0.38772791  0.35830115  0.31898499  0.34119364  0.34685209  0.35255436  0.33557835  0.45693111  0.38772791  0.45693111  0.45693111  0.41838006  0.44385517  0.45693111  0.46355722  0.49761302  0.50461740  0.49761302  0.48380109  0.45693111  0.46355722  0.45693111  0.45036411  0.44385517  0.50461740  0.48380109  0.49067466  0.49067466  0.47699109  0.50461740  0.52603948  0.51882930  0.54067521  0.51168906  0.49067466  0.51168906  0.53332097  0.51168906  0.52603948  0.51882930  0.50461740  0.49761302  0.47024352  0.57859046  0.53332097  0.52603948  0.51882930  0.49067466  0.53332097  0.53332097  0.52603948  0.54810365  0.51882930  0.64363487  0.60231379  0.54067521  0.47024352  0.51168906  0.55560781  0.51168906  0.49067466  0.52603948  0.53332097  0.47699109  0.49761302  0.48380109  0.54810365  0.52603948  0.54067521  0.59432077  0.57859046  0.55560781  0.56318925  0.54067521  0.53332097  0.49067466  0.49067466  0.54810365  0.52603948  0.51882930  0.55560781  0.57084958  0.48380109  0.51882930  0.45693111  0.49761302  0.56318925  0.49761302  0.49761302  0.50461740  0.49761302  0.50461740  0.51168906  0.53332097  0.47699109  0.45693111  0.55560781  0.58641360  0.63518302  0.63518302  0.51882930  0.47024352  0.45036411  0.50461740  0.49761302  0.53332097  0.55560781  0.54067521  0.51882930  0.52603948  0.47024352  0.51168906  0.45036411  0.48380109  0.49067466  0.47699109  0.49761302  0.51882930  0.52603948  0.54810365  0.47024352  0.47699109  0.45693111  0.50461740  0.49067466  0.49067466  0.49067466  0.47024352  0.51882930  0.49067466  0.51168906  0.48380109  0.48380109  0.47699109  0.49067466  0.51168906  0.49761302  0.49761302  0.48380109  0.48380109  0.46355722  0.49067466  0.49761302  0.49761302  0.47699109  0.47699109  0.50461740  0.49067466  0.49067466  0.48380109  0.48380109  0.54810365  0.55560781  0.53332097  0.53332097  0.48380109  0.48380109  
93_0_0     0.48380109  0.47699109  0.17086085  0.00000000  0.00712658  0.00712658  0.02892985  0.35830115  0.35830115  0.37581569  0.35830115  0.36409316  0.35830115  0.39983605  0.39983605  0.36409316  0.36993109  0.36993109  0.35830115  0.36409316  0.35830115  0.40596563  0.38772791  0.38174771  0.37581569  0.38772791  0.37581569  0.36409316  0.36409316  0.36409316  0.36409316  0.41838006  0.41214668  0.36993109  0.33557835  0.31353595  0.35255436  0.36993109  0.31898499  0.31353595  0.42466667  0.35255436  0.40596563  0.39983605  0.38174771  0.43740327  0.44385517  0.43740327  0.44385517  0.44385517  0.48380109  0.43740327  0.47699109  0.48380109  0.45036411  0.44385517  0.41214668  0.47024352  0.58641360  0.57859046  0.57859046  0.52603948  0.52603948  0.51168906  0.50461740  0.51168906  0.49067466  0.45693111  0.41838006  0.41214668  0.44385517  0.43740327  0.43740327  0.43740327  0.45693111  0.40596563  0.47024352  0.43740327  0.45693111  0.43740327  0.43100742  0.45693111  0.43740327  0.49761302  0.49067466  0.43740327  0.57859046  0.54067521  0.43740327  0.45693111  0.45693111  0.51168906  0.44385517  0.43740327  0.47024352  0.46355722  0.38174771  0.39375709  0.38174771  0.49067466  0.43100742  0.43740327  0.47024352  0.45036411  0.43100742  0.43740327  0.43740327  0.45036411  0.40596563  0.40596563  0.49067466  0.45036411  0.49067466  0.47699109  0.47699109  0.41838006  0.43740327  0.38174771  0.43100742  0.51168906  0.38772791  0.39983605  0.40596563  0.38772791  0.39375709  0.39983605  0.52603948  0.45693111  0.38772791  0.58641360  0.62682711  0.61039454  0.58641360  0.43100742  0.36993109  0.41214668  0.41838006  0.38174771  0.47024352  0.49761302  0.49761302  0.48380109  0.47699109  0.39375709  0.41838006  0.38174771  0.41838006  0.41214668  0.41214668  0.41214668  0.48380109  0.47699109  0.49761302  0.38174771  0.38772791  0.39983605  0.45693111  0.40596563  0.43740327  0.42466667  0.38772791  0.41214668  0.40596563  0.39983605  0.39983605  0.39983605  0.39375709  0.39375709  0.40596563  0.41214668  0.39983605  0.39983605  0.39983605  0.39375709  0.43740327  0.39983605  0.39983605  0.39983605  0.37581569  0.40596563  0.39375709  0.39375709  0.49067466  0.47699109  0.47699109  0.49067466  0.47024352  0.48380109  0.40596563  0.40596563  
84_0_0     0.49761302  0.49067466  0.17086085  0.00712658  0.00000000  0.00712658  0.02892985  0.34685209  0.34685209  0.36409316  0.35830115  0.36409316  0.35830115  0.39983605  0.39983605  0.36409316  0.36993109  0.36993109  0.35830115  0.36409316  0.35830115  0.39375709  0.37581569  0.36993109  0.36409316  0.37581569  0.36409316  0.35255436  0.35255436  0.35255436  0.35255436  0.40596563  0.39983605  0.35830115  0.32447466  0.31353595  0.34119364  0.36409316  0.31898499  0.31353595  0.41214668  0.34119364  0.39375709  0.38772791  0.36993109  0.45036411  0.43100742  0.42466667  0.43100742  0.43100742  0.47024352  0.42466667  0.46355722  0.47024352  0.43740327  0.43100742  0.39983605  0.45693111  0.57084958  0.56318925  0.56318925  0.51168906  0.51168906  0.49761302  0.49067466  0.49761302  0.49761302  0.46355722  0.42466667  0.41838006  0.45036411  0.44385517  0.44385517  0.44385517  0.46355722  0.41214668  0.47699109  0.44385517  0.46355722  0.44385517  0.43740327  0.46355722  0.43100742  0.49067466  0.48380109  0.44385517  0.58641360  0.54810365  0.44385517  0.46355722  0.46355722  0.51882930  0.45036411  0.43100742  0.47024352  0.46355722  0.38772791  0.39983605  0.38772791  0.48380109  0.43740327  0.44385517  0.47699109  0.45693111  0.43740327  0.44385517  0.44385517  0.45693111  0.41214668  0.41214668  0.48380109  0.44385517  0.48380109  0.48380109  0.48380109  0.42466667  0.44385517  0.38772791  0.43740327  0.51882930  0.39375709  0.40596563  0.41214668  0.39375709  0.39983605  0.40596563  0.52603948  0.45693111  0.38174771  0.59432077  0.63518302  0.61856498  0.59432077  0.43740327  0.37581569  0.41838006  0.42466667  0.38772791  0.47699109  0.49067466  0.49067466  0.49067466  0.48380109  0.39983605  0.42466667  0.38772791  0.42466667  0.41838006  0.41838006  0.41838006  0.47699109  0.48380109  0.50461740  0.38772791  0.39375709  0.39375709  0.45693111  0.41838006  0.44385517  0.43100742  0.39375709  0.41838006  0.39983605  0.40596563  0.40596563  0.40596563  0.39983605  0.39983605  0.41214668  0.41838006  0.40596563  0.40596563  0.40596563  0.39983605  0.44385517  0.40596563  0.40596563  0.40596563  0.38174771  0.41214668  0.39983605  0.39983605  0.49761302  0.48380109  0.48380109  0.49761302  0.46355722  0.47699109  0.41214668  0.41214668  
92_0_0     0.48380109  0.47699109  0.16196984  0.00712658  0.00712658  0.00000000  0.02159011  0.35830115  0.35830115  0.37581569  0.35830115  0.36409316  0.35830115  0.39983605  0.39983605  0.36409316  0.36993109  0.36993109  0.35830115  0.36409316  0.35830115  0.39375709  0.38772791  0.36993109  0.36409316  0.37581569  0.36409316  0.35255436  0.35255436  0.35255436  0.35255436  0.40596563  0.39983605  0.35830115  0.32447466  0.30275740  0.34119364  0.35830115  0.31898499  0.31353595  0.41214668  0.35255436  0.40596563  0.39983605  0.38174771  0.43740327  0.43100742  0.42466667  0.44385517  0.44385517  0.48380109  0.43740327  0.46355722  0.47024352  0.43740327  0.43100742  0.41214668  0.45693111  0.57859046  0.57084958  0.57084958  0.51882930  0.51882930  0.50461740  0.49761302  0.50461740  0.50461740  0.45693111  0.43100742  0.42466667  0.44385517  0.45036411  0.45036411  0.43740327  0.47024352  0.41838006  0.48380109  0.45036411  0.47024352  0.45036411  0.44385517  0.46355722  0.43740327  0.48380109  0.49067466  0.43740327  0.59432077  0.54067521  0.43740327  0.45693111  0.45693111  0.51168906  0.45693111  0.42466667  0.46355722  0.45693111  0.38174771  0.40596563  0.39375709  0.47699109  0.44385517  0.43740327  0.47699109  0.46355722  0.44385517  0.45036411  0.45036411  0.46355722  0.41838006  0.41838006  0.49067466  0.45036411  0.49067466  0.49067466  0.49067466  0.43100742  0.45036411  0.39375709  0.44385517  0.51168906  0.39983605  0.41214668  0.41838006  0.39983605  0.40596563  0.41214668  0.52603948  0.45693111  0.37581569  0.60231379  0.64363487  0.62682711  0.60231379  0.44385517  0.38174771  0.42466667  0.43100742  0.39375709  0.47024352  0.48380109  0.48380109  0.48380109  0.47699109  0.40596563  0.43100742  0.38174771  0.41838006  0.42466667  0.42466667  0.42466667  0.47024352  0.49067466  0.51168906  0.38174771  0.38772791  0.38772791  0.45693111  0.40596563  0.43740327  0.42466667  0.38772791  0.42466667  0.40596563  0.41214668  0.41214668  0.41214668  0.40596563  0.40596563  0.40596563  0.42466667  0.41214668  0.41214668  0.41214668  0.40596563  0.45036411  0.41214668  0.41214668  0.39983605  0.37581569  0.41838006  0.40596563  0.40596563  0.49067466  0.47699109  0.47699109  0.50461740  0.45693111  0.47024352  0.41838006  0.41838006  
87_0_0     0.47699109  0.47024352  0.15318494  0.02892985  0.02892985  0.02159011  0.00000000  0.35255436  0.35255436  0.39375709  0.37581569  0.38174771  0.37581569  0.40596563  0.40596563  0.38174771  0.38772791  0.38772791  0.37581569  0.38174771  0.37581569  0.39983605  0.39375709  0.35830115  0.37581569  0.38772791  0.37581569  0.36409316  0.36409316  0.36409316  0.36409316  0.40596563  0.39983605  0.34685209  0.32447466  0.30275740  0.34119364  0.35830115  0.31898499  0.31353595  0.43100742  0.37581569  0.41838006  0.41838006  0.39375709  0.43740327  0.42466667  0.41838006  0.43740327  0.43740327  0.47699109  0.44385517  0.45693111  0.46355722  0.43100742  0.42466667  0.41838006  0.45036411  0.54810365  0.54067521  0.54067521  0.49067466  0.49067466  0.50461740  0.49761302  0.50461740  0.49067466  0.43740327  0.44385517  0.43740327  0.45693111  0.46355722  0.45693111  0.44385517  0.47024352  0.41838006  0.50461740  0.45036411  0.48380109  0.46355722  0.45693111  0.47699109  0.45693111  0.50461740  0.51168906  0.45036411  0.61856498  0.57084958  0.44385517  0.45693111  0.47024352  0.51168906  0.44385517  0.41214668  0.43740327  0.43100742  0.39375709  0.41838006  0.40596563  0.47699109  0.45693111  0.45036411  0.50461740  0.47699109  0.45693111  0.46355722  0.46355722  0.47699109  0.43100742  0.43100742  0.49761302  0.45693111  0.48380109  0.50461740  0.50461740  0.43100742  0.43740327  0.39375709  0.44385517  0.52603948  0.39983605  0.39983605  0.40596563  0.39983605  0.40596563  0.39983605  0.51168906  0.45693111  0.38772791  0.60231379  0.66083534  0.62682711  0.60231379  0.45693111  0.39375709  0.42466667  0.44385517  0.40596563  0.48380109  0.49761302  0.49761302  0.49761302  0.49067466  0.41838006  0.44385517  0.40596563  0.44385517  0.43740327  0.43740327  0.43740327  0.47024352  0.50461740  0.51168906  0.38174771  0.38772791  0.38174771  0.44385517  0.40596563  0.42466667  0.42466667  0.38772791  0.40596563  0.39983605  0.38772791  0.39375709  0.39375709  0.38772791  0.38772791  0.38772791  0.39983605  0.38772791  0.39983605  0.39983605  0.39375709  0.43740327  0.40596563  0.40596563  0.39983605  0.37581569  0.41838006  0.39375709  0.39375709  0.50461740  0.50461740  0.47699109  0.52603948  0.47024352  0.48380109  0.43100742  0.43100742  
90_0_0     0.47024352  0.46355722  0.39983605  0.35830115  0.34685209  0.35830115  0.35255436  0.00000000  0.00000000  0.11905754  0.11076728  0.11490074  0.11076728  0.08644234  0.08644234  0.14450363  0.07457478  0.07457478  0.06676804  0.06289549  0.06676804  0.08644234  0.09044109  0.25111192  0.28687982  0.28687982  0.28687982  0.28166249  0.28166249  0.28687982  0.28687982  0.31353595  0.30812695  0.24120378  0.24614118  0.29742674  0.27133745  0.30275740  0.26622874  0.25111192  0.30812695  0.31898499  0.31353595  0.31353595  0.31353595  0.43100742  0.40596563  0.38772791  0.37581569  0.38772791  0.39983605  0.41214668  0.38772791  0.39375709  0.38174771  0.39983605  0.39375709  0.38174771  0.43100742  0.43740327  0.43740327  0.47024352  0.43100742  0.40596563  0.40596563  0.40596563  0.40596563  0.38174771  0.36409316  0.35830115  0.43100742  0.41214668  0.37581569  0.36409316  0.42466667  0.36993109  0.41214668  0.41838006  0.41214668  0.40596563  0.36993109  0.36409316  0.46355722  0.46355722  0.49067466  0.39983605  0.47699109  0.49761302  0.35830115  0.37581569  0.43100742  0.44385517  0.39375709  0.37581569  0.41214668  0.39983605  0.34685209  0.33000557  0.33000557  0.38772791  0.41214668  0.39983605  0.43740327  0.44385517  0.39983605  0.40596563  0.39983605  0.40596563  0.37581569  0.37581569  0.41838006  0.38174771  0.39375709  0.43100742  0.40596563  0.33557835  0.34685209  0.32447466  0.31353595  0.44385517  0.34685209  0.35255436  0.34685209  0.34685209  0.35255436  0.36993109  0.41838006  0.37581569  0.35255436  0.47024352  0.49761302  0.45693111  0.44385517  0.40596563  0.35830115  0.38174771  0.36409316  0.35830115  0.46355722  0.45693111  0.44385517  0.48380109  0.46355722  0.36993109  0.40596563  0.37581569  0.39983605  0.41838006  0.40596563  0.38174771  0.36409316  0.38174771  0.42466667  0.39375709  0.39983605  0.41214668  0.43740327  0.45036411  0.42466667  0.43740327  0.39983605  0.34685209  0.31898499  0.31898499  0.34119364  0.34119364  0.34685209  0.34685209  0.35255436  0.36993109  0.38174771  0.34685209  0.34685209  0.36993109  0.40596563  0.33557835  0.33557835  0.35255436  0.35255436  0.34119364  0.31898499  0.31898499  0.36993109  0.39983605  0.37581569  0.41214668  0.39983605  0.41214668  0.36993109  0.36993109  
79_0_0     0.47024352  0.46355722  0.39983605  0.35830115  0.34685209  0.35830115  0.35255436  0.00000000  0.00000000  0.11905754  0.11076728  0.11490074  0.11076728  0.08644234  0.08644234  0.14450363  0.07457478  0.07457478  0.06676804  0.06289549  0.06676804  0.08644234  0.09044109  0.25111192  0.28687982  0.28687982  0.28687982  0.28166249  0.28166249  0.28687982  0.28687982  0.31353595  0.30812695  0.24120378  0.24614118  0.29742674  0.27133745  0.30275740  0.26622874  0.25111192  0.30812695  0.31898499  0.31353595  0.31353595  0.31353595  0.43100742  0.40596563  0.38772791  0.37581569  0.38772791  0.39983605  0.41214668  0.38772791  0.39375709  0.38174771  0.39983605  0.39375709  0.38174771  0.43100742  0.43740327  0.43740327  0.47024352  0.43100742  0.40596563  0.40596563  0.40596563  0.40596563  0.38174771  0.36409316  0.35830115  0.43100742  0.41214668  0.37581569  0.36409316  0.42466667  0.36993109  0.41214668  0.41838006  0.41214668  0.40596563  0.36993109  0.36409316  0.46355722  0.46355722  0.49067466  0.39983605  0.47699109  0.49761302  0.35830115  0.37581569  0.43100742  0.44385517  0.39375709  0.37581569  0.41214668  0.39983605  0.34685209  0.33000557  0.33000557  0.38772791  0.41214668  0.39983605  0.43740327  0.44385517  0.39983605  0.40596563  0.39983605  0.40596563  0.37581569  0.37581569  0.41838006  0.38174771  0.39375709  0.43100742  0.40596563  0.33557835  0.34685209  0.32447466  0.31353595  0.44385517  0.34685209  0.35255436  0.34685209  0.34685209  0.35255436  0.36993109  0.41838006  0.37581569  0.35255436  0.47024352  0.49761302  0.45693111  0.44385517  0.40596563  0.35830115  0.38174771  0.36409316  0.35830115  0.46355722  0.45693111  0.44385517  0.48380109  0.46355722  0.36993109  0.40596563  0.37581569  0.39983605  0.41838006  0.40596563  0.38174771  0.36409316  0.38174771  0.42466667  0.39375709  0.39983605  0.41214668  0.43740327  0.45036411  0.42466667  0.43740327  0.39983605  0.34685209  0.31898499  0.31898499  0.34119364  0.34119364  0.34685209  0.34685209  0.35255436  0.36993109  0.38174771  0.34685209  0.34685209  0.36993109  0.40596563  0.33557835  0.33557835  0.35255436  0.35255436  0.34119364  0.31898499  0.31898499  0.36993109  0.39983605  0.37581569  0.41214668  0.39983605  0.41214668  0.36993109  0.36993109  
89_29_0    0.47699109  0.47024352  0.40596563  0.37581569  0.36409316  0.37581569  0.39375709  0.11905754  0.11905754  0.00000000  0.09044109  0.09446167  0.09044109  0.06676804  0.06676804  0.17534694  0.11076728  0.11076728  0.10256933  0.10665689  0.10256933  0.11490074  0.16196984  0.28166249  0.27648187  0.27648187  0.27648187  0.26115523  0.26115523  0.26622874  0.26622874  0.30812695  0.29213439  0.25111192  0.27648187  0.31898499  0.29213439  0.33557835  0.30812695  0.30275740  0.34685209  0.30275740  0.33000557  0.33557835  0.31898499  0.42466667  0.48380109  0.49067466  0.43740327  0.45036411  0.45036411  0.41214668  0.41838006  0.42466667  0.41214668  0.43100742  0.43740327  0.45693111  0.46355722  0.47024352  0.47024352  0.49067466  0.44385517  0.45036411  0.45036411  0.45036411  0.46355722  0.43740327  0.43100742  0.39983605  0.41838006  0.43740327  0.41838006  0.40596563  0.46355722  0.41838006  0.43100742  0.43100742  0.42466667  0.43100742  0.35830115  0.36993109  0.46355722  0.46355722  0.47699109  0.41214668  0.50461740  0.54067521  0.39375709  0.42466667  0.42466667  0.45693111  0.41838006  0.42466667  0.45036411  0.47024352  0.39983605  0.38174771  0.38174771  0.47699109  0.41838006  0.44385517  0.47024352  0.47699109  0.43100742  0.43740327  0.43100742  0.45693111  0.41838006  0.41838006  0.45036411  0.42466667  0.45036411  0.43100742  0.43100742  0.35830115  0.38772791  0.36993109  0.39375709  0.44385517  0.36993109  0.38772791  0.38174771  0.36993109  0.37581569  0.39375709  0.44385517  0.40596563  0.38772791  0.47024352  0.52603948  0.49067466  0.50461740  0.42466667  0.38174771  0.41838006  0.39983605  0.36993109  0.44385517  0.43740327  0.43740327  0.45036411  0.43100742  0.39983605  0.41214668  0.40596563  0.43100742  0.45693111  0.45693111  0.43100742  0.42466667  0.40596563  0.45693111  0.41214668  0.41838006  0.42466667  0.43740327  0.45036411  0.42466667  0.41214668  0.39375709  0.39375709  0.41214668  0.42466667  0.42466667  0.42466667  0.40596563  0.44385517  0.40596563  0.45693111  0.45693111  0.43740327  0.43740327  0.42466667  0.42466667  0.43740327  0.43740327  0.41214668  0.42466667  0.39983605  0.39983605  0.39983605  0.39375709  0.43100742  0.42466667  0.45036411  0.42466667  0.43740327  0.38174771  0.38174771  
100_29_0   0.46355722  0.45693111  0.43740327  0.35830115  0.35830115  0.35830115  0.37581569  0.11076728  0.11076728  0.09044109  0.00000000  0.00355467  0.00000000  0.05139861  0.05139861  0.13167065  0.08246519  0.08246519  0.07066106  0.07457478  0.07066106  0.10665689  0.14883149  0.29742674  0.30275740  0.30275740  0.30275740  0.29742674  0.29742674  0.30275740  0.30275740  0.32447466  0.30812695  0.27648187  0.26115523  0.30275740  0.28687982  0.31353595  0.27133745  0.26622874  0.35255436  0.29213439  0.34119364  0.34119364  0.33000557  0.39375709  0.43740327  0.43100742  0.38174771  0.39375709  0.41838006  0.40596563  0.38174771  0.38772791  0.38772791  0.40596563  0.42466667  0.43740327  0.46355722  0.45693111  0.45693111  0.49761302  0.45693111  0.41214668  0.41214668  0.41214668  0.45036411  0.45036411  0.39983605  0.38174771  0.40596563  0.43100742  0.40596563  0.39375709  0.47699109  0.41214668  0.41838006  0.47024352  0.43100742  0.45036411  0.35830115  0.38772791  0.47699109  0.49067466  0.47699109  0.39983605  0.45036411  0.47024352  0.36993109  0.40596563  0.44385517  0.43740327  0.41214668  0.40596563  0.44385517  0.46355722  0.37581569  0.36409316  0.36409316  0.41214668  0.41214668  0.42466667  0.41214668  0.44385517  0.41214668  0.41838006  0.39983605  0.41838006  0.38772791  0.38772791  0.43740327  0.39983605  0.39983605  0.40596563  0.39375709  0.36409316  0.36993109  0.35255436  0.36409316  0.43740327  0.36993109  0.38772791  0.38174771  0.36993109  0.37581569  0.36993109  0.45693111  0.40596563  0.38174771  0.51168906  0.57084958  0.51168906  0.50461740  0.41214668  0.37581569  0.39983605  0.41838006  0.35255436  0.49761302  0.47699109  0.49067466  0.51882930  0.49761302  0.38174771  0.41214668  0.38772791  0.41214668  0.43100742  0.43100742  0.39983605  0.40596563  0.41214668  0.47024352  0.41214668  0.41214668  0.41838006  0.44385517  0.45036411  0.42466667  0.42466667  0.41838006  0.37581569  0.40596563  0.41838006  0.43100742  0.43100742  0.43740327  0.43740327  0.41838006  0.45036411  0.45036411  0.41838006  0.41838006  0.41838006  0.45036411  0.40596563  0.40596563  0.41838006  0.40596563  0.39375709  0.38174771  0.38174771  0.41838006  0.43100742  0.36993109  0.41838006  0.37581569  0.38772791  0.42466667  0.42466667  
77_29_0    0.47024352  0.46355722  0.43100742  0.36409316  0.36409316  0.36409316  0.38174771  0.11490074  0.11490074  0.09446167  0.00355467  0.00000000  0.00355467  0.05521099  0.05521099  0.13592350  0.08644234  0.08644234  0.07457478  0.07850941  0.07457478  0.11076728  0.15318494  0.29213439  0.29742674  0.29742674  0.29742674  0.29213439  0.29213439  0.29742674  0.29742674  0.31898499  0.30275740  0.27133745  0.25611645  0.29742674  0.28166249  0.30812695  0.26622874  0.26115523  0.35830115  0.28687982  0.33557835  0.33557835  0.32447466  0.38772791  0.44385517  0.43740327  0.38772791  0.39983605  0.42466667  0.41214668  0.38772791  0.38174771  0.39375709  0.41214668  0.43100742  0.44385517  0.47024352  0.46355722  0.46355722  0.50461740  0.46355722  0.40596563  0.40596563  0.41838006  0.45693111  0.45036411  0.40596563  0.38772791  0.41214668  0.43100742  0.41214668  0.38772791  0.48380109  0.41838006  0.42466667  0.47699109  0.43740327  0.45693111  0.36409316  0.39375709  0.48380109  0.49761302  0.47024352  0.40596563  0.44385517  0.46355722  0.37581569  0.39983605  0.45036411  0.43100742  0.41838006  0.41214668  0.43740327  0.45693111  0.38174771  0.36993109  0.36993109  0.41838006  0.40596563  0.43100742  0.41838006  0.45036411  0.41838006  0.42466667  0.40596563  0.42466667  0.39375709  0.39375709  0.44385517  0.40596563  0.40596563  0.41214668  0.39983605  0.36993109  0.37581569  0.35830115  0.36993109  0.43100742  0.37581569  0.39375709  0.38772791  0.37581569  0.38174771  0.37581569  0.45036411  0.41214668  0.38772791  0.51882930  0.56318925  0.51882930  0.51168906  0.41838006  0.38174771  0.40596563  0.42466667  0.35830115  0.49067466  0.47024352  0.48380109  0.51168906  0.49067466  0.38772791  0.40596563  0.39375709  0.41838006  0.43740327  0.42466667  0.39983605  0.40596563  0.41214668  0.47024352  0.41838006  0.41838006  0.42466667  0.45036411  0.45693111  0.43100742  0.43100742  0.42466667  0.38174771  0.41214668  0.42466667  0.43740327  0.43740327  0.44385517  0.44385517  0.42466667  0.44385517  0.44385517  0.42466667  0.42466667  0.42466667  0.45693111  0.41214668  0.41214668  0.42466667  0.41214668  0.39983605  0.38772791  0.38772791  0.41214668  0.42466667  0.37581569  0.42466667  0.38174771  0.38174771  0.43100742  0.43100742  
81_29_0    0.46355722  0.45693111  0.43740327  0.35830115  0.35830115  0.35830115  0.37581569  0.11076728  0.11076728  0.09044109  0.00000000  0.00355467  0.00000000  0.05139861  0.05139861  0.13167065  0.08246519  0.08246519  0.07066106  0.07457478  0.07066106  0.10665689  0.14883149  0.29742674  0.30275740  0.30275740  0.30275740  0.29742674  0.29742674  0.30275740  0.30275740  0.32447466  0.30812695  0.27648187  0.26115523  0.30275740  0.28687982  0.31353595  0.27133745  0.26622874  0.35255436  0.29213439  0.34119364  0.34119364  0.33000557  0.39375709  0.43740327  0.43100742  0.38174771  0.39375709  0.41838006  0.40596563  0.38174771  0.38772791  0.38772791  0.40596563  0.42466667  0.43740327  0.46355722  0.45693111  0.45693111  0.49761302  0.45693111  0.41214668  0.41214668  0.41214668  0.45036411  0.45036411  0.39983605  0.38174771  0.40596563  0.43100742  0.40596563  0.39375709  0.47699109  0.41214668  0.41838006  0.47024352  0.43100742  0.45036411  0.35830115  0.38772791  0.47699109  0.49067466  0.47699109  0.39983605  0.45036411  0.47024352  0.36993109  0.40596563  0.44385517  0.43740327  0.41214668  0.40596563  0.44385517  0.46355722  0.37581569  0.36409316  0.36409316  0.41214668  0.41214668  0.42466667  0.41214668  0.44385517  0.41214668  0.41838006  0.39983605  0.41838006  0.38772791  0.38772791  0.43740327  0.39983605  0.39983605  0.40596563  0.39375709  0.36409316  0.36993109  0.35255436  0.36409316  0.43740327  0.36993109  0.38772791  0.38174771  0.36993109  0.37581569  0.36993109  0.45693111  0.40596563  0.38174771  0.51168906  0.57084958  0.51168906  0.50461740  0.41214668  0.37581569  0.39983605  0.41838006  0.35255436  0.49761302  0.47699109  0.49067466  0.51882930  0.49761302  0.38174771  0.41214668  0.38772791  0.41214668  0.43100742  0.43100742  0.39983605  0.40596563  0.41214668  0.47024352  0.41214668  0.41214668  0.41838006  0.44385517  0.45036411  0.42466667  0.42466667  0.41838006  0.37581569  0.40596563  0.41838006  0.43100742  0.43100742  0.43740327  0.43740327  0.41838006  0.45036411  0.45036411  0.41838006  0.41838006  0.41838006  0.45036411  0.40596563  0.40596563  0.41838006  0.40596563  0.39375709  0.38174771  0.38174771  0.41838006  0.43100742  0.36993109  0.41838006  0.37581569  0.38772791  0.42466667  0.42466667  
78_29_0    0.48380109  0.47699109  0.43100742  0.39983605  0.39983605  0.39983605  0.40596563  0.08644234  0.08644234  0.06676804  0.05139861  0.05521099  0.05139861  0.00000000  0.00000000  0.13592350  0.07850941  0.07850941  0.07066106  0.06676804  0.07066106  0.09044109  0.12744222  0.29742674  0.29213439  0.29213439  0.29213439  0.28687982  0.28687982  0.29213439  0.29213439  0.32447466  0.30812695  0.26622874  0.28166249  0.32447466  0.30812695  0.34685209  0.28166249  0.27648187  0.33557835  0.31353595  0.33557835  0.33557835  0.32447466  0.41838006  0.44385517  0.43740327  0.38772791  0.39983605  0.42466667  0.41214668  0.38772791  0.39375709  0.38174771  0.39983605  0.42466667  0.41214668  0.46355722  0.47024352  0.47024352  0.49761302  0.45036411  0.41214668  0.41214668  0.41214668  0.43740327  0.43740327  0.40596563  0.38772791  0.44385517  0.43740327  0.41214668  0.38772791  0.45036411  0.41838006  0.41214668  0.47024352  0.42466667  0.44385517  0.36409316  0.39375709  0.47024352  0.48380109  0.48380109  0.39983605  0.45693111  0.49067466  0.36993109  0.41214668  0.45036411  0.44385517  0.40596563  0.41214668  0.45036411  0.44385517  0.38174771  0.36409316  0.36409316  0.42466667  0.41214668  0.43740327  0.43740327  0.47024352  0.42466667  0.43100742  0.41838006  0.43740327  0.40596563  0.40596563  0.44385517  0.41838006  0.41838006  0.42466667  0.41214668  0.35830115  0.36409316  0.35830115  0.36993109  0.43740327  0.37581569  0.39375709  0.38772791  0.37581569  0.38174771  0.38772791  0.45036411  0.39983605  0.39983605  0.49761302  0.55560781  0.48380109  0.48380109  0.43100742  0.38174771  0.40596563  0.39983605  0.36993109  0.49067466  0.47024352  0.47024352  0.51168906  0.49067466  0.39983605  0.42466667  0.39375709  0.41838006  0.47699109  0.47699109  0.41838006  0.39983605  0.40596563  0.45036411  0.42466667  0.43100742  0.44385517  0.47024352  0.48380109  0.42466667  0.43740327  0.41838006  0.39375709  0.38772791  0.38772791  0.41214668  0.41214668  0.41838006  0.41838006  0.39983605  0.45693111  0.45693111  0.39983605  0.39983605  0.41214668  0.44385517  0.41838006  0.41838006  0.42466667  0.42466667  0.38772791  0.37581569  0.37581569  0.41214668  0.45693111  0.38772791  0.45036411  0.41214668  0.42466667  0.39983605  0.39983605  
98_29_0    0.48380109  0.47699109  0.43100742  0.39983605  0.39983605  0.39983605  0.40596563  0.08644234  0.08644234  0.06676804  0.05139861  0.05521099  0.05139861  0.00000000  0.00000000  0.13592350  0.07850941  0.07850941  0.07066106  0.06676804  0.07066106  0.09044109  0.12744222  0.29742674  0.29213439  0.29213439  0.29213439  0.28687982  0.28687982  0.29213439  0.29213439  0.32447466  0.30812695  0.26622874  0.28166249  0.32447466  0.30812695  0.34685209  0.28166249  0.27648187  0.33557835  0.31353595  0.33557835  0.33557835  0.32447466  0.41838006  0.44385517  0.43740327  0.38772791  0.39983605  0.42466667  0.41214668  0.38772791  0.39375709  0.38174771  0.39983605  0.42466667  0.41214668  0.46355722  0.47024352  0.47024352  0.49761302  0.45036411  0.41214668  0.41214668  0.41214668  0.43740327  0.43740327  0.40596563  0.38772791  0.44385517  0.43740327  0.41214668  0.38772791  0.45036411  0.41838006  0.41214668  0.47024352  0.42466667  0.44385517  0.36409316  0.39375709  0.47024352  0.48380109  0.48380109  0.39983605  0.45693111  0.49067466  0.36993109  0.41214668  0.45036411  0.44385517  0.40596563  0.41214668  0.45036411  0.44385517  0.38174771  0.36409316  0.36409316  0.42466667  0.41214668  0.43740327  0.43740327  0.47024352  0.42466667  0.43100742  0.41838006  0.43740327  0.40596563  0.40596563  0.44385517  0.41838006  0.41838006  0.42466667  0.41214668  0.35830115  0.36409316  0.35830115  0.36993109  0.43740327  0.37581569  0.39375709  0.38772791  0.37581569  0.38174771  0.38772791  0.45036411  0.39983605  0.39983605  0.49761302  0.55560781  0.48380109  0.48380109  0.43100742  0.38174771  0.40596563  0.39983605  0.36993109  0.49067466  0.47024352  0.47024352  0.51168906  0.49067466  0.39983605  0.42466667  0.39375709  0.41838006  0.47699109  0.47699109  0.41838006  0.39983605  0.40596563  0.45036411  0.42466667  0.43100742  0.44385517  0.47024352  0.48380109  0.42466667  0.43740327  0.41838006  0.39375709  0.38772791  0.38772791  0.41214668  0.41214668  0.41838006  0.41838006  0.39983605  0.45693111  0.45693111  0.39983605  0.39983605  0.41214668  0.44385517  0.41838006  0.41838006  0.42466667  0.42466667  0.38772791  0.37581569  0.37581569  0.41214668  0.45693111  0.38772791  0.45036411  0.41214668  0.42466667  0.39983605  0.39983605  
89_0_0     0.43740327  0.44385517  0.38772791  0.36409316  0.36409316  0.36409316  0.38174771  0.14450363  0.14450363  0.17534694  0.13167065  0.13592350  0.13167065  0.13592350  0.13592350  0.00000000  0.08644234  0.08644234  0.08644234  0.09044109  0.08644234  0.13167065  0.16640192  0.33557835  0.34685209  0.34685209  0.34685209  0.31898499  0.31898499  0.32447466  0.32447466  0.34685209  0.31898499  0.31898499  0.29213439  0.32447466  0.31898499  0.33557835  0.28687982  0.29213439  0.35830115  0.36409316  0.38772791  0.38772791  0.38772791  0.36993109  0.44385517  0.43740327  0.43740327  0.45036411  0.46355722  0.45036411  0.41214668  0.41838006  0.43100742  0.43740327  0.46355722  0.43100742  0.43100742  0.42466667  0.42466667  0.52603948  0.49761302  0.44385517  0.44385517  0.44385517  0.43740327  0.43740327  0.43100742  0.39983605  0.48380109  0.41838006  0.45036411  0.45036411  0.47024352  0.45036411  0.49067466  0.52603948  0.46355722  0.45693111  0.43740327  0.44385517  0.51882930  0.53332097  0.49067466  0.41838006  0.53332097  0.54810365  0.41214668  0.45693111  0.46355722  0.45693111  0.45693111  0.47699109  0.50461740  0.49761302  0.41838006  0.41838006  0.40596563  0.43740327  0.47024352  0.47024352  0.48380109  0.49067466  0.45693111  0.46355722  0.45036411  0.47024352  0.44385517  0.41214668  0.47699109  0.46355722  0.45036411  0.48380109  0.49761302  0.40596563  0.42466667  0.39375709  0.40596563  0.45693111  0.41214668  0.43100742  0.42466667  0.41214668  0.41838006  0.41214668  0.53332097  0.43740327  0.39983605  0.53332097  0.58641360  0.51882930  0.52603948  0.45693111  0.43100742  0.46355722  0.47699109  0.43100742  0.51882930  0.51168906  0.49761302  0.54067521  0.51882930  0.43740327  0.48380109  0.41214668  0.43740327  0.47024352  0.47024352  0.41838006  0.46355722  0.44385517  0.51168906  0.41214668  0.41838006  0.41214668  0.45693111  0.45693111  0.44385517  0.44385517  0.38772791  0.44385517  0.41838006  0.41838006  0.40596563  0.40596563  0.41214668  0.42466667  0.42466667  0.45036411  0.45693111  0.42466667  0.42466667  0.43100742  0.43100742  0.37581569  0.37581569  0.39983605  0.41214668  0.39983605  0.38772791  0.38772791  0.46355722  0.45693111  0.42466667  0.49761302  0.41214668  0.42466667  0.39375709  0.39375709  
98_0_0     0.45036411  0.44385517  0.39983605  0.36993109  0.36993109  0.36993109  0.38772791  0.07457478  0.07457478  0.11076728  0.08246519  0.08644234  0.08246519  0.07850941  0.07850941  0.08644234  0.00000000  0.00000000  0.01432283  0.01794750  0.01432283  0.07066106  0.11076728  0.29742674  0.30275740  0.31353595  0.31353595  0.28687982  0.28687982  0.29213439  0.29213439  0.33557835  0.30812695  0.27648187  0.27648187  0.30812695  0.30275740  0.34119364  0.28687982  0.28166249  0.34119364  0.30812695  0.32447466  0.32447466  0.32447466  0.38772791  0.45693111  0.43740327  0.42466667  0.43740327  0.45036411  0.43740327  0.41214668  0.41838006  0.40596563  0.42466667  0.44385517  0.42466667  0.45693111  0.46355722  0.46355722  0.49067466  0.45693111  0.40596563  0.40596563  0.40596563  0.43100742  0.41838006  0.38772791  0.37581569  0.43100742  0.41214668  0.42466667  0.41214668  0.44385517  0.41214668  0.45036411  0.45693111  0.42466667  0.41838006  0.37581569  0.38174771  0.48380109  0.49761302  0.48380109  0.39375709  0.47699109  0.51168906  0.38772791  0.42466667  0.43740327  0.45693111  0.41838006  0.41214668  0.44385517  0.43740327  0.38772791  0.36993109  0.36993109  0.41838006  0.41838006  0.44385517  0.45693111  0.46355722  0.43100742  0.43740327  0.43100742  0.45036411  0.42466667  0.41214668  0.43100742  0.40596563  0.40596563  0.45036411  0.45036411  0.36993109  0.38772791  0.36993109  0.36993109  0.44385517  0.38772791  0.40596563  0.39983605  0.38772791  0.39375709  0.39983605  0.47699109  0.39983605  0.36409316  0.48380109  0.52603948  0.45693111  0.47024352  0.43100742  0.39375709  0.40596563  0.39983605  0.39375709  0.47699109  0.47024352  0.45693111  0.49761302  0.47699109  0.39983605  0.43740327  0.39375709  0.41838006  0.44385517  0.43100742  0.40596563  0.41214668  0.40596563  0.47699109  0.41214668  0.40596563  0.41838006  0.43100742  0.43100742  0.41838006  0.41838006  0.41214668  0.41214668  0.39375709  0.39375709  0.39375709  0.39375709  0.38772791  0.39983605  0.41838006  0.43740327  0.43740327  0.40596563  0.40596563  0.40596563  0.41838006  0.37581569  0.37581569  0.40596563  0.41838006  0.38174771  0.36993109  0.36993109  0.39983605  0.43740327  0.37581569  0.45036411  0.38772791  0.39983605  0.37581569  0.37581569  
