162
33_0_0     0.00000000  0.01357904  0.12708778  0.14329204  0.19419345  0.19419345  0.18835838  0.21198526  0.21801404  0.21198526  0.18256980  0.17682699  0.24893206  0.24893206  0.64140090  0.55945735  0.50354704  0.55945735  0.53096444  0.51257168  0.54033845  0.53096444  0.51257168  0.53096444  0.59927432  0.52170985  0.50354704  0.50354704  0.55945735  0.57909307  0.60957916  0.59927432  0.57909307  0.63063803  0.66341719  0.58911361  0.59927432  0.54983500  0.56920887  0.60957916  0.53096444  0.56920887  0.56920887  0.48582729  0.58911361  0.64140090  0.58911361  0.58911361  0.58911361  0.59927432  0.63063803  0.56920887  0.60957916  0.67468071  0.60957916  0.67468071  0.66341719  0.62003229  0.59927432  0.50354704  0.48582729  0.55945735  0.56920887  0.58911361  0.62003229  0.59927432  0.62003229  0.62003229  0.59927432  0.64140090  0.63063803  0.59927432  0.63063803  0.68612163  0.64140090  0.62003229  0.68612163  0.68612163  0.68612163  0.72156694  0.67468071  0.60957916  0.62003229  0.57909307  0.58911361  0.54033845  0.54983500  0.54033845  0.59927432  0.49463314  0.59927432  0.60957916  0.72156694  0.65232564  0.65232564  0.62003229  0.62003229  0.57909307  0.48582729  0.51257168  0.47712691  0.46852950  0.46003265  0.41103850  0.79811013  0.86869896  0.78477966  0.52170985  0.54033845  0.52170985  0.51257168  0.52170985  0.54033845  0.51257168  0.53096444  0.67468071  0.65232564  0.63063803  0.66341719  0.69774562  0.67468071  0.62003229  0.66341719  0.57909307  0.58911361  0.65232564  0.54983500  0.49463314  0.51257168  0.54033845  0.53096444  0.52170985  0.54033845  0.59927432  0.48582729  0.54983500  0.58911361  0.59927432  0.59927432  0.53096444  0.54983500  0.50354704  0.54983500  0.53096444  0.53096444  0.53096444  0.56920887  0.54033845  0.50354704  0.49463314  0.51257168  0.51257168  0.55945735  0.53096444  0.62003229  0.65232564  0.68612163  0.65232564  0.69774562  0.68612163  0.74619597  0.72156694  
56_0_0     0.01357904  0.00000000  0.11123711  0.12708778  0.17682699  0.18256980  0.17682699  0.20600611  0.21198526  0.20600611  0.18835838  0.17112922  0.25527676  0.25527676  0.64140090  0.55945735  0.52170985  0.57909307  0.54983500  0.53096444  0.54033845  0.52170985  0.51257168  0.52170985  0.58911361  0.52170985  0.52170985  0.52170985  0.55945735  0.59927432  0.60957916  0.59927432  0.59927432  0.65232564  0.67468071  0.59927432  0.60957916  0.56920887  0.58911361  0.63063803  0.54983500  0.56920887  0.56920887  0.50354704  0.60957916  0.66341719  0.60957916  0.62003229  0.59927432  0.62003229  0.63063803  0.58911361  0.60957916  0.67468071  0.58911361  0.65232564  0.64140090  0.62003229  0.59927432  0.52170985  0.50354704  0.54983500  0.56920887  0.58911361  0.65232564  0.63063803  0.60957916  0.63063803  0.60957916  0.63063803  0.62003229  0.58911361  0.64140090  0.69774562  0.65232564  0.62003229  0.69774562  0.69774562  0.69774562  0.72156694  0.67468071  0.59927432  0.62003229  0.57909307  0.58911361  0.54033845  0.54983500  0.52170985  0.62003229  0.50354704  0.60957916  0.63063803  0.74619597  0.65232564  0.67468071  0.64140090  0.64140090  0.57909307  0.49463314  0.52170985  0.48582729  0.47712691  0.46852950  0.41897815  0.79811013  0.83963528  0.75883086  0.52170985  0.54033845  0.50354704  0.53096444  0.54033845  0.55945735  0.53096444  0.54983500  0.65232564  0.63063803  0.63063803  0.66341719  0.67468071  0.67468071  0.59927432  0.66341719  0.57909307  0.58911361  0.66341719  0.55945735  0.50354704  0.52170985  0.54983500  0.54033845  0.50354704  0.52170985  0.57909307  0.46852950  0.54983500  0.58911361  0.59927432  0.59927432  0.53096444  0.54983500  0.50354704  0.54983500  0.53096444  0.53096444  0.54983500  0.58911361  0.54033845  0.50354704  0.51257168  0.53096444  0.53096444  0.55945735  0.53096444  0.63063803  0.66341719  0.66341719  0.63063803  0.73377708  0.67468071  0.73377708  0.73377708  
95_0_0     0.12708778  0.11123711  0.00000000  0.19419345  0.23640650  0.24264228  0.24893206  0.28122469  0.25527676  0.26167737  0.24893206  0.22409326  0.30813391  0.30813391  0.67468071  0.58911361  0.56920887  0.63063803  0.62003229  0.59927432  0.54033845  0.52170985  0.46003265  0.62003229  0.67468071  0.52170985  0.56920887  0.56920887  0.58911361  0.65232564  0.64140090  0.64140090  0.62003229  0.65232564  0.67468071  0.62003229  0.63063803  0.57909307  0.55945735  0.60957916  0.54033845  0.62003229  0.59927432  0.47712691  0.69774562  0.69774562  0.69774562  0.60957916  0.59927432  0.60957916  0.67468071  0.63063803  0.67468071  0.67468071  0.62003229  0.66341719  0.65232564  0.63063803  0.57909307  0.62003229  0.52170985  0.59927432  0.59927432  0.62003229  0.66341719  0.64140090  0.64140090  0.57909307  0.55945735  0.63063803  0.59927432  0.66341719  0.68612163  0.66341719  0.64140090  0.62003229  0.67468071  0.67468071  0.65232564  0.72156694  0.67468071  0.60957916  0.63063803  0.64140090  0.65232564  0.62003229  0.60957916  0.59927432  0.57909307  0.58911361  0.68612163  0.65232564  0.72156694  0.65232564  0.70955865  0.67468071  0.69774562  0.64140090  0.58911361  0.53096444  0.48582729  0.49463314  0.52170985  0.52170985  0.89897406  0.88367880  0.85402178  0.57909307  0.59927432  0.55945735  0.56920887  0.59927432  0.57909307  0.56920887  0.55945735  0.63063803  0.62003229  0.66341719  0.73377708  0.74619597  0.74619597  0.69774562  0.74619597  0.59927432  0.60957916  0.69774562  0.66341719  0.60957916  0.60957916  0.63063803  0.59927432  0.62003229  0.64140090  0.67468071  0.58911361  0.64140090  0.66341719  0.66341719  0.69774562  0.60957916  0.60957916  0.55945735  0.58911361  0.54983500  0.54983500  0.54983500  0.63063803  0.60957916  0.58911361  0.63063803  0.63063803  0.63063803  0.68612163  0.63063803  0.67468071  0.67468071  0.68612163  0.69774562  0.68612163  0.74619597  0.81168981  0.82552817  
61_0_0     0.14329204  0.12708778  0.19419345  0.00000000  0.18256980  0.20600611  0.23022380  0.22409326  0.20007577  0.20600611  0.18835838  0.18256980  0.28122469  0.28122469  0.69774562  0.59927432  0.55945735  0.60957916  0.62003229  0.63063803  0.57909307  0.53096444  0.56920887  0.57909307  0.62003229  0.54983500  0.54033845  0.54033845  0.55945735  0.66341719  0.57909307  0.57909307  0.58911361  0.62003229  0.63063803  0.59927432  0.63063803  0.56920887  0.57909307  0.65232564  0.57909307  0.56920887  0.54983500  0.50354704  0.63063803  0.66341719  0.63063803  0.59927432  0.67468071  0.68612163  0.60957916  0.57909307  0.65232564  0.59927432  0.62003229  0.62003229  0.62003229  0.63063803  0.65232564  0.54983500  0.58911361  0.60957916  0.63063803  0.65232564  0.62003229  0.64140090  0.59927432  0.67468071  0.60957916  0.64140090  0.63063803  0.70955865  0.70955865  0.67468071  0.66341719  0.63063803  0.64140090  0.66341719  0.62003229  0.67468071  0.63063803  0.59927432  0.63063803  0.56920887  0.59927432  0.55945735  0.56920887  0.56920887  0.64140090  0.55945735  0.64140090  0.67468071  0.75883086  0.64140090  0.66341719  0.66341719  0.66341719  0.62003229  0.52170985  0.51257168  0.50354704  0.51257168  0.51257168  0.46003265  0.79811013  0.81168981  0.75883086  0.54033845  0.54033845  0.52170985  0.54033845  0.58911361  0.58911361  0.54983500  0.56920887  0.67468071  0.60957916  0.66341719  0.68612163  0.66341719  0.68612163  0.62003229  0.68612163  0.63063803  0.64140090  0.60957916  0.56920887  0.50354704  0.57909307  0.57909307  0.56920887  0.54983500  0.50354704  0.55945735  0.52170985  0.56920887  0.59927432  0.56920887  0.60957916  0.53096444  0.53096444  0.49463314  0.55945735  0.54033845  0.52170985  0.56920887  0.58911361  0.57909307  0.55945735  0.53096444  0.53096444  0.57909307  0.54983500  0.54983500  0.55945735  0.66341719  0.66341719  0.60957916  0.66341719  0.68612163  0.74619597  0.70955865  
54_0_0     0.19419345  0.17682699  0.23640650  0.18256980  0.00000000  0.07058541  0.08053706  0.05590897  0.20007577  0.20007577  0.20007577  0.18835838  0.23640650  0.23640650  0.69774562  0.63063803  0.58911361  0.57909307  0.54983500  0.56920887  0.56920887  0.52170985  0.52170985  0.60957916  0.64140090  0.52170985  0.47712691  0.47712691  0.49463314  0.54983500  0.55945735  0.57909307  0.59927432  0.62003229  0.59927432  0.56920887  0.59927432  0.54033845  0.54033845  0.54983500  0.54983500  0.58911361  0.58911361  0.50354704  0.57909307  0.63063803  0.68612163  0.64140090  0.63063803  0.65232564  0.65232564  0.60957916  0.72156694  0.70955865  0.58911361  0.62003229  0.62003229  0.63063803  0.57909307  0.56920887  0.52170985  0.59927432  0.55945735  0.59927432  0.62003229  0.58911361  0.54983500  0.62003229  0.62003229  0.58911361  0.59927432  0.62003229  0.62003229  0.67468071  0.64140090  0.59927432  0.67468071  0.67468071  0.67468071  0.66341719  0.62003229  0.60957916  0.55945735  0.51257168  0.50354704  0.51257168  0.52170985  0.52170985  0.63063803  0.52170985  0.63063803  0.60957916  0.68612163  0.64140090  0.63063803  0.62003229  0.62003229  0.51257168  0.57909307  0.54033845  0.47712691  0.46852950  0.50354704  0.47712691  0.78477966  0.79811013  0.74619597  0.60957916  0.63063803  0.64140090  0.62003229  0.68612163  0.63063803  0.59927432  0.63063803  0.68612163  0.66341719  0.68612163  0.65232564  0.66341719  0.70955865  0.62003229  0.65232564  0.65232564  0.66341719  0.63063803  0.54983500  0.51257168  0.56920887  0.56920887  0.56920887  0.58911361  0.56920887  0.56920887  0.52170985  0.56920887  0.62003229  0.59927432  0.57909307  0.57909307  0.57909307  0.51257168  0.58911361  0.62003229  0.58911361  0.64140090  0.63063803  0.65232564  0.63063803  0.56920887  0.56920887  0.59927432  0.56920887  0.54983500  0.58911361  0.54033845  0.68612163  0.64140090  0.72156694  0.72156694  0.79811013  0.79811013  
75_0_0     0.19419345  0.18256980  0.24264228  0.20600611  0.07058541  0.00000000  0.05108198  0.08556448  0.23640650  0.20600611  0.19419345  0.17112922  0.23022380  0.23022380  0.66341719  0.64140090  0.56920887  0.59927432  0.56920887  0.54983500  0.56920887  0.54983500  0.50354704  0.60957916  0.64140090  0.52170985  0.47712691  0.46852950  0.48582729  0.56920887  0.60957916  0.63063803  0.55945735  0.59927432  0.59927432  0.57909307  0.62003229  0.51257168  0.51257168  0.57909307  0.52170985  0.56920887  0.56920887  0.52170985  0.60957916  0.66341719  0.63063803  0.65232564  0.59927432  0.69774562  0.65232564  0.57909307  0.66341719  0.66341719  0.57909307  0.57909307  0.58911361  0.59927432  0.55945735  0.54983500  0.53096444  0.57909307  0.54033845  0.57909307  0.64140090  0.59927432  0.54983500  0.63063803  0.60957916  0.57909307  0.58911361  0.64140090  0.64140090  0.69774562  0.62003229  0.60957916  0.63063803  0.63063803  0.63063803  0.63063803  0.59927432  0.64140090  0.60957916  0.55945735  0.54983500  0.56920887  0.57909307  0.56920887  0.64140090  0.53096444  0.65232564  0.57909307  0.64140090  0.64140090  0.65232564  0.64140090  0.66341719  0.52170985  0.53096444  0.52170985  0.47712691  0.46852950  0.52170985  0.45163403  0.86869896  0.81168981  0.82552817  0.54983500  0.57909307  0.62003229  0.57909307  0.62003229  0.58911361  0.55945735  0.58911361  0.73377708  0.64140090  0.72156694  0.69774562  0.67468071  0.77168940  0.63063803  0.65232564  0.63063803  0.64140090  0.60957916  0.54983500  0.52170985  0.58911361  0.57909307  0.55945735  0.54983500  0.57909307  0.55945735  0.49463314  0.60957916  0.63063803  0.63063803  0.62003229  0.57909307  0.56920887  0.50354704  0.57909307  0.63063803  0.59927432  0.64140090  0.65232564  0.64140090  0.59927432  0.58911361  0.56920887  0.62003229  0.55945735  0.54983500  0.56920887  0.64140090  0.67468071  0.65232564  0.79811013  0.69774562  0.77168940  0.79811013  
21_0_0     0.18835838  0.17682699  0.24893206  0.23022380  0.08053706  0.05108198  0.00000000  0.09572492  0.22409326  0.21801404  0.19419345  0.18256980  0.26813488  0.26813488  0.65232564  0.62003229  0.55945735  0.60957916  0.57909307  0.57909307  0.56920887  0.58911361  0.49463314  0.59927432  0.64140090  0.49463314  0.50354704  0.49463314  0.55945735  0.60957916  0.63063803  0.65232564  0.58911361  0.63063803  0.66341719  0.59927432  0.62003229  0.52170985  0.54033845  0.60957916  0.56920887  0.57909307  0.57909307  0.54983500  0.57909307  0.65232564  0.73377708  0.66341719  0.59927432  0.68612163  0.59927432  0.62003229  0.66341719  0.68612163  0.59927432  0.57909307  0.62003229  0.62003229  0.60957916  0.56920887  0.52170985  0.62003229  0.56920887  0.58911361  0.64140090  0.59927432  0.57909307  0.63063803  0.63063803  0.54983500  0.55945735  0.64140090  0.62003229  0.69774562  0.65232564  0.62003229  0.65232564  0.65232564  0.67468071  0.64140090  0.62003229  0.63063803  0.60957916  0.55945735  0.54983500  0.56920887  0.57909307  0.54983500  0.64140090  0.55945735  0.64140090  0.60957916  0.69774562  0.63063803  0.64140090  0.63063803  0.63063803  0.49463314  0.54033845  0.49463314  0.48582729  0.47712691  0.48582729  0.42700553  0.93056598  0.86869896  0.86869896  0.54983500  0.58911361  0.57909307  0.59927432  0.64140090  0.63063803  0.59927432  0.63063803  0.74619597  0.67468071  0.72156694  0.69774562  0.70955865  0.74619597  0.63063803  0.64140090  0.65232564  0.66341719  0.60957916  0.54033845  0.52170985  0.56920887  0.55945735  0.55945735  0.56920887  0.57909307  0.59927432  0.51257168  0.62003229  0.67468071  0.65232564  0.63063803  0.58911361  0.55945735  0.49463314  0.56920887  0.60957916  0.59927432  0.62003229  0.63063803  0.62003229  0.59927432  0.53096444  0.53096444  0.55945735  0.54033845  0.54983500  0.58911361  0.62003229  0.66341719  0.60957916  0.72156694  0.72156694  0.79811013  0.79811013  
41_0_0     0.21198526  0.20600611  0.28122469  0.22409326  0.05590897  0.08556448  0.09572492  0.00000000  0.20600611  0.18835838  0.17682699  0.16547579  0.23022380  0.23022380  0.66341719  0.59927432  0.52170985  0.53096444  0.50354704  0.52170985  0.54033845  0.54983500  0.54983500  0.55945735  0.58911361  0.48582729  0.46852950  0.46852950  0.50354704  0.53096444  0.56920887  0.58911361  0.57909307  0.55945735  0.63063803  0.59927432  0.60957916  0.53096444  0.50354704  0.57909307  0.52170985  0.57909307  0.59927432  0.49463314  0.59927432  0.65232564  0.68612163  0.66341719  0.62003229  0.66341719  0.62003229  0.59927432  0.72156694  0.70955865  0.58911361  0.59927432  0.59927432  0.64140090  0.57909307  0.57909307  0.52170985  0.63063803  0.56920887  0.58911361  0.56920887  0.54033845  0.52170985  0.63063803  0.62003229  0.55945735  0.56920887  0.62003229  0.62003229  0.64140090  0.59927432  0.60957916  0.67468071  0.66341719  0.66341719  0.63063803  0.60957916  0.60957916  0.57909307  0.50354704  0.49463314  0.52170985  0.53096444  0.52170985  0.65232564  0.51257168  0.57909307  0.55945735  0.64140090  0.66341719  0.60957916  0.58911361  0.58911361  0.52170985  0.57909307  0.55945735  0.50354704  0.49463314  0.47712691  0.44333141  0.79811013  0.79811013  0.78477966  0.58911361  0.60957916  0.64140090  0.59927432  0.63063803  0.63063803  0.57909307  0.60957916  0.73377708  0.65232564  0.72156694  0.69774562  0.67468071  0.73377708  0.62003229  0.64140090  0.68612163  0.69774562  0.62003229  0.56920887  0.51257168  0.60957916  0.54983500  0.56920887  0.62003229  0.59927432  0.62003229  0.53096444  0.56920887  0.62003229  0.65232564  0.59927432  0.60957916  0.58911361  0.54033845  0.57909307  0.60957916  0.57909307  0.63063803  0.59927432  0.64140090  0.59927432  0.55945735  0.55945735  0.56920887  0.54033845  0.52170985  0.57909307  0.54983500  0.69774562  0.65232564  0.73377708  0.69774562  0.77168940  0.74619597  
38_8_0     0.21801404  0.21198526  0.25527676  0.20007577  0.20007577  0.23640650  0.22409326  0.20600611  0.00000000  0.04628686  0.11123711  0.10602949  0.24893206  0.24893206  0.65232564  0.63063803  0.56920887  0.64140090  0.65232564  0.64140090  0.55945735  0.60957916  0.57909307  0.62003229  0.62003229  0.54033845  0.51257168  0.51257168  0.56920887  0.58911361  0.63063803  0.65232564  0.62003229  0.62003229  0.67468071  0.60957916  0.64140090  0.52170985  0.54983500  0.55945735  0.54033845  0.57909307  0.56920887  0.50354704  0.60957916  0.59927432  0.65232564  0.64140090  0.65232564  0.68612163  0.68612163  0.69774562  0.75883086  0.74619597  0.73377708  0.67468071  0.70955865  0.68612163  0.60957916  0.59927432  0.54033845  0.59927432  0.65232564  0.65232564  0.60957916  0.59927432  0.57909307  0.57909307  0.58911361  0.51257168  0.52170985  0.73377708  0.70955865  0.60957916  0.59927432  0.62003229  0.63063803  0.68612163  0.66341719  0.66341719  0.62003229  0.53096444  0.59927432  0.58911361  0.59927432  0.54033845  0.56920887  0.54983500  0.59927432  0.55945735  0.62003229  0.68612163  0.73377708  0.65232564  0.69774562  0.70955865  0.70955865  0.67468071  0.51257168  0.47712691  0.46003265  0.46003265  0.46003265  0.41103850  0.72156694  0.77168940  0.74619597  0.65232564  0.69774562  0.60957916  0.67468071  0.72156694  0.73377708  0.56920887  0.56920887  0.65232564  0.66341719  0.77168940  0.75883086  0.73377708  0.72156694  0.67468071  0.69774562  0.64140090  0.65232564  0.67468071  0.62003229  0.57909307  0.62003229  0.62003229  0.63063803  0.62003229  0.56920887  0.64140090  0.55945735  0.64140090  0.72156694  0.63063803  0.65232564  0.60957916  0.60957916  0.56920887  0.64140090  0.53096444  0.51257168  0.58911361  0.54983500  0.66341719  0.62003229  0.52170985  0.52170985  0.54033845  0.60957916  0.62003229  0.66341719  0.63063803  0.69774562  0.68612163  0.74619597  0.75883086  0.82552817  0.77168940  
85_8_0     0.21198526  0.20600611  0.26167737  0.20600611  0.20007577  0.20600611  0.21801404  0.18835838  0.04628686  0.00000000  0.09062694  0.09062694  0.23022380  0.23022380  0.62003229  0.59927432  0.55945735  0.60957916  0.59927432  0.56920887  0.52170985  0.54033845  0.56920887  0.55945735  0.58911361  0.52170985  0.50354704  0.50354704  0.55945735  0.58911361  0.63063803  0.63063803  0.60957916  0.59927432  0.63063803  0.63063803  0.64140090  0.50354704  0.51257168  0.54983500  0.53096444  0.57909307  0.59927432  0.49463314  0.60957916  0.63063803  0.64140090  0.62003229  0.62003229  0.66341719  0.70955865  0.65232564  0.70955865  0.69774562  0.64140090  0.59927432  0.64140090  0.65232564  0.57909307  0.57909307  0.53096444  0.60957916  0.64140090  0.62003229  0.60957916  0.63063803  0.58911361  0.60957916  0.56920887  0.53096444  0.52170985  0.74619597  0.72156694  0.64140090  0.60957916  0.62003229  0.63063803  0.66341719  0.64140090  0.66341719  0.63063803  0.58911361  0.56920887  0.56920887  0.57909307  0.54033845  0.54983500  0.53096444  0.59927432  0.57909307  0.63063803  0.67468071  0.69774562  0.66341719  0.73377708  0.72156694  0.72156694  0.64140090  0.49463314  0.49463314  0.46003265  0.46003265  0.47712691  0.45163403  0.74619597  0.74619597  0.74619597  0.62003229  0.66341719  0.63063803  0.69774562  0.74619597  0.75883086  0.55945735  0.57909307  0.68612163  0.65232564  0.81168981  0.75883086  0.70955865  0.77168940  0.65232564  0.69774562  0.66341719  0.67468071  0.65232564  0.58911361  0.55945735  0.63063803  0.59927432  0.60957916  0.59927432  0.57909307  0.64140090  0.55945735  0.64140090  0.68612163  0.60957916  0.63063803  0.58911361  0.58911361  0.55945735  0.60957916  0.52170985  0.51257168  0.60957916  0.56920887  0.66341719  0.62003229  0.55945735  0.55945735  0.57909307  0.58911361  0.59927432  0.65232564  0.66341719  0.68612163  0.67468071  0.74619597  0.72156694  0.79811013  0.77168940  
38_0_0     0.18256980  0.18835838  0.24893206  0.18835838  0.20007577  0.19419345  0.19419345  0.17682699  0.11123711  0.09062694  0.00000000  0.02741675  0.22409326  0.22409326  0.62003229  0.58911361  0.53096444  0.54033845  0.54983500  0.55945735  0.54983500  0.54033845  0.51257168  0.56920887  0.59927432  0.52170985  0.49463314  0.49463314  0.54033845  0.52170985  0.58911361  0.58911361  0.56920887  0.58911361  0.65232564  0.60957916  0.64140090  0.49463314  0.52170985  0.54033845  0.48582729  0.55945735  0.56920887  0.47712691  0.59927432  0.65232564  0.65232564  0.64140090  0.64140090  0.62003229  0.69774562  0.64140090  0.69774562  0.69774562  0.65232564  0.64140090  0.67468071  0.64140090  0.62003229  0.55945735  0.48582729  0.62003229  0.60957916  0.58911361  0.57909307  0.58911361  0.55945735  0.59927432  0.57909307  0.55945735  0.56920887  0.69774562  0.65232564  0.58911361  0.62003229  0.57909307  0.60957916  0.64140090  0.62003229  0.65232564  0.62003229  0.56920887  0.59927432  0.54983500  0.55945735  0.51257168  0.54033845  0.51257168  0.58911361  0.54983500  0.65232564  0.65232564  0.72156694  0.67468071  0.68612163  0.65232564  0.65232564  0.62003229  0.54033845  0.53096444  0.50354704  0.49463314  0.46852950  0.43512261  0.78477966  0.78477966  0.77168940  0.59927432  0.64140090  0.59927432  0.63063803  0.66341719  0.68612163  0.53096444  0.55945735  0.73377708  0.65232564  0.81168981  0.73377708  0.67468071  0.73377708  0.64140090  0.63063803  0.63063803  0.64140090  0.64140090  0.59927432  0.52170985  0.60957916  0.55945735  0.56920887  0.58911361  0.56920887  0.60957916  0.53096444  0.59927432  0.60957916  0.58911361  0.58911361  0.57909307  0.57909307  0.53096444  0.59927432  0.54033845  0.53096444  0.55945735  0.55945735  0.62003229  0.57909307  0.54033845  0.55945735  0.55945735  0.55945735  0.53096444  0.62003229  0.65232564  0.69774562  0.67468071  0.70955865  0.69774562  0.77168940  0.72156694  
85_0_0     0.17682699  0.17112922  0.22409326  0.18256980  0.18835838  0.17112922  0.18256980  0.16547579  0.10602949  0.09062694  0.02741675  0.00000000  0.21198526  0.21198526  0.63063803  0.59927432  0.55945735  0.56920887  0.57909307  0.58911361  0.57909307  0.56920887  0.54033845  0.57909307  0.58911361  0.54983500  0.50354704  0.50354704  0.55945735  0.54033845  0.63063803  0.63063803  0.57909307  0.62003229  0.69774562  0.65232564  0.68612163  0.53096444  0.54033845  0.54983500  0.48582729  0.55945735  0.56920887  0.50354704  0.62003229  0.63063803  0.62003229  0.64140090  0.63063803  0.60957916  0.66341719  0.63063803  0.72156694  0.73377708  0.66341719  0.63063803  0.66341719  0.59927432  0.58911361  0.58911361  0.51257168  0.62003229  0.62003229  0.59927432  0.58911361  0.58911361  0.55945735  0.60957916  0.57909307  0.54033845  0.54983500  0.68612163  0.64140090  0.59927432  0.64140090  0.59927432  0.62003229  0.65232564  0.63063803  0.67468071  0.62003229  0.59927432  0.58911361  0.52170985  0.53096444  0.49463314  0.52170985  0.49463314  0.57909307  0.52170985  0.65232564  0.64140090  0.70955865  0.66341719  0.67468071  0.64140090  0.66341719  0.63063803  0.54033845  0.51257168  0.48582729  0.47712691  0.46852950  0.41103850  0.78477966  0.78477966  0.77168940  0.58911361  0.63063803  0.57909307  0.59927432  0.65232564  0.66341719  0.51257168  0.54033845  0.70955865  0.64140090  0.79811013  0.72156694  0.66341719  0.74619597  0.62003229  0.64140090  0.60957916  0.62003229  0.63063803  0.59927432  0.52170985  0.60957916  0.54983500  0.54033845  0.56920887  0.57909307  0.58911361  0.50354704  0.60957916  0.62003229  0.60957916  0.59927432  0.58911361  0.60957916  0.54033845  0.58911361  0.53096444  0.50354704  0.54983500  0.56920887  0.63063803  0.58911361  0.54983500  0.54983500  0.56920887  0.56920887  0.52170985  0.60957916  0.66341719  0.65232564  0.63063803  0.69774562  0.69774562  0.77168940  0.72156694  
42_0_0     0.24893206  0.25527676  0.30813391  0.28122469  0.23640650  0.23022380  0.26813488  0.23022380  0.24893206  0.23022380  0.22409326  0.21198526  0.00000000  0.00902443  0.69774562  0.73377708  0.56920887  0.58911361  0.59927432  0.58911361  0.56920887  0.54983500  0.58911361  0.59927432  0.65232564  0.55945735  0.53096444  0.53096444  0.56920887  0.56920887  0.60957916  0.58911361  0.57909307  0.57909307  0.66341719  0.60957916  0.64140090  0.58911361  0.57909307  0.54033845  0.53096444  0.64140090  0.65232564  0.51257168  0.68612163  0.67468071  0.63063803  0.64140090  0.65232564  0.57909307  0.72156694  0.62003229  0.67468071  0.67468071  0.67468071  0.69774562  0.70955865  0.66341719  0.62003229  0.57909307  0.50354704  0.56920887  0.55945735  0.55945735  0.62003229  0.59927432  0.55945735  0.55945735  0.56920887  0.49463314  0.50354704  0.65232564  0.63063803  0.66341719  0.64140090  0.56920887  0.56920887  0.56920887  0.57909307  0.59927432  0.54983500  0.54983500  0.54033845  0.52170985  0.53096444  0.49463314  0.48582729  0.51257168  0.55945735  0.49463314  0.63063803  0.64140090  0.73377708  0.72156694  0.74619597  0.74619597  0.77168940  0.65232564  0.54033845  0.55945735  0.48582729  0.46852950  0.52170985  0.46003265  0.82552817  0.79811013  0.83963528  0.62003229  0.60957916  0.59927432  0.62003229  0.64140090  0.62003229  0.51257168  0.56920887  0.65232564  0.63063803  0.75883086  0.68612163  0.64140090  0.73377708  0.62003229  0.65232564  0.67468071  0.66341719  0.63063803  0.59927432  0.54983500  0.63063803  0.62003229  0.58911361  0.65232564  0.68612163  0.70955865  0.60957916  0.67468071  0.68612163  0.65232564  0.62003229  0.65232564  0.63063803  0.57909307  0.65232564  0.62003229  0.58911361  0.64140090  0.60957916  0.64140090  0.59927432  0.54033845  0.52170985  0.54983500  0.59927432  0.60957916  0.63063803  0.58911361  0.67468071  0.69774562  0.74619597  0.68612163  0.68612163  0.63063803  
98_0_0     0.24893206  0.25527676  0.30813391  0.28122469  0.23640650  0.23022380  0.26813488  0.23022380  0.24893206  0.23022380  0.22409326  0.21198526  0.00902443  0.00000000  0.67468071  0.70955865  0.56920887  0.56920887  0.57909307  0.56920887  0.54983500  0.53096444  0.56920887  0.57909307  0.63063803  0.55945735  0.53096444  0.53096444  0.56920887  0.56920887  0.60957916  0.58911361  0.57909307  0.57909307  0.66341719  0.60957916  0.64140090  0.56920887  0.55945735  0.52170985  0.53096444  0.62003229  0.63063803  0.49463314  0.67468071  0.66341719  0.64140090  0.64140090  0.65232564  0.55945735  0.69774562  0.59927432  0.67468071  0.67468071  0.67468071  0.69774562  0.70955865  0.66341719  0.64140090  0.59927432  0.52170985  0.58911361  0.57909307  0.57909307  0.62003229  0.59927432  0.54983500  0.54033845  0.55945735  0.48582729  0.49463314  0.65232564  0.60957916  0.66341719  0.64140090  0.55945735  0.56920887  0.56920887  0.57909307  0.59927432  0.54983500  0.54983500  0.54033845  0.50354704  0.51257168  0.49463314  0.48582729  0.51257168  0.55945735  0.49463314  0.60957916  0.64140090  0.73377708  0.72156694  0.75883086  0.74619597  0.77168940  0.65232564  0.52170985  0.54033845  0.46852950  0.45163403  0.50354704  0.46003265  0.81168981  0.78477966  0.82552817  0.59927432  0.58911361  0.57909307  0.59927432  0.62003229  0.62003229  0.49463314  0.54983500  0.64140090  0.62003229  0.74619597  0.67468071  0.63063803  0.72156694  0.60957916  0.64140090  0.66341719  0.65232564  0.63063803  0.59927432  0.54983500  0.63063803  0.59927432  0.56920887  0.65232564  0.68612163  0.68612163  0.58911361  0.67468071  0.68612163  0.65232564  0.59927432  0.65232564  0.63063803  0.57909307  0.65232564  0.62003229  0.58911361  0.64140090  0.60957916  0.64140090  0.59927432  0.54033845  0.52170985  0.54983500  0.59927432  0.60957916  0.63063803  0.56920887  0.65232564  0.67468071  0.72156694  0.68612163  0.68612163  0.63063803  
5_0_0      0.64140090  0.64140090  0.67468071  0.69774562  0.69774562  0.66341719  0.65232564  0.66341719  0.65232564  0.62003229  0.62003229  0.63063803  0.69774562  0.67468071  0.00000000  0.10602949  0.19419345  0.17112922  0.19419345  0.20600611  0.30131258  0.35046435  0.26167737  0.22409326  0.23640650  0.26167737  0.35776560  0.35046435  0.40318470  0.40318470  0.41897815  0.41897815  0.39541489  0.40318470  0.45163403  0.49463314  0.46003265  0.34323576  0.35776560  0.35776560  0.33607839  0.42700553  0.41897815  0.43512261  0.49463314  0.49463314  0.55945735  0.57909307  0.60957916  0.58911361  0.52170985  0.51257168  0.50354704  0.54033845  0.48582729  0.45163403  0.49463314  0.54033845  0.58911361  0.51257168  0.49463314  0.54983500  0.55945735  0.55945735  0.51257168  0.52170985  0.65232564  0.63063803  0.56920887  0.63063803  0.63063803  0.62003229  0.60957916  0.75883086  0.68612163  0.72156694  0.69774562  0.66341719  0.70955865  0.68612163  0.69774562  0.64140090  0.74619597  0.70955865  0.68612163  0.67468071  0.66341719  0.68612163  0.77168940  0.62003229  0.68612163  0.74619597  0.78477966  0.77168940  0.75883086  0.75883086  0.74619597  0.69774562  0.54033845  0.57909307  0.54983500  0.59927432  0.59927432  0.55945735  0.79811013  0.78477966  0.81168981  0.62003229  0.66341719  0.66341719  0.68612163  0.67468071  0.74619597  0.69774562  0.65232564  0.58911361  0.69774562  0.66341719  0.86869896  0.75883086  0.73377708  0.67468071  0.69774562  0.62003229  0.63063803  0.68612163  0.70955865  0.66341719  0.66341719  0.68612163  0.68612163  0.58911361  0.59927432  0.54983500  0.56920887  0.57909307  0.62003229  0.54983500  0.62003229  0.55945735  0.54033845  0.54983500  0.54983500  0.53096444  0.55945735  0.58911361  0.65232564  0.63063803  0.59927432  0.58911361  0.56920887  0.53096444  0.50354704  0.54033845  0.54033845  0.53096444  0.70955865  0.69774562  0.64140090  0.69774562  0.72156694  0.63063803  
78_0_0     0.55945735  0.55945735  0.58911361  0.59927432  0.63063803  0.64140090  0.62003229  0.59927432  0.63063803  0.59927432  0.58911361  0.59927432  0.73377708  0.70955865  0.10602949  0.00000000  0.16547579  0.15986602  0.17112922  0.19419345  0.24893206  0.33607839  0.22409326  0.18256980  0.21801404  0.23022380  0.33607839  0.34323576  0.35046435  0.39541489  0.37259200  0.38772731  0.38012024  0.38012024  0.41103850  0.41897815  0.37259200  0.34323576  0.32899085  0.37259200  0.36514097  0.38772731  0.38772731  0.38772731  0.46852950  0.46852950  0.50354704  0.57909307  0.56920887  0.56920887  0.54983500  0.53096444  0.54033845  0.54983500  0.50354704  0.52170985  0.53096444  0.57909307  0.59927432  0.54983500  0.51257168  0.55945735  0.56920887  0.56920887  0.52170985  0.53096444  0.66341719  0.63063803  0.55945735  0.66341719  0.63063803  0.67468071  0.66341719  0.74619597  0.69774562  0.74619597  0.72156694  0.73377708  0.70955865  0.73377708  0.75883086  0.62003229  0.74619597  0.72156694  0.70955865  0.72156694  0.70955865  0.66341719  0.79811013  0.64140090  0.63063803  0.65232564  0.70955865  0.69774562  0.63063803  0.59927432  0.60957916  0.59927432  0.54033845  0.51257168  0.54983500  0.59927432  0.59927432  0.52170985  0.78477966  0.79811013  0.77168940  0.63063803  0.65232564  0.66341719  0.63063803  0.68612163  0.73377708  0.73377708  0.70955865  0.62003229  0.74619597  0.67468071  0.91459829  0.74619597  0.72156694  0.70955865  0.72156694  0.60957916  0.60957916  0.75883086  0.73377708  0.69774562  0.69774562  0.74619597  0.74619597  0.62003229  0.57909307  0.59927432  0.58911361  0.56920887  0.59927432  0.59927432  0.63063803  0.58911361  0.60957916  0.60957916  0.59927432  0.58911361  0.62003229  0.65232564  0.68612163  0.69774562  0.66341719  0.63063803  0.63063803  0.64140090  0.57909307  0.59927432  0.58911361  0.57909307  0.74619597  0.67468071  0.59927432  0.75883086  0.78477966  0.65232564  
15_0_0     0.50354704  0.52170985  0.56920887  0.55945735  0.58911361  0.56920887  0.55945735  0.52170985  0.56920887  0.55945735  0.53096444  0.55945735  0.56920887  0.56920887  0.19419345  0.16547579  0.00000000  0.16547579  0.15429924  0.18256980  0.24264228  0.28785913  0.23022380  0.18256980  0.20600611  0.19419345  0.38772731  0.39541489  0.38772731  0.40318470  0.38012024  0.38012024  0.39541489  0.37259200  0.38772731  0.41897815  0.38772731  0.34323576  0.32899085  0.38772731  0.34323576  0.41897815  0.41897815  0.41897815  0.46852950  0.48582729  0.46852950  0.54983500  0.54983500  0.54983500  0.54983500  0.53096444  0.54983500  0.57909307  0.48582729  0.51257168  0.52170985  0.55945735  0.57909307  0.56920887  0.51257168  0.56920887  0.59927432  0.59927432  0.54033845  0.53096444  0.64140090  0.59927432  0.54983500  0.62003229  0.60957916  0.66341719  0.65232564  0.72156694  0.65232564  0.67468071  0.65232564  0.63063803  0.64140090  0.69774562  0.67468071  0.59927432  0.70955865  0.66341719  0.65232564  0.67468071  0.66341719  0.57909307  0.69774562  0.60957916  0.69774562  0.72156694  0.78477966  0.73377708  0.66341719  0.66341719  0.67468071  0.69774562  0.51257168  0.50354704  0.50354704  0.54983500  0.51257168  0.46003265  0.78477966  0.82552817  0.79811013  0.65232564  0.67468071  0.65232564  0.67468071  0.66341719  0.69774562  0.73377708  0.72156694  0.60957916  0.70955865  0.65232564  0.81168981  0.75883086  0.74619597  0.65232564  0.65232564  0.60957916  0.59927432  0.72156694  0.66341719  0.58911361  0.58911361  0.68612163  0.68612163  0.54983500  0.53096444  0.58911361  0.54033845  0.54033845  0.55945735  0.60957916  0.62003229  0.48582729  0.50354704  0.51257168  0.51257168  0.46852950  0.49463314  0.50354704  0.56920887  0.54033845  0.51257168  0.58911361  0.56920887  0.54033845  0.53096444  0.53096444  0.54033845  0.53096444  0.68612163  0.66341719  0.60957916  0.66341719  0.65232564  0.58911361  
19_0_0     0.55945735  0.57909307  0.63063803  0.60957916  0.57909307  0.59927432  0.60957916  0.53096444  0.64140090  0.60957916  0.54033845  0.56920887  0.58911361  0.56920887  0.17112922  0.15986602  0.16547579  0.00000000  0.04152318  0.10602949  0.21801404  0.26813488  0.17682699  0.18256980  0.18835838  0.20600611  0.38012024  0.37259200  0.36514097  0.37259200  0.40318470  0.41897815  0.44333141  0.43512261  0.49463314  0.46003265  0.46003265  0.37259200  0.35046435  0.32899085  0.33607839  0.38772731  0.38772731  0.38772731  0.46003265  0.44333141  0.52170985  0.55945735  0.55945735  0.54033845  0.56920887  0.54983500  0.52170985  0.54983500  0.50354704  0.53096444  0.52170985  0.54033845  0.60957916  0.54983500  0.51257168  0.56920887  0.55945735  0.55945735  0.50354704  0.50354704  0.60957916  0.59927432  0.57909307  0.62003229  0.65232564  0.67468071  0.66341719  0.73377708  0.65232564  0.68612163  0.69774562  0.69774562  0.70955865  0.72156694  0.73377708  0.59927432  0.64140090  0.55945735  0.54983500  0.58911361  0.57909307  0.62003229  0.73377708  0.60957916  0.60957916  0.64140090  0.67468071  0.68612163  0.59927432  0.60957916  0.59927432  0.59927432  0.54033845  0.55945735  0.50354704  0.53096444  0.54033845  0.50354704  0.74619597  0.73377708  0.75883086  0.60957916  0.63063803  0.65232564  0.57909307  0.57909307  0.59927432  0.67468071  0.64140090  0.55945735  0.67468071  0.63063803  0.73377708  0.68612163  0.65232564  0.55945735  0.56920887  0.63063803  0.63063803  0.72156694  0.69774562  0.62003229  0.66341719  0.63063803  0.63063803  0.62003229  0.65232564  0.62003229  0.63063803  0.56920887  0.56920887  0.54033845  0.58911361  0.56920887  0.56920887  0.55945735  0.55945735  0.56920887  0.57909307  0.58911361  0.62003229  0.63063803  0.57909307  0.62003229  0.63063803  0.55945735  0.56920887  0.55945735  0.52170985  0.45163403  0.68612163  0.68612163  0.57909307  0.63063803  0.65232564  0.59927432  
81_0_0     0.53096444  0.54983500  0.62003229  0.62003229  0.54983500  0.56920887  0.57909307  0.50354704  0.65232564  0.59927432  0.54983500  0.57909307  0.59927432  0.57909307  0.19419345  0.17112922  0.15429924  0.04152318  0.00000000  0.09062694  0.23640650  0.27465030  0.18835838  0.16547579  0.18256980  0.18256980  0.40318470  0.39541489  0.38772731  0.38012024  0.41103850  0.42700553  0.45163403  0.42700553  0.46852950  0.46852950  0.45163403  0.38772731  0.36514097  0.35776560  0.36514097  0.40318470  0.40318470  0.39541489  0.46852950  0.43512261  0.54033845  0.54983500  0.56920887  0.51257168  0.58911361  0.53096444  0.52170985  0.56920887  0.49463314  0.53096444  0.52170985  0.52170985  0.58911361  0.53096444  0.50354704  0.54983500  0.54033845  0.54033845  0.51257168  0.53096444  0.62003229  0.60957916  0.60957916  0.63063803  0.66341719  0.68612163  0.65232564  0.72156694  0.66341719  0.68612163  0.70955865  0.73377708  0.72156694  0.73377708  0.72156694  0.62003229  0.63063803  0.54983500  0.54033845  0.57909307  0.56920887  0.58911361  0.72156694  0.62003229  0.57909307  0.64140090  0.66341719  0.67468071  0.59927432  0.58911361  0.59927432  0.55945735  0.54033845  0.52170985  0.48582729  0.51257168  0.51257168  0.50354704  0.75883086  0.77168940  0.77168940  0.60957916  0.63063803  0.60957916  0.57909307  0.59927432  0.59927432  0.66341719  0.63063803  0.57909307  0.65232564  0.63063803  0.74619597  0.67468071  0.64140090  0.56920887  0.55945735  0.64140090  0.63063803  0.72156694  0.72156694  0.65232564  0.65232564  0.63063803  0.63063803  0.63063803  0.65232564  0.62003229  0.58911361  0.56920887  0.58911361  0.52170985  0.56920887  0.57909307  0.59927432  0.56920887  0.56920887  0.56920887  0.57909307  0.60957916  0.62003229  0.60957916  0.57909307  0.65232564  0.64140090  0.57909307  0.58911361  0.57909307  0.57909307  0.46003265  0.66341719  0.64140090  0.56920887  0.60957916  0.63063803  0.57909307  
11_0_0     0.51257168  0.53096444  0.59927432  0.63063803  0.56920887  0.54983500  0.57909307  0.52170985  0.64140090  0.56920887  0.55945735  0.58911361  0.58911361  0.56920887  0.20600611  0.19419345  0.18256980  0.10602949  0.09062694  0.00000000  0.26167737  0.28122469  0.20007577  0.21801404  0.22409326  0.23022380  0.38772731  0.38772731  0.42700553  0.41103850  0.43512261  0.45163403  0.42700553  0.42700553  0.47712691  0.45163403  0.45163403  0.38772731  0.36514097  0.35776560  0.35046435  0.41103850  0.41103850  0.39541489  0.44333141  0.45163403  0.49463314  0.58911361  0.55945735  0.52170985  0.58911361  0.46852950  0.51257168  0.54983500  0.46852950  0.47712691  0.48582729  0.47712691  0.60957916  0.57909307  0.54033845  0.58911361  0.59927432  0.59927432  0.57909307  0.55945735  0.63063803  0.59927432  0.63063803  0.65232564  0.66341719  0.64140090  0.66341719  0.69774562  0.60957916  0.63063803  0.66341719  0.70955865  0.69774562  0.66341719  0.69774562  0.66341719  0.66341719  0.54983500  0.54033845  0.59927432  0.57909307  0.59927432  0.67468071  0.56920887  0.63063803  0.63063803  0.65232564  0.67468071  0.64140090  0.60957916  0.62003229  0.59927432  0.51257168  0.51257168  0.45163403  0.49463314  0.51257168  0.51257168  0.77168940  0.75883086  0.78477966  0.58911361  0.60957916  0.64140090  0.58911361  0.58911361  0.63063803  0.62003229  0.59927432  0.56920887  0.67468071  0.62003229  0.69774562  0.69774562  0.68612163  0.54983500  0.54983500  0.65232564  0.64140090  0.68612163  0.68612163  0.64140090  0.62003229  0.64140090  0.64140090  0.59927432  0.65232564  0.57909307  0.56920887  0.52170985  0.56920887  0.55945735  0.55945735  0.54983500  0.58911361  0.59927432  0.57909307  0.53096444  0.54033845  0.56920887  0.59927432  0.55945735  0.53096444  0.60957916  0.60957916  0.57909307  0.54983500  0.54983500  0.56920887  0.46852950  0.66341719  0.63063803  0.63063803  0.63063803  0.66341719  0.62003229  
