19
4_0_0      0.00000000  0.09034078  0.03819114  0.05517419  0.03261462  0.03261462  0.04947029  0.13995459  0.27290548  0.25028043  0.14639387  0.12096231  0.12723973  0.13357018  0.12096231  0.19308851  0.19308851  0.15944089  0.16605060  
6_0_0      0.09034078  0.00000000  0.07255116  0.07843422  0.07843422  0.07843422  0.09636577  0.18623700  0.31220185  0.32031467  0.21402720  0.18623700  0.20000325  0.18623700  0.17271915  0.23556796  0.27290548  0.20000325  0.17944759  
3_0_0      0.03819114  0.07255116  0.00000000  0.03819114  0.03819114  0.03819114  0.05517419  0.14639387  0.28837758  0.26528762  0.15288898  0.12723973  0.13995459  0.13995459  0.11473706  0.17271915  0.19308851  0.15288898  0.12096231  
11_0_0     0.05517419  0.07843422  0.03819114  0.00000000  0.05517419  0.05517419  0.06092184  0.14639387  0.28060159  0.27290548  0.16605060  0.14639387  0.17271915  0.17271915  0.12723973  0.22113886  0.22113886  0.15944089  0.15288898  
13_0_0     0.03261462  0.07843422  0.03819114  0.05517419  0.00000000  0.00000000  0.01612984  0.11473706  0.26528762  0.24288808  0.13357018  0.09636577  0.13357018  0.12096231  0.10856310  0.16605060  0.17271915  0.13995459  0.13995459  
13_1_0     0.03261462  0.07843422  0.03819114  0.05517419  0.00000000  0.00000000  0.01612984  0.11473706  0.26528762  0.24288808  0.13357018  0.09636577  0.13357018  0.12096231  0.10856310  0.16605060  0.17271915  0.13995459  0.13995459  
10_0_0     0.04947029  0.09636577  0.05517419  0.06092184  0.01612984  0.01612984  0.00000000  0.12096231  0.27290548  0.25028043  0.15288898  0.11473706  0.12723973  0.13995459  0.12723973  0.15944089  0.17944759  0.15944089  0.14639387  
8_0_0      0.13995459  0.18623700  0.14639387  0.14639387  0.11473706  0.11473706  0.12096231  0.00000000  0.31220185  0.31220185  0.15944089  0.13357018  0.13357018  0.15944089  0.13357018  0.20000325  0.20000325  0.15288898  0.17944759  
15_0_0     0.27290548  0.31220185  0.28837758  0.28060159  0.26528762  0.26528762  0.27290548  0.31220185  0.00000000  0.04380949  0.25028043  0.26528762  0.32031467  0.32031467  0.29623512  0.32031467  0.33680870  0.31220185  0.31220185  
2_0_0      0.25028043  0.32031467  0.26528762  0.27290548  0.24288808  0.24288808  0.25028043  0.31220185  0.04380949  0.00000000  0.22831867  0.24288808  0.28060159  0.28060159  0.27290548  0.28837758  0.30417595  0.28837758  0.28837758  
7_0_0      0.14639387  0.21402720  0.15288898  0.16605060  0.13357018  0.13357018  0.15288898  0.15944089  0.25028043  0.22831867  0.00000000  0.06671394  0.10243962  0.09034078  0.13995459  0.20000325  0.18623700  0.14639387  0.16605060  
5_0_0      0.12096231  0.18623700  0.12723973  0.14639387  0.09636577  0.09636577  0.11473706  0.13357018  0.26528762  0.24288808  0.06671394  0.00000000  0.10243962  0.09034078  0.11473706  0.18623700  0.19308851  0.13357018  0.15288898  
18_0_0     0.12723973  0.20000325  0.13995459  0.17271915  0.13357018  0.13357018  0.12723973  0.13357018  0.32031467  0.28060159  0.10243962  0.10243962  0.00000000  0.07255116  0.12096231  0.16605060  0.17271915  0.15944089  0.15944089  
17_0_0     0.13357018  0.18623700  0.13995459  0.17271915  0.12096231  0.12096231  0.13995459  0.15944089  0.32031467  0.28060159  0.09034078  0.09034078  0.07255116  0.00000000  0.12723973  0.18623700  0.18623700  0.17271915  0.15288898  
12_0_0     0.12096231  0.17271915  0.11473706  0.12723973  0.10856310  0.10856310  0.12723973  0.13357018  0.29623512  0.27290548  0.13995459  0.11473706  0.12096231  0.12723973  0.00000000  0.12096231  0.11473706  0.09034078  0.07255116  
9_0_0      0.19308851  0.23556796  0.17271915  0.22113886  0.16605060  0.16605060  0.15944089  0.20000325  0.32031467  0.28837758  0.20000325  0.18623700  0.16605060  0.18623700  0.12096231  0.00000000  0.06092184  0.13357018  0.13995459  
9_3_0      0.19308851  0.27290548  0.19308851  0.22113886  0.17271915  0.17271915  0.17944759  0.20000325  0.33680870  0.30417595  0.18623700  0.19308851  0.17271915  0.18623700  0.11473706  0.06092184  0.00000000  0.15288898  0.17271915  
9_2_0      0.15944089  0.20000325  0.15288898  0.15944089  0.13995459  0.13995459  0.15944089  0.15288898  0.31220185  0.28837758  0.14639387  0.13357018  0.15944089  0.17271915  0.09034078  0.13357018  0.15288898  0.00000000  0.12096231  
12_2_0     0.16605060  0.17944759  0.12096231  0.15288898  0.13995459  0.13995459  0.14639387  0.17944759  0.31220185  0.28837758  0.16605060  0.15288898  0.15944089  0.15288898  0.07255116  0.13995459  0.17271915  0.12096231  0.00000000  

