138
24_1_0     0.00000000  0.19351845  0.20390083  0.19869115  0.19869115  0.17821699  0.15830224  0.16819161  0.16819161  0.16819161  0.26380821  0.25254334  0.26950661  0.27524990  0.23596587  0.24144991  0.25815401  0.18838219  0.19869115  0.19351845  0.18328187  0.18328187  0.24697552  0.28103881  0.28103881  0.30466543  0.30466543  0.31069371  0.25815401  0.28103881  0.25254334  0.25254334  0.25815401  0.24144991  0.29868659  0.28687406  0.28687406  0.28103881  0.36731659  0.37388836  0.33531811  0.28103881  0.31069371  0.31677227  0.29868659  0.26950661  0.30466543  0.29275640  0.28687406  0.30466543  0.28103881  0.27524990  0.32290193  0.30466543  0.29868659  0.31069371  0.32290193  0.28687406  0.27524990  0.28103881  0.30466543  0.29275640  0.29275640  0.26950661  0.26950661  0.31677227  0.31069371  0.30466543  0.29868659  0.27524990  0.28103881  0.26380821  0.25815401  0.30466543  0.31677227  0.31069371  0.31069371  0.29868659  0.31069371  0.31677227  0.30466543  0.29868659  0.29868659  0.29868659  0.28687406  0.29868659  0.27524990  0.28103881  0.28687406  0.28103881  0.33531811  0.29868659  0.28687406  0.28687406  0.28687406  0.31677227  0.34160642  0.30466543  0.28687406  0.26380821  0.29275640  0.29275640  0.26380821  0.28687406  0.31069371  0.26380821  0.26380821  0.26380821  0.29275640  0.32908359  0.32908359  0.34794944  0.35434815  0.30466543  0.30466543  0.31677227  0.32908359  0.32908359  0.29868659  0.31069371  0.29868659  0.32290193  0.32290193  0.29868659  0.29868659  0.34794944  0.33531811  0.31069371  0.31677227  0.31677227  0.31069371  0.30466543  0.30466543  0.29868659  0.31677227  0.31677227  0.32290193  0.32290193  
3_1_0      0.19351845  0.00000000  0.17821699  0.17318707  0.17318707  0.13415035  0.14371529  0.13415035  0.13415035  0.15830224  0.19869115  0.22512004  0.19351845  0.19869115  0.19869115  0.18328187  0.18328187  0.18838219  0.16819161  0.16323015  0.18328187  0.18328187  0.19869115  0.20914800  0.24144991  0.25815401  0.25815401  0.26380821  0.18838219  0.18328187  0.17318707  0.17318707  0.21443323  0.19869115  0.26380821  0.25254334  0.25254334  0.24697552  0.28687406  0.28103881  0.25254334  0.28103881  0.30466543  0.29868659  0.28103881  0.25815401  0.28103881  0.28687406  0.27524990  0.27524990  0.27524990  0.26950661  0.25815401  0.26380821  0.25815401  0.26950661  0.29275640  0.28103881  0.28687406  0.28687406  0.28687406  0.28103881  0.27524990  0.28103881  0.26950661  0.28687406  0.29868659  0.28687406  0.24697552  0.25254334  0.26950661  0.24144991  0.24697552  0.27524990  0.29868659  0.29868659  0.31677227  0.29868659  0.31069371  0.31069371  0.28103881  0.25815401  0.27524990  0.27524990  0.25815401  0.27524990  0.26950661  0.25254334  0.25254334  0.24144991  0.26950661  0.28687406  0.28103881  0.27524990  0.23596587  0.25254334  0.25815401  0.23596587  0.26950661  0.24697552  0.26950661  0.26380821  0.23596587  0.27524990  0.27524990  0.27524990  0.27524990  0.27524990  0.27524990  0.25254334  0.25254334  0.26950661  0.27524990  0.24697552  0.24697552  0.25815401  0.24697552  0.24697552  0.25815401  0.24144991  0.24697552  0.24697552  0.24697552  0.23596587  0.23052279  0.27524990  0.26950661  0.23596587  0.23596587  0.26950661  0.26380821  0.25815401  0.23596587  0.28687406  0.21975705  0.22512004  0.26950661  0.25815401  
20_1_0     0.20390083  0.17821699  0.00000000  0.00396332  0.00396332  0.12003422  0.12003422  0.11077309  0.11077309  0.11538895  0.18838219  0.19869115  0.19351845  0.19351845  0.18328187  0.18838219  0.18838219  0.11077309  0.12941453  0.12470929  0.12941453  0.12941453  0.20914800  0.23596587  0.25254334  0.24144991  0.24144991  0.24697552  0.20390083  0.19869115  0.20390083  0.20390083  0.21975705  0.21443323  0.25815401  0.26380821  0.25815401  0.26380821  0.31069371  0.30466543  0.29868659  0.26950661  0.26950661  0.27524990  0.28687406  0.27524990  0.26380821  0.24697552  0.24697552  0.24697552  0.24697552  0.24697552  0.24697552  0.25815401  0.25815401  0.26380821  0.25254334  0.26380821  0.25815401  0.25254334  0.23596587  0.21443323  0.22512004  0.21443323  0.21975705  0.24144991  0.24144991  0.31677227  0.24144991  0.22512004  0.22512004  0.22512004  0.23052279  0.31069371  0.32908359  0.26380821  0.28103881  0.29275640  0.28687406  0.28687406  0.28687406  0.26380821  0.26950661  0.26380821  0.25254334  0.26950661  0.25254334  0.24697552  0.24144991  0.23596587  0.28103881  0.25815401  0.25815401  0.23596587  0.20914800  0.27524990  0.28103881  0.26380821  0.26950661  0.26380821  0.24144991  0.23596587  0.22512004  0.24697552  0.23052279  0.29868659  0.29868659  0.29868659  0.27524990  0.28687406  0.28687406  0.30466543  0.32290193  0.28687406  0.28687406  0.28103881  0.28103881  0.26380821  0.27524990  0.26380821  0.26950661  0.26380821  0.26380821  0.26950661  0.26380821  0.32908359  0.32290193  0.23596587  0.24144991  0.28103881  0.28103881  0.27524990  0.30466543  0.29868659  0.25254334  0.26380821  0.27524990  0.28687406  
65_1_0     0.19869115  0.17318707  0.00396332  0.00000000  0.00000000  0.11538895  0.12470929  0.11538895  0.11538895  0.11077309  0.18328187  0.20390083  0.19869115  0.19869115  0.18838219  0.19351845  0.19351845  0.11538895  0.13415035  0.12941453  0.13415035  0.13415035  0.21443323  0.24144991  0.24697552  0.23596587  0.23596587  0.24144991  0.19869115  0.19351845  0.19869115  0.19869115  0.21975705  0.20914800  0.25815401  0.26380821  0.25815401  0.26380821  0.31069371  0.30466543  0.29868659  0.26950661  0.26950661  0.27524990  0.28687406  0.27524990  0.26380821  0.24697552  0.24697552  0.25254334  0.24697552  0.24697552  0.24697552  0.26380821  0.26380821  0.26950661  0.25254334  0.26380821  0.25815401  0.25254334  0.23596587  0.21443323  0.22512004  0.21443323  0.21975705  0.24144991  0.24144991  0.32290193  0.24144991  0.22512004  0.22512004  0.22512004  0.23052279  0.30466543  0.32290193  0.26380821  0.28103881  0.29275640  0.28687406  0.28687406  0.28687406  0.25815401  0.26380821  0.25815401  0.25254334  0.26950661  0.25254334  0.24697552  0.23596587  0.23052279  0.28687406  0.26380821  0.26380821  0.24144991  0.20390083  0.26950661  0.28687406  0.26950661  0.26380821  0.25815401  0.23596587  0.24144991  0.21975705  0.25254334  0.23596587  0.29275640  0.29275640  0.29275640  0.27524990  0.28687406  0.28687406  0.30466543  0.32290193  0.28687406  0.28687406  0.28103881  0.28103881  0.26380821  0.27524990  0.26950661  0.26950661  0.26380821  0.26380821  0.26950661  0.26380821  0.32290193  0.32290193  0.23596587  0.24144991  0.28103881  0.28103881  0.27524990  0.30466543  0.29275640  0.25254334  0.26380821  0.27524990  0.28103881  
29_1_0     0.19869115  0.17318707  0.00396332  0.00000000  0.00000000  0.11538895  0.12470929  0.11538895  0.11538895  0.11077309  0.18328187  0.20390083  0.19869115  0.19869115  0.18838219  0.19351845  0.19351845  0.11538895  0.13415035  0.12941453  0.13415035  0.13415035  0.21443323  0.24144991  0.24697552  0.23596587  0.23596587  0.24144991  0.19869115  0.19351845  0.19869115  0.19869115  0.21975705  0.20914800  0.25815401  0.26380821  0.25815401  0.26380821  0.31069371  0.30466543  0.29868659  0.26950661  0.26950661  0.27524990  0.28687406  0.27524990  0.26380821  0.24697552  0.24697552  0.25254334  0.24697552  0.24697552  0.24697552  0.26380821  0.26380821  0.26950661  0.25254334  0.26380821  0.25815401  0.25254334  0.23596587  0.21443323  0.22512004  0.21443323  0.21975705  0.24144991  0.24144991  0.32290193  0.24144991  0.22512004  0.22512004  0.22512004  0.23052279  0.30466543  0.32290193  0.26380821  0.28103881  0.29275640  0.28687406  0.28687406  0.28687406  0.25815401  0.26380821  0.25815401  0.25254334  0.26950661  0.25254334  0.24697552  0.23596587  0.23052279  0.28687406  0.26380821  0.26380821  0.24144991  0.20390083  0.26950661  0.28687406  0.26950661  0.26380821  0.25815401  0.23596587  0.24144991  0.21975705  0.25254334  0.23596587  0.29275640  0.29275640  0.29275640  0.27524990  0.28687406  0.28687406  0.30466543  0.32290193  0.28687406  0.28687406  0.28103881  0.28103881  0.26380821  0.27524990  0.26950661  0.26950661  0.26380821  0.26380821  0.26950661  0.26380821  0.32290193  0.32290193  0.23596587  0.24144991  0.28103881  0.28103881  0.27524990  0.30466543  0.29275640  0.25254334  0.26380821  0.27524990  0.28103881  
45_1_0     0.17821699  0.13415035  0.12003422  0.11538895  0.11538895  0.00000000  0.03232690  0.02410978  0.02410978  0.06183898  0.17821699  0.18838219  0.19869115  0.19869115  0.15340742  0.16819161  0.18328187  0.08812233  0.10618628  0.10162815  0.10618628  0.10618628  0.16819161  0.19869115  0.21975705  0.21975705  0.21975705  0.22512004  0.18328187  0.18838219  0.16819161  0.16819161  0.19869115  0.18838219  0.27524990  0.26380821  0.25254334  0.25815401  0.28687406  0.30466543  0.27524990  0.21975705  0.25254334  0.24697552  0.25254334  0.20914800  0.23052279  0.22512004  0.23052279  0.23052279  0.21975705  0.23052279  0.25815401  0.27524990  0.26950661  0.27524990  0.24697552  0.25254334  0.25815401  0.25254334  0.24144991  0.23596587  0.22512004  0.25254334  0.24144991  0.23052279  0.24144991  0.31069371  0.23596587  0.22512004  0.23052279  0.22512004  0.21975705  0.28103881  0.28687406  0.25254334  0.26950661  0.26380821  0.26380821  0.26950661  0.26380821  0.25815401  0.24697552  0.25254334  0.20914800  0.24697552  0.22512004  0.21975705  0.23052279  0.21975705  0.23596587  0.24697552  0.24697552  0.23596587  0.20914800  0.25815401  0.26950661  0.23052279  0.21975705  0.20914800  0.21975705  0.21975705  0.21975705  0.24144991  0.23052279  0.22512004  0.22512004  0.22512004  0.23052279  0.26950661  0.26950661  0.29275640  0.28103881  0.26950661  0.26950661  0.25815401  0.24697552  0.24144991  0.24697552  0.23596587  0.24697552  0.23052279  0.23052279  0.22512004  0.23596587  0.28103881  0.28103881  0.24697552  0.24144991  0.26380821  0.23596587  0.25254334  0.24144991  0.26380821  0.22512004  0.23596587  0.25254334  0.25815401  
47_1_0     0.15830224  0.14371529  0.12003422  0.12470929  0.12470929  0.03232690  0.00000000  0.00794832  0.00794832  0.06183898  0.17318707  0.17318707  0.19351845  0.19351845  0.14854525  0.16323015  0.17821699  0.07925549  0.10618628  0.10162815  0.09709835  0.09709835  0.16819161  0.18328187  0.21443323  0.21975705  0.21975705  0.22512004  0.18328187  0.19351845  0.16819161  0.16819161  0.18328187  0.16819161  0.28103881  0.26950661  0.25815401  0.26380821  0.29868659  0.31677227  0.28687406  0.21443323  0.24144991  0.23596587  0.24697552  0.21443323  0.23596587  0.20914800  0.21443323  0.20914800  0.20390083  0.21443323  0.25254334  0.24697552  0.24144991  0.24697552  0.23052279  0.23596587  0.24144991  0.23596587  0.23596587  0.23052279  0.21975705  0.24697552  0.23596587  0.22512004  0.23596587  0.30466543  0.22512004  0.21975705  0.21443323  0.21975705  0.21443323  0.28103881  0.28687406  0.24697552  0.26380821  0.25815401  0.25815401  0.26380821  0.25815401  0.25815401  0.24697552  0.25254334  0.20390083  0.24144991  0.21975705  0.21443323  0.24697552  0.23596587  0.25254334  0.24697552  0.24697552  0.24144991  0.23052279  0.26950661  0.28103881  0.23052279  0.23052279  0.21975705  0.23052279  0.21975705  0.23052279  0.24144991  0.23052279  0.23596587  0.23596587  0.23596587  0.24697552  0.28103881  0.28103881  0.30466543  0.29275640  0.28103881  0.28103881  0.26950661  0.25815401  0.25254334  0.25815401  0.24144991  0.25815401  0.24144991  0.24144991  0.23596587  0.24697552  0.29868659  0.29275640  0.25815401  0.25254334  0.27524990  0.24697552  0.26380821  0.25254334  0.28103881  0.23052279  0.24144991  0.25815401  0.26950661  
4_1_0      0.16819161  0.13415035  0.11077309  0.11538895  0.11538895  0.02410978  0.00794832  0.00000000  0.00000000  0.05328433  0.16323015  0.16323015  0.18328187  0.18328187  0.13891713  0.15340742  0.16819161  0.07049522  0.09709835  0.09259652  0.08812233  0.08812233  0.15830224  0.18328187  0.21443323  0.20914800  0.20914800  0.21443323  0.18328187  0.19351845  0.16819161  0.16819161  0.18328187  0.16819161  0.27524990  0.26380821  0.25254334  0.25815401  0.29275640  0.31069371  0.28103881  0.20914800  0.23596587  0.23052279  0.24144991  0.20914800  0.23052279  0.20390083  0.20914800  0.20390083  0.19869115  0.20914800  0.25254334  0.24144991  0.23596587  0.24144991  0.22512004  0.24144991  0.24697552  0.24144991  0.23052279  0.22512004  0.21443323  0.24144991  0.23052279  0.21975705  0.23052279  0.31069371  0.21975705  0.21443323  0.20914800  0.21443323  0.20914800  0.27524990  0.28103881  0.24144991  0.25815401  0.25254334  0.25254334  0.25815401  0.25254334  0.25254334  0.24144991  0.24697552  0.19869115  0.23596587  0.21443323  0.20914800  0.24144991  0.23052279  0.24697552  0.24144991  0.24144991  0.23596587  0.22512004  0.26380821  0.27524990  0.22512004  0.22512004  0.21443323  0.22512004  0.21443323  0.22512004  0.23596587  0.22512004  0.24144991  0.24144991  0.24144991  0.24144991  0.27524990  0.27524990  0.29868659  0.28687406  0.27524990  0.27524990  0.26380821  0.25254334  0.24697552  0.25254334  0.23596587  0.25254334  0.23596587  0.23596587  0.23052279  0.24144991  0.29275640  0.28687406  0.25254334  0.24697552  0.26950661  0.24144991  0.25815401  0.24697552  0.27524990  0.22512004  0.23596587  0.25254334  0.26380821  
57_1_0     0.16819161  0.13415035  0.11077309  0.11538895  0.11538895  0.02410978  0.00794832  0.00000000  0.00000000  0.05328433  0.16323015  0.16323015  0.18328187  0.18328187  0.13891713  0.15340742  0.16819161  0.07049522  0.09709835  0.09259652  0.08812233  0.08812233  0.15830224  0.18328187  0.21443323  0.20914800  0.20914800  0.21443323  0.18328187  0.19351845  0.16819161  0.16819161  0.18328187  0.16819161  0.27524990  0.26380821  0.25254334  0.25815401  0.29275640  0.31069371  0.28103881  0.20914800  0.23596587  0.23052279  0.24144991  0.20914800  0.23052279  0.20390083  0.20914800  0.20390083  0.19869115  0.20914800  0.25254334  0.24144991  0.23596587  0.24144991  0.22512004  0.24144991  0.24697552  0.24144991  0.23052279  0.22512004  0.21443323  0.24144991  0.23052279  0.21975705  0.23052279  0.31069371  0.21975705  0.21443323  0.20914800  0.21443323  0.20914800  0.27524990  0.28103881  0.24144991  0.25815401  0.25254334  0.25254334  0.25815401  0.25254334  0.25254334  0.24144991  0.24697552  0.19869115  0.23596587  0.21443323  0.20914800  0.24144991  0.23052279  0.24697552  0.24144991  0.24144991  0.23596587  0.22512004  0.26380821  0.27524990  0.22512004  0.22512004  0.21443323  0.22512004  0.21443323  0.22512004  0.23596587  0.22512004  0.24144991  0.24144991  0.24144991  0.24144991  0.27524990  0.27524990  0.29868659  0.28687406  0.27524990  0.27524990  0.26380821  0.25254334  0.24697552  0.25254334  0.23596587  0.25254334  0.23596587  0.23596587  0.23052279  0.24144991  0.29275640  0.28687406  0.25254334  0.24697552  0.26950661  0.24144991  0.25815401  0.24697552  0.27524990  0.22512004  0.23596587  0.25254334  0.26380821  
2_1_0      0.16819161  0.15830224  0.11538895  0.11077309  0.11077309  0.06183898  0.06183898  0.05328433  0.05328433  0.00000000  0.14854525  0.14854525  0.15830224  0.15830224  0.13415035  0.13891713  0.15340742  0.04063771  0.05754911  0.05328433  0.04904436  0.04904436  0.16323015  0.19351845  0.19869115  0.20914800  0.20390083  0.20914800  0.18838219  0.18328187  0.16819161  0.16819161  0.20390083  0.20390083  0.24144991  0.23596587  0.23052279  0.22512004  0.28687406  0.29275640  0.28103881  0.21975705  0.23596587  0.24144991  0.25254334  0.21975705  0.22512004  0.21975705  0.21975705  0.21443323  0.21443323  0.21975705  0.25815401  0.25815401  0.25254334  0.26380821  0.22512004  0.25254334  0.24697552  0.26950661  0.23052279  0.23052279  0.22512004  0.24144991  0.24144991  0.23052279  0.23052279  0.29868659  0.23052279  0.20914800  0.21443323  0.20914800  0.20390083  0.27524990  0.29275640  0.24697552  0.25815401  0.26950661  0.26950661  0.25815401  0.28103881  0.25815401  0.24144991  0.24697552  0.20914800  0.21443323  0.20390083  0.20390083  0.20914800  0.20914800  0.24697552  0.24697552  0.24144991  0.22512004  0.23596587  0.25815401  0.28103881  0.24697552  0.23052279  0.21443323  0.21975705  0.23052279  0.23052279  0.25254334  0.23052279  0.24144991  0.24144991  0.24144991  0.24144991  0.28103881  0.28103881  0.29868659  0.29868659  0.28687406  0.28687406  0.28687406  0.26380821  0.24697552  0.26380821  0.25254334  0.26380821  0.25254334  0.25254334  0.25254334  0.26380821  0.28103881  0.28103881  0.25815401  0.26380821  0.26950661  0.26380821  0.28103881  0.26950661  0.28687406  0.25254334  0.26380821  0.26380821  0.27524990  
26_1_0     0.26380821  0.19869115  0.18838219  0.18328187  0.18328187  0.17821699  0.17318707  0.16323015  0.16323015  0.14854525  0.00000000  0.03647046  0.06183898  0.06615425  0.07049522  0.06615425  0.06615425  0.14371529  0.14371529  0.14854525  0.13891713  0.13891713  0.17821699  0.22512004  0.20914800  0.25254334  0.25254334  0.25815401  0.21975705  0.24144991  0.21975705  0.21975705  0.25254334  0.22512004  0.29275640  0.28687406  0.26950661  0.28687406  0.30466543  0.30466543  0.31069371  0.27524990  0.28103881  0.28103881  0.27524990  0.28103881  0.28687406  0.28103881  0.27524990  0.27524990  0.25815401  0.28687406  0.27524990  0.29275640  0.29275640  0.31069371  0.26950661  0.28687406  0.28103881  0.28687406  0.25254334  0.24697552  0.24697552  0.26380821  0.25815401  0.27524990  0.28687406  0.34160642  0.28103881  0.26950661  0.26380821  0.29275640  0.29868659  0.28687406  0.26950661  0.26950661  0.27524990  0.27524990  0.28687406  0.28687406  0.26950661  0.26380821  0.25815401  0.25254334  0.25254334  0.27524990  0.25815401  0.24697552  0.29275640  0.27524990  0.29275640  0.29275640  0.26950661  0.27524990  0.28103881  0.29275640  0.31069371  0.25815401  0.28687406  0.26380821  0.26950661  0.25815401  0.24697552  0.24697552  0.26950661  0.26950661  0.26950661  0.26950661  0.28103881  0.29868659  0.29868659  0.29275640  0.29868659  0.28687406  0.28687406  0.28687406  0.26950661  0.25815401  0.26380821  0.24144991  0.25254334  0.24697552  0.24697552  0.25254334  0.25254334  0.27524990  0.29868659  0.26380821  0.25254334  0.25254334  0.24697552  0.25815401  0.25254334  0.28687406  0.24144991  0.24697552  0.24697552  0.25815401  
55_1_0     0.25254334  0.22512004  0.19869115  0.20390083  0.20390083  0.18838219  0.17318707  0.16323015  0.16323015  0.14854525  0.03647046  0.00000000  0.05328433  0.05754911  0.04904436  0.04482892  0.05328433  0.13415035  0.14371529  0.14854525  0.13891713  0.13891713  0.17821699  0.21443323  0.21443323  0.25254334  0.25254334  0.25815401  0.20390083  0.23596587  0.20914800  0.20914800  0.24144991  0.22512004  0.27524990  0.26950661  0.25254334  0.26950661  0.30466543  0.29275640  0.30466543  0.28687406  0.29275640  0.29275640  0.26950661  0.28103881  0.28687406  0.26950661  0.27524990  0.27524990  0.26380821  0.28687406  0.28687406  0.28103881  0.29275640  0.31069371  0.29275640  0.28687406  0.28103881  0.27524990  0.26380821  0.25254334  0.25815401  0.27524990  0.26950661  0.28687406  0.29868659  0.32908359  0.29275640  0.28103881  0.27524990  0.30466543  0.29868659  0.28687406  0.26950661  0.27524990  0.26950661  0.26950661  0.28103881  0.28103881  0.27524990  0.27524990  0.26950661  0.26380821  0.25815401  0.25815401  0.24697552  0.23596587  0.28103881  0.28687406  0.29868659  0.26380821  0.24697552  0.25815401  0.30466543  0.29275640  0.28687406  0.24697552  0.28687406  0.26380821  0.25815401  0.24697552  0.24697552  0.21975705  0.24697552  0.28103881  0.28103881  0.28103881  0.29275640  0.31069371  0.31069371  0.29868659  0.30466543  0.28103881  0.28103881  0.28103881  0.27524990  0.26380821  0.26950661  0.24697552  0.25815401  0.25815401  0.25815401  0.25815401  0.25815401  0.26950661  0.28687406  0.26380821  0.26380821  0.25254334  0.24697552  0.25815401  0.25254334  0.29275640  0.24697552  0.25254334  0.24144991  0.26950661  
13_1_0     0.26950661  0.19351845  0.19351845  0.19869115  0.19869115  0.19869115  0.19351845  0.18328187  0.18328187  0.15830224  0.06183898  0.05328433  0.00000000  0.00396332  0.04482892  0.03232690  0.02410978  0.13891713  0.12941453  0.13415035  0.15340742  0.15340742  0.17821699  0.19351845  0.18838219  0.24144991  0.24144991  0.24697552  0.20390083  0.20914800  0.19351845  0.19351845  0.25254334  0.23596587  0.26950661  0.26380821  0.26950661  0.26380821  0.32908359  0.32290193  0.29275640  0.30466543  0.30466543  0.30466543  0.27524990  0.28687406  0.28103881  0.28687406  0.28103881  0.27524990  0.26380821  0.29275640  0.27524990  0.28687406  0.28687406  0.28687406  0.29275640  0.29275640  0.28687406  0.29275640  0.25815401  0.27524990  0.26380821  0.26950661  0.27524990  0.29275640  0.30466543  0.31677227  0.27524990  0.25254334  0.26950661  0.27524990  0.27524990  0.27524990  0.28103881  0.28687406  0.28103881  0.25815401  0.29275640  0.29275640  0.28103881  0.26950661  0.26380821  0.25815401  0.26380821  0.26380821  0.29275640  0.26950661  0.29275640  0.28687406  0.28103881  0.29868659  0.28687406  0.29275640  0.28687406  0.27524990  0.25815401  0.26380821  0.29868659  0.28687406  0.26950661  0.26950661  0.26380821  0.23596587  0.25815401  0.30466543  0.30466543  0.30466543  0.29868659  0.31069371  0.31069371  0.30466543  0.31069371  0.28687406  0.28687406  0.29868659  0.26380821  0.25254334  0.27524990  0.25815401  0.26950661  0.25815401  0.25815401  0.26950661  0.25815401  0.28103881  0.29868659  0.26380821  0.24144991  0.25254334  0.26950661  0.27524990  0.25254334  0.29275640  0.26950661  0.26380821  0.26380821  0.29275640  
1_1_0      0.27524990  0.19869115  0.19351845  0.19869115  0.19869115  0.19869115  0.19351845  0.18328187  0.18328187  0.15830224  0.06615425  0.05754911  0.00396332  0.00000000  0.04904436  0.03647046  0.02820676  0.13891713  0.13415035  0.13891713  0.15830224  0.15830224  0.18328187  0.19869115  0.19351845  0.24144991  0.24144991  0.24697552  0.20390083  0.20914800  0.19351845  0.19351845  0.25254334  0.24144991  0.27524990  0.26950661  0.27524990  0.26950661  0.32908359  0.32290193  0.29868659  0.31069371  0.31069371  0.31069371  0.28103881  0.29275640  0.28687406  0.28687406  0.28103881  0.27524990  0.26380821  0.29275640  0.28103881  0.29275640  0.29275640  0.29275640  0.29275640  0.29868659  0.29275640  0.29868659  0.25815401  0.28103881  0.26950661  0.27524990  0.28103881  0.29275640  0.30466543  0.32290193  0.28103881  0.25254334  0.26950661  0.27524990  0.27524990  0.26950661  0.27524990  0.28103881  0.27524990  0.25254334  0.28687406  0.28687406  0.27524990  0.27524990  0.26950661  0.26380821  0.25815401  0.26950661  0.29868659  0.27524990  0.29868659  0.29275640  0.28687406  0.30466543  0.29275640  0.29868659  0.28687406  0.27524990  0.25815401  0.26380821  0.29868659  0.29275640  0.26950661  0.26950661  0.26950661  0.24144991  0.25815401  0.31069371  0.31069371  0.31069371  0.30466543  0.31677227  0.31677227  0.30466543  0.31069371  0.29275640  0.29275640  0.29868659  0.26380821  0.25254334  0.28103881  0.25815401  0.26950661  0.25815401  0.25815401  0.26950661  0.26380821  0.28687406  0.30466543  0.26380821  0.24144991  0.25254334  0.27524990  0.28103881  0.25815401  0.29868659  0.26950661  0.26380821  0.26380821  0.29868659  
46_1_0     0.23596587  0.19869115  0.18328187  0.18838219  0.18838219  0.15340742  0.14854525  0.13891713  0.13891713  0.13415035  0.07049522  0.04904436  0.04482892  0.04904436  0.00000000  0.01195521  0.02820676  0.12003422  0.12941453  0.12470929  0.13415035  0.13415035  0.15830224  0.20390083  0.20914800  0.24144991  0.24144991  0.24697552  0.19869115  0.23052279  0.19869115  0.19869115  0.25815401  0.21975705  0.28103881  0.26950661  0.25815401  0.27524990  0.31069371  0.30466543  0.30466543  0.26380821  0.28103881  0.28103881  0.25254334  0.25815401  0.27524990  0.26950661  0.27524990  0.27524990  0.25815401  0.28687406  0.28687406  0.26950661  0.28103881  0.29868659  0.29275640  0.29868659  0.30466543  0.28687406  0.27524990  0.26380821  0.26950661  0.27524990  0.26950661  0.29868659  0.31069371  0.29868659  0.26950661  0.25254334  0.25815401  0.27524990  0.26950661  0.25815401  0.26380821  0.25815401  0.25254334  0.24697552  0.26950661  0.26950661  0.27524990  0.25815401  0.26380821  0.25815401  0.23596587  0.25815401  0.26380821  0.25254334  0.28103881  0.28687406  0.28103881  0.27524990  0.26950661  0.26950661  0.28687406  0.29868659  0.29275640  0.26950661  0.29868659  0.27524990  0.26950661  0.25815401  0.25815401  0.23052279  0.25815401  0.28687406  0.28687406  0.28687406  0.29275640  0.29275640  0.29275640  0.29868659  0.30466543  0.26950661  0.26950661  0.26950661  0.27524990  0.26380821  0.26380821  0.24697552  0.25815401  0.25254334  0.25254334  0.24697552  0.23596587  0.26950661  0.27524990  0.26380821  0.26380821  0.25815401  0.26380821  0.27524990  0.25815401  0.27524990  0.25254334  0.25815401  0.25254334  0.28103881  
32_2_0     0.24144991  0.18328187  0.18838219  0.19351845  0.19351845  0.16819161  0.16323015  0.15340742  0.15340742  0.13891713  0.06615425  0.04482892  0.03232690  0.03647046  0.01195521  0.00000000  0.01598426  0.13415035  0.13415035  0.12941453  0.13891713  0.13891713  0.16323015  0.19869115  0.20390083  0.23052279  0.23052279  0.23596587  0.19351845  0.21443323  0.19351845  0.19351845  0.25254334  0.22512004  0.26950661  0.25815401  0.25815401  0.26380821  0.31069371  0.30466543  0.29275640  0.27524990  0.29275640  0.29275640  0.26380821  0.25815401  0.26380821  0.28103881  0.27524990  0.27524990  0.25815401  0.28687406  0.28103881  0.28103881  0.29275640  0.30466543  0.30466543  0.28687406  0.29275640  0.29868659  0.27524990  0.27524990  0.26950661  0.27524990  0.26950661  0.29868659  0.31069371  0.29868659  0.28103881  0.25254334  0.26950661  0.27524990  0.26950661  0.24697552  0.26380821  0.26950661  0.26380821  0.25815401  0.28103881  0.28103881  0.27524990  0.25815401  0.26380821  0.25815401  0.25254334  0.25254334  0.27524990  0.25254334  0.26950661  0.27524990  0.26950661  0.27524990  0.26950661  0.26950661  0.29275640  0.29275640  0.27524990  0.25254334  0.29275640  0.26950661  0.26950661  0.25815401  0.24697552  0.23052279  0.25815401  0.29275640  0.29275640  0.29275640  0.29275640  0.29275640  0.29275640  0.28687406  0.30466543  0.26950661  0.26950661  0.28103881  0.26380821  0.25254334  0.26380821  0.24697552  0.25815401  0.25254334  0.25254334  0.24697552  0.23596587  0.26950661  0.27524990  0.25254334  0.25254334  0.24697552  0.25815401  0.26950661  0.24144991  0.28687406  0.25254334  0.25815401  0.25254334  0.28103881  
32_1_0     0.25815401  0.18328187  0.18838219  0.19351845  0.19351845  0.18328187  0.17821699  0.16819161  0.16819161  0.15340742  0.06615425  0.05328433  0.02410978  0.02820676  0.02820676  0.01598426  0.00000000  0.14371529  0.13415035  0.12941453  0.14854525  0.14854525  0.16819161  0.20390083  0.20390083  0.24697552  0.24697552  0.25254334  0.20390083  0.21975705  0.19869115  0.19869115  0.25815401  0.24144991  0.26950661  0.25815401  0.25815401  0.26380821  0.31677227  0.31069371  0.28687406  0.27524990  0.29275640  0.29275640  0.26380821  0.25815401  0.26380821  0.28103881  0.27524990  0.28103881  0.26950661  0.28687406  0.26380821  0.27524990  0.27524990  0.29868659  0.29275640  0.27524990  0.28103881  0.28687406  0.26380821  0.26950661  0.25815401  0.26380821  0.25815401  0.28687406  0.29868659  0.29868659  0.28103881  0.25254334  0.26950661  0.27524990  0.26950661  0.25815401  0.27524990  0.26950661  0.26380821  0.26950661  0.28103881  0.28103881  0.27524990  0.25815401  0.26380821  0.25815401  0.25254334  0.25254334  0.28687406  0.26380821  0.27524990  0.26950661  0.27524990  0.28103881  0.26950661  0.26380821  0.27524990  0.27524990  0.26950661  0.25254334  0.29868659  0.27524990  0.27524990  0.26380821  0.25254334  0.23596587  0.26380821  0.29868659  0.29868659  0.29868659  0.29275640  0.29868659  0.29868659  0.28687406  0.30466543  0.26950661  0.26950661  0.28103881  0.26380821  0.25254334  0.26380821  0.24697552  0.25815401  0.25254334  0.25254334  0.24697552  0.24697552  0.26950661  0.27524990  0.25815401  0.24697552  0.24697552  0.25815401  0.26950661  0.24144991  0.28103881  0.25815401  0.26380821  0.25254334  0.28103881  
50_1_0     0.18838219  0.18838219  0.11077309  0.11538895  0.11538895  0.08812233  0.07925549  0.07049522  0.07049522  0.04063771  0.14371529  0.13415035  0.13891713  0.13891713  0.12003422  0.13415035  0.14371529  0.00000000  0.03232690  0.02820676  0.03232690  0.03232690  0.12470929  0.20914800  0.21975705  0.22512004  0.22512004  0.23052279  0.18328187  0.18838219  0.17821699  0.17821699  0.21443323  0.19351845  0.25254334  0.24697552  0.24144991  0.23596587  0.30466543  0.31069371  0.29275640  0.24144991  0.26380821  0.26950661  0.24144991  0.25254334  0.24697552  0.22512004  0.23052279  0.23052279  0.22512004  0.24144991  0.25815401  0.23596587  0.24144991  0.26380821  0.21975705  0.27524990  0.26950661  0.27524990  0.24697552  0.23596587  0.24144991  0.24697552  0.25815401  0.25815401  0.25815401  0.29868659  0.23052279  0.21975705  0.21443323  0.21975705  0.21443323  0.27524990  0.29275640  0.24697552  0.26380821  0.26380821  0.26380821  0.25815401  0.27524990  0.26950661  0.25254334  0.26950661  0.21443323  0.24144991  0.22512004  0.23052279  0.23596587  0.23596587  0.24144991  0.23052279  0.23596587  0.21975705  0.25815401  0.28103881  0.28103881  0.24697552  0.24697552  0.24697552  0.23052279  0.23052279  0.24697552  0.23596587  0.21975705  0.26380821  0.26380821  0.26380821  0.24697552  0.29868659  0.29868659  0.29868659  0.29868659  0.28103881  0.28103881  0.26950661  0.25254334  0.23596587  0.26950661  0.25815401  0.26380821  0.25254334  0.25254334  0.26380821  0.25815401  0.29868659  0.30466543  0.24697552  0.25254334  0.25815401  0.26950661  0.27524990  0.26950661  0.28687406  0.24144991  0.25254334  0.23596587  0.27524990  
11_1_0     0.19869115  0.16819161  0.12941453  0.13415035  0.13415035  0.10618628  0.10618628  0.09709835  0.09709835  0.05754911  0.14371529  0.14371529  0.12941453  0.13415035  0.12941453  0.13415035  0.13415035  0.03232690  0.00000000  0.00396332  0.02410978  0.02410978  0.13415035  0.19351845  0.20914800  0.26380821  0.26380821  0.26950661  0.18328187  0.18838219  0.17821699  0.17821699  0.20914800  0.20914800  0.24144991  0.23596587  0.23052279  0.22512004  0.30466543  0.31069371  0.29275640  0.24144991  0.25815401  0.26380821  0.25254334  0.24144991  0.24697552  0.24697552  0.24144991  0.24144991  0.23596587  0.25254334  0.25254334  0.25815401  0.26380821  0.26950661  0.25254334  0.28103881  0.26380821  0.28103881  0.25815401  0.23596587  0.23052279  0.25815401  0.25815401  0.25815401  0.25815401  0.29275640  0.23596587  0.23052279  0.24697552  0.23052279  0.22512004  0.27524990  0.29275640  0.27524990  0.29275640  0.26950661  0.28103881  0.27524990  0.29275640  0.26950661  0.24144991  0.25815401  0.21975705  0.23052279  0.22512004  0.21975705  0.22512004  0.22512004  0.24144991  0.25254334  0.23596587  0.23052279  0.28103881  0.28687406  0.28687406  0.25254334  0.26380821  0.24144991  0.26380821  0.25254334  0.25254334  0.25254334  0.25254334  0.27524990  0.27524990  0.27524990  0.24697552  0.29868659  0.29868659  0.31069371  0.29868659  0.28103881  0.28103881  0.29275640  0.26950661  0.25254334  0.26380821  0.25254334  0.25815401  0.26950661  0.26950661  0.26950661  0.26380821  0.28103881  0.29868659  0.26380821  0.26950661  0.27524990  0.26380821  0.27524990  0.27524990  0.28103881  0.27524990  0.28687406  0.26950661  0.29868659  
37_1_0     0.19351845  0.16323015  0.12470929  0.12941453  0.12941453  0.10162815  0.10162815  0.09259652  0.09259652  0.05328433  0.14854525  0.14854525  0.13415035  0.13891713  0.12470929  0.12941453  0.12941453  0.02820676  0.00396332  0.00000000  0.02003570  0.02003570  0.12941453  0.19351845  0.21443323  0.25815401  0.25815401  0.26380821  0.17821699  0.18328187  0.17318707  0.17318707  0.21443323  0.20390083  0.24697552  0.24144991  0.23596587  0.23052279  0.31069371  0.31677227  0.28687406  0.23596587  0.26380821  0.26950661  0.24697552  0.23596587  0.24144991  0.25254334  0.24697552  0.24697552  0.24144991  0.25815401  0.24697552  0.25254334  0.25815401  0.27524990  0.24697552  0.27524990  0.26950661  0.28687406  0.26380821  0.24144991  0.23596587  0.25254334  0.25254334  0.26380821  0.26380821  0.28687406  0.23596587  0.22512004  0.24144991  0.22512004  0.21975705  0.26950661  0.29868659  0.26950661  0.28687406  0.27524990  0.28687406  0.28103881  0.29868659  0.26380821  0.24697552  0.26380821  0.22512004  0.23596587  0.23052279  0.22512004  0.21975705  0.21975705  0.23596587  0.24697552  0.24144991  0.22512004  0.27524990  0.29275640  0.29275640  0.25254334  0.26380821  0.24144991  0.25815401  0.24697552  0.24697552  0.24697552  0.24697552  0.26950661  0.26950661  0.26950661  0.24144991  0.29275640  0.29275640  0.30466543  0.30466543  0.27524990  0.27524990  0.28687406  0.26380821  0.24697552  0.25815401  0.25815401  0.26380821  0.26380821  0.26380821  0.26380821  0.25815401  0.28687406  0.29275640  0.25815401  0.26380821  0.26950661  0.26950661  0.28103881  0.26950661  0.28687406  0.26950661  0.28103881  0.26380821  0.29275640  
49_1_0     0.18328187  0.18328187  0.12941453  0.13415035  0.13415035  0.10618628  0.09709835  0.08812233  0.08812233  0.04904436  0.13891713  0.13891713  0.15340742  0.15830224  0.13415035  0.13891713  0.14854525  0.03232690  0.02410978  0.02003570  0.00000000  0.00000000  0.13891713  0.21443323  0.23596587  0.24697552  0.24697552  0.25254334  0.19869115  0.20390083  0.18838219  0.18838219  0.20390083  0.19351845  0.25815401  0.25254334  0.24697552  0.24144991  0.32290193  0.32908359  0.28687406  0.23596587  0.25815401  0.26380821  0.24697552  0.23596587  0.24144991  0.24144991  0.23596587  0.23596587  0.23052279  0.24697552  0.25815401  0.25254334  0.25815401  0.27524990  0.23596587  0.26950661  0.26380821  0.28103881  0.25815401  0.23596587  0.23052279  0.24697552  0.24697552  0.25815401  0.25815401  0.29275640  0.23596587  0.23596587  0.24144991  0.23596587  0.23052279  0.28687406  0.30466543  0.26380821  0.28103881  0.28687406  0.28687406  0.28103881  0.29868659  0.27524990  0.25815401  0.27524990  0.23596587  0.24697552  0.23052279  0.22512004  0.23052279  0.23052279  0.24697552  0.24697552  0.24144991  0.22512004  0.28103881  0.29868659  0.31069371  0.25254334  0.26380821  0.24144991  0.25815401  0.24697552  0.24697552  0.24697552  0.24697552  0.26950661  0.26950661  0.26950661  0.23052279  0.29868659  0.29868659  0.31069371  0.31069371  0.28103881  0.28103881  0.29275640  0.26950661  0.25254334  0.26380821  0.26380821  0.26950661  0.26950661  0.26950661  0.26950661  0.26380821  0.28103881  0.28687406  0.26380821  0.26950661  0.27524990  0.27524990  0.28687406  0.27524990  0.29275640  0.26950661  0.28103881  0.26380821  0.29275640  
51_1_0     0.18328187  0.18328187  0.12941453  0.13415035  0.13415035  0.10618628  0.09709835  0.08812233  0.08812233  0.04904436  0.13891713  0.13891713  0.15340742  0.15830224  0.13415035  0.13891713  0.14854525  0.03232690  0.02410978  0.02003570  0.00000000  0.00000000  0.13891713  0.21443323  0.23596587  0.24697552  0.24697552  0.25254334  0.19869115  0.20390083  0.18838219  0.18838219  0.20390083  0.19351845  0.25815401  0.25254334  0.24697552  0.24144991  0.32290193  0.32908359  0.28687406  0.23596587  0.25815401  0.26380821  0.24697552  0.23596587  0.24144991  0.24144991  0.23596587  0.23596587  0.23052279  0.24697552  0.25815401  0.25254334  0.25815401  0.27524990  0.23596587  0.26950661  0.26380821  0.28103881  0.25815401  0.23596587  0.23052279  0.24697552  0.24697552  0.25815401  0.25815401  0.29275640  0.23596587  0.23596587  0.24144991  0.23596587  0.23052279  0.28687406  0.30466543  0.26380821  0.28103881  0.28687406  0.28687406  0.28103881  0.29868659  0.27524990  0.25815401  0.27524990  0.23596587  0.24697552  0.23052279  0.22512004  0.23052279  0.23052279  0.24697552  0.24697552  0.24144991  0.22512004  0.28103881  0.29868659  0.31069371  0.25254334  0.26380821  0.24144991  0.25815401  0.24697552  0.24697552  0.24697552  0.24697552  0.26950661  0.26950661  0.26950661  0.23052279  0.29868659  0.29868659  0.31069371  0.31069371  0.28103881  0.28103881  0.29275640  0.26950661  0.25254334  0.26380821  0.26380821  0.26950661  0.26950661  0.26950661  0.26950661  0.26380821  0.28103881  0.28687406  0.26380821  0.26950661  0.27524990  0.27524990  0.28687406  0.27524990  0.29275640  0.26950661  0.28103881  0.26380821  0.29275640  
30_1_0     0.24697552  0.19869115  0.20914800  0.21443323  0.21443323  0.16819161  0.16819161  0.15830224  0.15830224  0.16323015  0.17821699  0.17821699  0.17821699  0.18328187  0.15830224  0.16323015  0.16819161  0.12470929  0.13415035  0.12941453  0.13891713  0.13891713  0.00000000  0.24144991  0.24697552  0.28687406  0.28687406  0.28687406  0.19869115  0.19869115  0.20390083  0.20390083  0.23596587  0.21443323  0.24697552  0.25254334  0.24697552  0.24144991  0.31677227  0.32290193  0.29868659  0.28687406  0.31677227  0.31069371  0.25254334  0.25254334  0.25815401  0.29275640  0.28687406  0.29275640  0.29275640  0.28687406  0.31069371  0.26380821  0.26950661  0.26950661  0.29275640  0.29868659  0.31069371  0.29275640  0.31677227  0.29868659  0.30466543  0.31069371  0.31069371  0.32290193  0.33531811  0.30466543  0.28103881  0.27524990  0.26950661  0.27524990  0.26950661  0.24697552  0.26380821  0.26380821  0.28103881  0.27524990  0.25815401  0.25254334  0.25815401  0.29275640  0.27524990  0.29275640  0.24697552  0.26950661  0.25815401  0.26380821  0.26950661  0.26950661  0.24697552  0.24144991  0.25815401  0.24697552  0.26950661  0.26950661  0.24697552  0.26380821  0.28687406  0.27524990  0.28103881  0.26950661  0.26380821  0.28687406  0.27524990  0.28687406  0.28687406  0.28687406  0.31069371  0.29868659  0.29868659  0.31069371  0.31677227  0.28687406  0.28687406  0.28687406  0.28103881  0.28687406  0.28687406  0.29868659  0.29868659  0.30466543  0.30466543  0.30466543  0.28103881  0.32290193  0.31677227  0.28687406  0.28687406  0.28103881  0.29275640  0.29868659  0.25815401  0.28687406  0.26950661  0.26380821  0.25254334  0.28687406  
