172
35_92_0    0.00000000  0.08304084  0.19006715  0.17001535  0.33155579  0.39138606  0.38253576  0.43730537  0.40034392  0.31531699  0.38253576  0.34816041  0.39138606  0.32339167  0.33981134  0.33981134  0.31531699  0.29942825  0.46629596  0.35660512  0.35660512  0.33981134  0.39138606  0.47621852  0.48627649  0.46629596  0.46629596  0.46629596  0.46629596  0.45650519  0.45650519  0.42788981  0.48627649  0.46629596  0.49647360  0.50681376  0.43730537  0.45650519  0.44684277  0.47621852  0.52793968  0.46629596  0.48627649  0.47621852  0.47621852  0.49647360  0.41859300  0.40034392  0.41859300  0.49647360  0.49647360  0.56080915  0.56080915  0.56080915  0.40941199  0.41859300  0.42788981  0.41859300  0.49647360  0.44684277  0.40034392  0.41859300  0.38253576  0.39138606  0.39138606  0.43730537  0.36514771  0.41859300  0.42788981  0.40034392  0.40034392  0.44684277  0.46629596  0.43730537  0.50681376  0.50681376  0.47621852  0.52793968  0.44684277  0.48627649  0.51730104  0.48627649  0.52793968  0.52793968  0.39138606  0.39138606  0.39138606  0.46629596  0.41859300  0.45650519  0.41859300  0.41859300  0.45650519  0.48627649  0.51730104  0.46629596  0.44684277  0.44684277  0.44684277  0.38253576  0.38253576  0.38253576  0.39138606  0.39138606  0.38253576  0.40034392  0.38253576  0.39138606  0.36514771  0.36514771  0.47621852  0.42788981  0.44684277  0.42788981  0.45650519  0.44684277  0.50681376  0.50681376  0.49647360  0.47621852  0.40034392  0.42788981  0.46629596  0.43730537  0.42788981  0.45650519  0.50681376  0.49647360  0.45650519  0.43730537  0.47621852  0.48627649  0.51730104  0.48627649  0.40941199  0.45650519  0.40941199  0.41859300  0.47621852  0.46629596  0.45650519  0.44684277  0.43730537  0.46629596  0.34816041  0.34816041  0.30732981  0.35660512  0.37379047  0.37379047  0.33981134  0.35660512  0.33981134  0.37379047  0.38253576  0.39138606  0.34816041  0.38253576  0.38253576  0.37379047  0.37379047  0.40034392  0.42788981  0.42788981  0.42788981  0.42788981  0.44684277  0.40941199  0.38253576  0.38253576  0.40034392  0.37379047  
35_94_0    0.08304084  0.00000000  0.19006715  0.15694426  0.34816041  0.42788981  0.43730537  0.45650519  0.41859300  0.32339167  0.38253576  0.34816041  0.37379047  0.27621942  0.33981134  0.31531699  0.31531699  0.29942825  0.45650519  0.35660512  0.34816041  0.33155579  0.35660512  0.42788981  0.43730537  0.45650519  0.45650519  0.45650519  0.45650519  0.43730537  0.44684277  0.41859300  0.49647360  0.43730537  0.45650519  0.47621852  0.42788981  0.44684277  0.47621852  0.44684277  0.46629596  0.48627649  0.44684277  0.43730537  0.45650519  0.45650519  0.44684277  0.44684277  0.42788981  0.50681376  0.50681376  0.52793968  0.50681376  0.50681376  0.41859300  0.42788981  0.41859300  0.40941199  0.44684277  0.40034392  0.41859300  0.43730537  0.39138606  0.38253576  0.40034392  0.42788981  0.35660512  0.40941199  0.45650519  0.39138606  0.40034392  0.44684277  0.47621852  0.44684277  0.52793968  0.51730104  0.48627649  0.51730104  0.45650519  0.49647360  0.50681376  0.49647360  0.51730104  0.51730104  0.40034392  0.40034392  0.40034392  0.41859300  0.37379047  0.44684277  0.41859300  0.46629596  0.46629596  0.49647360  0.52793968  0.48627649  0.45650519  0.45650519  0.45650519  0.40034392  0.38253576  0.38253576  0.39138606  0.39138606  0.40034392  0.40034392  0.40034392  0.40941199  0.40034392  0.40034392  0.49647360  0.40941199  0.44684277  0.40034392  0.44684277  0.45650519  0.47621852  0.47621852  0.48627649  0.48627649  0.44684277  0.45650519  0.47621852  0.43730537  0.43730537  0.40941199  0.45650519  0.44684277  0.44684277  0.42788981  0.46629596  0.49647360  0.52793968  0.45650519  0.42788981  0.43730537  0.43730537  0.44684277  0.47621852  0.44684277  0.45650519  0.41859300  0.40941199  0.45650519  0.33981134  0.33981134  0.31531699  0.34816041  0.35660512  0.35660512  0.34816041  0.34816041  0.34816041  0.34816041  0.35660512  0.38253576  0.35660512  0.35660512  0.33981134  0.40034392  0.38253576  0.39138606  0.41859300  0.41859300  0.40034392  0.40034392  0.41859300  0.40034392  0.39138606  0.39138606  0.37379047  0.40034392  
74_92_0    0.19006715  0.19006715  0.00000000  0.07720406  0.29161049  0.39138606  0.38253576  0.42788981  0.39138606  0.33981134  0.35660512  0.33155579  0.35660512  0.31531699  0.32339167  0.32339167  0.32339167  0.32339167  0.48627649  0.39138606  0.36514771  0.34816041  0.32339167  0.50681376  0.52793968  0.47621852  0.49647360  0.47621852  0.47621852  0.41859300  0.41859300  0.43730537  0.49647360  0.50681376  0.45650519  0.48627649  0.50681376  0.48627649  0.49647360  0.43730537  0.47621852  0.56080915  0.56080915  0.53873413  0.51730104  0.47621852  0.38253576  0.36514771  0.39138606  0.45650519  0.47621852  0.46629596  0.46629596  0.46629596  0.39138606  0.40034392  0.40941199  0.40034392  0.41859300  0.42788981  0.40034392  0.40941199  0.37379047  0.38253576  0.38253576  0.44684277  0.40034392  0.44684277  0.40034392  0.35660512  0.41859300  0.40941199  0.47621852  0.40034392  0.51730104  0.48627649  0.53873413  0.47621852  0.40941199  0.46629596  0.47621852  0.46629596  0.46629596  0.46629596  0.38253576  0.38253576  0.40034392  0.41859300  0.38253576  0.44684277  0.49647360  0.41859300  0.43730537  0.44684277  0.48627649  0.45650519  0.43730537  0.42788981  0.42788981  0.36514771  0.40034392  0.40034392  0.39138606  0.39138606  0.40034392  0.38253576  0.40034392  0.39138606  0.40034392  0.40034392  0.40941199  0.37379047  0.41859300  0.39138606  0.33155579  0.35660512  0.39138606  0.39138606  0.38253576  0.38253576  0.35660512  0.39138606  0.38253576  0.53873413  0.51730104  0.50681376  0.49647360  0.48627649  0.47621852  0.43730537  0.51730104  0.46629596  0.47621852  0.49647360  0.47621852  0.47621852  0.49647360  0.48627649  0.52793968  0.47621852  0.45650519  0.44684277  0.43730537  0.47621852  0.30732981  0.32339167  0.31531699  0.33155579  0.35660512  0.35660512  0.35660512  0.34816041  0.33155579  0.33981134  0.34816041  0.37379047  0.33981134  0.30732981  0.30732981  0.40941199  0.38253576  0.39138606  0.33155579  0.32339167  0.42788981  0.40941199  0.45650519  0.38253576  0.37379047  0.37379047  0.40034392  0.41859300  
36_92_0    0.17001535  0.15694426  0.07720406  0.00000000  0.30732981  0.35660512  0.34816041  0.37379047  0.35660512  0.34816041  0.33981134  0.33155579  0.33981134  0.29942825  0.30732981  0.33981134  0.30732981  0.30732981  0.46629596  0.33981134  0.31531699  0.31531699  0.32339167  0.43730537  0.51730104  0.49647360  0.45650519  0.43730537  0.43730537  0.40941199  0.41859300  0.40941199  0.47621852  0.44684277  0.41859300  0.48627649  0.42788981  0.44684277  0.45650519  0.43730537  0.43730537  0.50681376  0.48627649  0.48627649  0.48627649  0.44684277  0.40034392  0.40034392  0.40034392  0.44684277  0.44684277  0.43730537  0.43730537  0.43730537  0.40034392  0.40941199  0.40034392  0.35660512  0.45650519  0.40941199  0.39138606  0.37379047  0.33981134  0.33155579  0.34816041  0.39138606  0.31531699  0.37379047  0.36514771  0.33981134  0.36514771  0.37379047  0.41859300  0.37379047  0.44684277  0.41859300  0.44684277  0.46629596  0.38253576  0.43730537  0.44684277  0.43730537  0.45650519  0.45650519  0.37379047  0.37379047  0.37379047  0.42788981  0.35660512  0.45650519  0.42788981  0.42788981  0.44684277  0.43730537  0.45650519  0.42788981  0.39138606  0.40034392  0.40034392  0.35660512  0.35660512  0.35660512  0.34816041  0.34816041  0.35660512  0.33981134  0.37379047  0.34816041  0.35660512  0.35660512  0.38253576  0.34816041  0.39138606  0.34816041  0.32339167  0.31531699  0.38253576  0.38253576  0.37379047  0.39138606  0.34816041  0.38253576  0.33981134  0.47621852  0.45650519  0.44684277  0.45650519  0.46629596  0.45650519  0.43730537  0.49647360  0.40941199  0.43730537  0.47621852  0.43730537  0.43730537  0.40034392  0.39138606  0.47621852  0.44684277  0.43730537  0.39138606  0.38253576  0.43730537  0.26114315  0.26114315  0.25371910  0.28387479  0.30732981  0.30732981  0.27621942  0.29942825  0.26864274  0.30732981  0.31531699  0.37379047  0.32339167  0.29161049  0.29161049  0.35660512  0.36514771  0.39138606  0.34816041  0.33981134  0.38253576  0.33155579  0.39138606  0.35660512  0.34816041  0.34816041  0.35660512  0.37379047  
9_29_0     0.33155579  0.34816041  0.29161049  0.30732981  0.00000000  0.19006715  0.17663886  0.23188532  0.18332243  0.15049462  0.12524602  0.19687416  0.23188532  0.21067971  0.24636908  0.21067971  0.20374461  0.19006715  0.32339167  0.28387479  0.33155579  0.29942825  0.27621942  0.45650519  0.48627649  0.40941199  0.40034392  0.39138606  0.39138606  0.35660512  0.33981134  0.39138606  0.40941199  0.40941199  0.41859300  0.41859300  0.38253576  0.38253576  0.40941199  0.35660512  0.37379047  0.38253576  0.40941199  0.40941199  0.36514771  0.38253576  0.35660512  0.33155579  0.36514771  0.40941199  0.40941199  0.40034392  0.38253576  0.38253576  0.28387479  0.29161049  0.29942825  0.30732981  0.34816041  0.35660512  0.29161049  0.32339167  0.33155579  0.33981134  0.33981134  0.37379047  0.38253576  0.36514771  0.33981134  0.31531699  0.31531699  0.35660512  0.42788981  0.39138606  0.40034392  0.33981134  0.36514771  0.37379047  0.34816041  0.33155579  0.34816041  0.35660512  0.34816041  0.34816041  0.33981134  0.33981134  0.33981134  0.33155579  0.37379047  0.40034392  0.40941199  0.36514771  0.33981134  0.36514771  0.39138606  0.39138606  0.35660512  0.33981134  0.34816041  0.32339167  0.34816041  0.34816041  0.33155579  0.33155579  0.33981134  0.33981134  0.31531699  0.34816041  0.33981134  0.33981134  0.36514771  0.36514771  0.34816041  0.32339167  0.30732981  0.24636908  0.35660512  0.35660512  0.31531699  0.33155579  0.34816041  0.33155579  0.36514771  0.41859300  0.44684277  0.46629596  0.45650519  0.48627649  0.44684277  0.41859300  0.48627649  0.42788981  0.45650519  0.44684277  0.41859300  0.40034392  0.43730537  0.42788981  0.40034392  0.39138606  0.44684277  0.40034392  0.39138606  0.49647360  0.27621942  0.29942825  0.31531699  0.34816041  0.33155579  0.33155579  0.34816041  0.33981134  0.35660512  0.32339167  0.33155579  0.32339167  0.31531699  0.32339167  0.35660512  0.33981134  0.34816041  0.35660512  0.35660512  0.35660512  0.40941199  0.33981134  0.35660512  0.34816041  0.33981134  0.33981134  0.33981134  0.36514771  
31_25_0    0.39138606  0.42788981  0.39138606  0.35660512  0.19006715  0.00000000  0.01054629  0.17001535  0.17663886  0.20374461  0.17663886  0.29161049  0.24636908  0.25371910  0.27621942  0.26114315  0.26114315  0.26114315  0.33155579  0.35660512  0.33155579  0.31531699  0.33981134  0.39138606  0.42788981  0.42788981  0.43730537  0.43730537  0.43730537  0.40941199  0.40941199  0.39138606  0.45650519  0.38253576  0.41859300  0.43730537  0.37379047  0.39138606  0.42788981  0.40941199  0.44684277  0.43730537  0.42788981  0.40941199  0.40034392  0.40941199  0.38253576  0.37379047  0.36514771  0.40034392  0.37379047  0.42788981  0.40941199  0.40941199  0.36514771  0.37379047  0.36514771  0.35660512  0.42788981  0.36514771  0.33155579  0.31531699  0.40941199  0.40034392  0.41859300  0.36514771  0.35660512  0.38253576  0.33155579  0.29161049  0.36514771  0.39138606  0.40034392  0.36514771  0.37379047  0.29161049  0.33981134  0.34816041  0.36514771  0.34816041  0.36514771  0.40034392  0.39138606  0.39138606  0.37379047  0.37379047  0.37379047  0.41859300  0.40034392  0.49647360  0.35660512  0.33155579  0.32339167  0.37379047  0.39138606  0.38253576  0.36514771  0.34816041  0.35660512  0.40034392  0.38253576  0.38253576  0.37379047  0.37379047  0.36514771  0.36514771  0.36514771  0.39138606  0.36514771  0.36514771  0.42788981  0.40034392  0.38253576  0.34816041  0.39138606  0.31531699  0.38253576  0.38253576  0.31531699  0.33155579  0.33155579  0.36514771  0.32339167  0.44684277  0.44684277  0.40034392  0.44684277  0.43730537  0.43730537  0.44684277  0.46629596  0.46629596  0.47621852  0.40034392  0.40941199  0.40941199  0.42788981  0.41859300  0.47621852  0.44684277  0.45650519  0.44684277  0.43730537  0.46629596  0.37379047  0.38253576  0.35660512  0.37379047  0.41859300  0.41859300  0.40034392  0.42788981  0.42788981  0.40941199  0.41859300  0.37379047  0.39138606  0.39138606  0.42788981  0.34816041  0.43730537  0.44684277  0.42788981  0.42788981  0.46629596  0.39138606  0.37379047  0.36514771  0.35660512  0.35660512  0.41859300  0.41859300  
15_25_0    0.38253576  0.43730537  0.38253576  0.34816041  0.17663886  0.01054629  0.00000000  0.15694426  0.17001535  0.19687416  0.17001535  0.27621942  0.25371910  0.25371910  0.27621942  0.26114315  0.26864274  0.26864274  0.34816041  0.35660512  0.33155579  0.31531699  0.35660512  0.39138606  0.42788981  0.44684277  0.45650519  0.45650519  0.45650519  0.42788981  0.42788981  0.40941199  0.47621852  0.39138606  0.43730537  0.45650519  0.39138606  0.40941199  0.44684277  0.42788981  0.45650519  0.45650519  0.44684277  0.42788981  0.41859300  0.42788981  0.38253576  0.37379047  0.38253576  0.41859300  0.39138606  0.44684277  0.42788981  0.42788981  0.38253576  0.39138606  0.38253576  0.37379047  0.44684277  0.38253576  0.34816041  0.33155579  0.42788981  0.41859300  0.43730537  0.38253576  0.37379047  0.40034392  0.34816041  0.30732981  0.38253576  0.40941199  0.41859300  0.38253576  0.39138606  0.30732981  0.35660512  0.36514771  0.37379047  0.34816041  0.36514771  0.40941199  0.40034392  0.40034392  0.39138606  0.39138606  0.39138606  0.41859300  0.41859300  0.51730104  0.37379047  0.34816041  0.33981134  0.39138606  0.40034392  0.40034392  0.38253576  0.36514771  0.37379047  0.40034392  0.38253576  0.38253576  0.37379047  0.37379047  0.36514771  0.36514771  0.36514771  0.39138606  0.36514771  0.36514771  0.42788981  0.41859300  0.40034392  0.36514771  0.40034392  0.31531699  0.39138606  0.39138606  0.32339167  0.33981134  0.33981134  0.37379047  0.33981134  0.46629596  0.46629596  0.41859300  0.46629596  0.45650519  0.43730537  0.44684277  0.46629596  0.46629596  0.47621852  0.41859300  0.42788981  0.42788981  0.44684277  0.43730537  0.49647360  0.46629596  0.47621852  0.44684277  0.43730537  0.47621852  0.37379047  0.38253576  0.35660512  0.37379047  0.41859300  0.41859300  0.40034392  0.42788981  0.42788981  0.40941199  0.41859300  0.37379047  0.39138606  0.39138606  0.42788981  0.34816041  0.43730537  0.44684277  0.42788981  0.42788981  0.46629596  0.39138606  0.37379047  0.36514771  0.35660512  0.35660512  0.41859300  0.41859300  
70_25_0    0.43730537  0.45650519  0.42788981  0.37379047  0.23188532  0.17001535  0.15694426  0.00000000  0.19687416  0.21067971  0.17001535  0.27621942  0.27621942  0.29161049  0.30732981  0.30732981  0.31531699  0.31531699  0.33155579  0.32339167  0.28387479  0.28387479  0.29942825  0.34816041  0.36514771  0.45650519  0.46629596  0.44684277  0.44684277  0.44684277  0.45650519  0.45650519  0.44684277  0.36514771  0.42788981  0.42788981  0.40941199  0.40941199  0.45650519  0.38253576  0.37379047  0.40034392  0.41859300  0.38253576  0.39138606  0.38253576  0.41859300  0.42788981  0.39138606  0.44684277  0.43730537  0.40941199  0.40941199  0.40941199  0.41859300  0.40941199  0.40034392  0.39138606  0.47621852  0.42788981  0.40034392  0.33155579  0.42788981  0.41859300  0.43730537  0.40941199  0.41859300  0.42788981  0.37379047  0.36514771  0.36514771  0.40941199  0.43730537  0.36514771  0.41859300  0.33981134  0.39138606  0.38253576  0.37379047  0.36514771  0.38253576  0.40941199  0.40034392  0.40034392  0.44684277  0.44684277  0.42788981  0.41859300  0.43730537  0.49647360  0.44684277  0.45650519  0.42788981  0.38253576  0.37379047  0.37379047  0.41859300  0.40034392  0.40941199  0.39138606  0.39138606  0.39138606  0.36514771  0.36514771  0.35660512  0.37379047  0.37379047  0.36514771  0.35660512  0.35660512  0.40034392  0.40941199  0.37379047  0.35660512  0.38253576  0.36514771  0.45650519  0.45650519  0.39138606  0.39138606  0.39138606  0.38253576  0.32339167  0.50681376  0.48627649  0.40941199  0.43730537  0.44684277  0.38253576  0.42788981  0.42788981  0.45650519  0.46629596  0.42788981  0.43730537  0.40034392  0.47621852  0.46629596  0.40034392  0.44684277  0.47621852  0.42788981  0.41859300  0.48627649  0.36514771  0.37379047  0.36514771  0.40034392  0.37379047  0.37379047  0.35660512  0.38253576  0.40034392  0.36514771  0.35660512  0.34816041  0.40034392  0.38253576  0.40034392  0.35660512  0.42788981  0.43730537  0.43730537  0.41859300  0.42788981  0.34816041  0.33155579  0.37379047  0.38253576  0.38253576  0.44684277  0.42788981  
45_25_0    0.40034392  0.41859300  0.39138606  0.35660512  0.18332243  0.17663886  0.17001535  0.19687416  0.00000000  0.14410093  0.08304084  0.28387479  0.24636908  0.24636908  0.29942825  0.27621942  0.28387479  0.26864274  0.33981134  0.35660512  0.33981134  0.33981134  0.30732981  0.37379047  0.43730537  0.42788981  0.45650519  0.44684277  0.44684277  0.42788981  0.43730537  0.43730537  0.48627649  0.39138606  0.41859300  0.43730537  0.40034392  0.41859300  0.47621852  0.41859300  0.44684277  0.40034392  0.42788981  0.40941199  0.40034392  0.39138606  0.39138606  0.38253576  0.39138606  0.38253576  0.38253576  0.40941199  0.37379047  0.37379047  0.38253576  0.39138606  0.38253576  0.37379047  0.47621852  0.40941199  0.34816041  0.36514771  0.44684277  0.43730537  0.45650519  0.43730537  0.42788981  0.40034392  0.38253576  0.35660512  0.36514771  0.40941199  0.41859300  0.35660512  0.43730537  0.41859300  0.42788981  0.38253576  0.38253576  0.34816041  0.36514771  0.40034392  0.39138606  0.39138606  0.36514771  0.36514771  0.36514771  0.35660512  0.37379047  0.42788981  0.40941199  0.42788981  0.40034392  0.39138606  0.40034392  0.39138606  0.39138606  0.39138606  0.38253576  0.40941199  0.40034392  0.40034392  0.40034392  0.40034392  0.39138606  0.39138606  0.40034392  0.40034392  0.37379047  0.37379047  0.41859300  0.39138606  0.41859300  0.37379047  0.39138606  0.33981134  0.33981134  0.33981134  0.31531699  0.34816041  0.33981134  0.36514771  0.35660512  0.49647360  0.47621852  0.38253576  0.40941199  0.41859300  0.36514771  0.37379047  0.41859300  0.43730537  0.44684277  0.40034392  0.46629596  0.41859300  0.45650519  0.46629596  0.43730537  0.46629596  0.50681376  0.47621852  0.46629596  0.46629596  0.36514771  0.37379047  0.36514771  0.37379047  0.39138606  0.39138606  0.39138606  0.40034392  0.43730537  0.40034392  0.42788981  0.40034392  0.43730537  0.38253576  0.40034392  0.34816041  0.42788981  0.41859300  0.40034392  0.40034392  0.42788981  0.40941199  0.37379047  0.38253576  0.37379047  0.37379047  0.47621852  0.41859300  
19_25_0    0.31531699  0.32339167  0.33981134  0.34816041  0.15049462  0.20374461  0.19687416  0.21067971  0.14410093  0.00000000  0.11906672  0.18332243  0.21067971  0.21768068  0.25371910  0.23909162  0.24636908  0.23188532  0.33155579  0.30732981  0.29161049  0.26864274  0.30732981  0.40941199  0.38253576  0.37379047  0.41859300  0.40941199  0.40941199  0.38253576  0.36514771  0.39138606  0.42788981  0.33155579  0.39138606  0.40034392  0.37379047  0.37379047  0.38253576  0.39138606  0.40034392  0.41859300  0.40941199  0.39138606  0.40034392  0.39138606  0.33981134  0.35660512  0.38253576  0.40941199  0.41859300  0.42788981  0.42788981  0.42788981  0.35660512  0.34816041  0.34816041  0.35660512  0.45650519  0.41859300  0.35660512  0.32339167  0.38253576  0.38253576  0.39138606  0.39138606  0.38253576  0.35660512  0.38253576  0.28387479  0.34816041  0.38253576  0.44684277  0.35660512  0.40034392  0.33981134  0.36514771  0.37379047  0.33981134  0.39138606  0.39138606  0.40941199  0.40034392  0.40034392  0.35660512  0.35660512  0.35660512  0.32339167  0.30732981  0.38253576  0.38253576  0.38253576  0.37379047  0.38253576  0.40034392  0.32339167  0.34816041  0.33155579  0.33981134  0.34816041  0.34816041  0.34816041  0.34816041  0.34816041  0.33981134  0.35660512  0.34816041  0.34816041  0.32339167  0.32339167  0.39138606  0.33981134  0.33155579  0.29161049  0.38253576  0.35660512  0.36514771  0.36514771  0.34816041  0.33981134  0.32339167  0.37379047  0.35660512  0.39138606  0.37379047  0.40941199  0.45650519  0.42788981  0.43730537  0.41859300  0.39138606  0.45650519  0.46629596  0.42788981  0.43730537  0.40941199  0.44684277  0.45650519  0.42788981  0.43730537  0.46629596  0.41859300  0.42788981  0.46629596  0.32339167  0.33155579  0.31531699  0.33155579  0.31531699  0.31531699  0.31531699  0.32339167  0.33981134  0.30732981  0.33155579  0.32339167  0.32339167  0.35660512  0.32339167  0.33981134  0.34816041  0.32339167  0.35660512  0.33981134  0.40941199  0.35660512  0.32339167  0.31531699  0.30732981  0.30732981  0.39138606  0.35660512  
4_25_0     0.38253576  0.38253576  0.35660512  0.33981134  0.12524602  0.17663886  0.17001535  0.17001535  0.08304084  0.11906672  0.00000000  0.20374461  0.23909162  0.23909162  0.30732981  0.23909162  0.26114315  0.24636908  0.29161049  0.32339167  0.33981134  0.30732981  0.27621942  0.39138606  0.43730537  0.38253576  0.39138606  0.38253576  0.38253576  0.37379047  0.35660512  0.40034392  0.41859300  0.36514771  0.39138606  0.37379047  0.35660512  0.37379047  0.40941199  0.37379047  0.40941199  0.38253576  0.40941199  0.39138606  0.40034392  0.40941199  0.37379047  0.34816041  0.37379047  0.40941199  0.40941199  0.40034392  0.38253576  0.38253576  0.33981134  0.34816041  0.35660512  0.35660512  0.41859300  0.39138606  0.33155579  0.33155579  0.37379047  0.38253576  0.38253576  0.36514771  0.39138606  0.33155579  0.33155579  0.30732981  0.33981134  0.38253576  0.42788981  0.34816041  0.37379047  0.38253576  0.40941199  0.38253576  0.38253576  0.34816041  0.36514771  0.38253576  0.39138606  0.39138606  0.34816041  0.34816041  0.34816041  0.33981134  0.35660512  0.37379047  0.36514771  0.35660512  0.33155579  0.38253576  0.40034392  0.40034392  0.39138606  0.37379047  0.38253576  0.37379047  0.38253576  0.38253576  0.36514771  0.36514771  0.37379047  0.35660512  0.36514771  0.38253576  0.37379047  0.37379047  0.40034392  0.39138606  0.41859300  0.35660512  0.33981134  0.29161049  0.35660512  0.35660512  0.29942825  0.31531699  0.31531699  0.34816041  0.35660512  0.41859300  0.40941199  0.36514771  0.37379047  0.40034392  0.34816041  0.33981134  0.36514771  0.40034392  0.40941199  0.36514771  0.40034392  0.39138606  0.42788981  0.43730537  0.42788981  0.43730537  0.47621852  0.40941199  0.40034392  0.43730537  0.29942825  0.30732981  0.30732981  0.32339167  0.32339167  0.32339167  0.32339167  0.33155579  0.36514771  0.31531699  0.33981134  0.31531699  0.34816041  0.31531699  0.31531699  0.31531699  0.37379047  0.36514771  0.36514771  0.36514771  0.37379047  0.32339167  0.30732981  0.33155579  0.32339167  0.32339167  0.38253576  0.36514771  
9_17_0     0.34816041  0.34816041  0.33155579  0.33155579  0.19687416  0.29161049  0.27621942  0.27621942  0.28387479  0.18332243  0.20374461  0.00000000  0.13776222  0.21768068  0.25371910  0.21768068  0.26114315  0.24636908  0.35660512  0.26864274  0.27621942  0.27621942  0.33981134  0.37379047  0.36514771  0.37379047  0.33981134  0.34816041  0.34816041  0.40034392  0.36514771  0.37379047  0.37379047  0.32339167  0.39138606  0.38253576  0.38253576  0.38253576  0.36514771  0.38253576  0.36514771  0.41859300  0.42788981  0.42788981  0.44684277  0.44684277  0.38253576  0.39138606  0.38253576  0.40941199  0.44684277  0.39138606  0.40941199  0.40941199  0.40034392  0.39138606  0.40034392  0.36514771  0.40034392  0.39138606  0.34816041  0.36514771  0.33155579  0.33981134  0.32339167  0.33981134  0.34816041  0.37379047  0.40941199  0.33981134  0.33981134  0.35660512  0.45650519  0.37379047  0.43730537  0.40941199  0.41859300  0.35660512  0.37379047  0.40034392  0.40034392  0.40941199  0.40034392  0.40034392  0.38253576  0.38253576  0.38253576  0.34816041  0.36514771  0.39138606  0.43730537  0.40941199  0.40034392  0.41859300  0.37379047  0.34816041  0.36514771  0.34816041  0.35660512  0.33155579  0.32339167  0.32339167  0.32339167  0.32339167  0.33155579  0.33155579  0.32339167  0.32339167  0.33155579  0.33155579  0.35660512  0.38253576  0.33981134  0.33155579  0.34816041  0.32339167  0.37379047  0.37379047  0.37379047  0.35660512  0.33981134  0.33981134  0.31531699  0.36514771  0.35660512  0.40941199  0.44684277  0.41859300  0.42788981  0.37379047  0.36514771  0.41859300  0.44684277  0.41859300  0.47621852  0.40941199  0.44684277  0.45650519  0.46629596  0.43730537  0.45650519  0.38253576  0.39138606  0.49647360  0.32339167  0.33155579  0.33155579  0.33155579  0.33155579  0.33155579  0.33155579  0.32339167  0.33155579  0.29161049  0.28387479  0.32339167  0.33981134  0.37379047  0.32339167  0.37379047  0.32339167  0.31531699  0.34816041  0.34816041  0.36514771  0.33155579  0.31531699  0.33981134  0.35660512  0.35660512  0.39138606  0.40034392  
64_17_0    0.39138606  0.37379047  0.35660512  0.33981134  0.23188532  0.24636908  0.25371910  0.27621942  0.24636908  0.21067971  0.23909162  0.13776222  0.00000000  0.15694426  0.21067971  0.22474878  0.23188532  0.23909162  0.38253576  0.29942825  0.29161049  0.29161049  0.29161049  0.37379047  0.40941199  0.39138606  0.47621852  0.45650519  0.45650519  0.44684277  0.41859300  0.40034392  0.47621852  0.36514771  0.42788981  0.40941199  0.42788981  0.44684277  0.44684277  0.41859300  0.39138606  0.40034392  0.40941199  0.39138606  0.37379047  0.38253576  0.40034392  0.39138606  0.37379047  0.36514771  0.42788981  0.42788981  0.40941199  0.40941199  0.37379047  0.36514771  0.35660512  0.36514771  0.33981134  0.29942825  0.30732981  0.34816041  0.37379047  0.36514771  0.36514771  0.37379047  0.35660512  0.42788981  0.39138606  0.32339167  0.33981134  0.37379047  0.42788981  0.35660512  0.45650519  0.38253576  0.38253576  0.36514771  0.37379047  0.39138606  0.40941199  0.44684277  0.41859300  0.41859300  0.38253576  0.38253576  0.38253576  0.36514771  0.38253576  0.42788981  0.39138606  0.40034392  0.39138606  0.34816041  0.37379047  0.34816041  0.34816041  0.33155579  0.33981134  0.39138606  0.39138606  0.39138606  0.36514771  0.36514771  0.35660512  0.37379047  0.37379047  0.34816041  0.35660512  0.35660512  0.39138606  0.36514771  0.34816041  0.34816041  0.33155579  0.29161049  0.28387479  0.28387479  0.30732981  0.29161049  0.26114315  0.31531699  0.29161049  0.40941199  0.40941199  0.36514771  0.41859300  0.37379047  0.40034392  0.38253576  0.35660512  0.38253576  0.39138606  0.39138606  0.39138606  0.38253576  0.38253576  0.39138606  0.39138606  0.38253576  0.44684277  0.42788981  0.41859300  0.43730537  0.35660512  0.36514771  0.36514771  0.34816041  0.38253576  0.38253576  0.34816041  0.35660512  0.34816041  0.32339167  0.33155579  0.39138606  0.39138606  0.35660512  0.37379047  0.36514771  0.39138606  0.41859300  0.37379047  0.39138606  0.40941199  0.34816041  0.37379047  0.36514771  0.34816041  0.34816041  0.45650519  0.40941199  
4_17_0     0.32339167  0.27621942  0.31531699  0.29942825  0.21067971  0.25371910  0.25371910  0.29161049  0.24636908  0.21768068  0.23909162  0.21768068  0.15694426  0.00000000  0.11293880  0.10686141  0.19006715  0.19006715  0.38253576  0.27621942  0.26864274  0.25371910  0.27621942  0.36514771  0.41859300  0.34816041  0.39138606  0.38253576  0.38253576  0.35660512  0.36514771  0.35660512  0.43730537  0.33155579  0.37379047  0.39138606  0.37379047  0.39138606  0.43730537  0.38253576  0.38253576  0.40941199  0.40941199  0.37379047  0.36514771  0.33155579  0.36514771  0.35660512  0.33155579  0.36514771  0.32339167  0.37379047  0.35660512  0.35660512  0.35660512  0.36514771  0.35660512  0.33981134  0.37379047  0.31531699  0.37379047  0.33155579  0.37379047  0.36514771  0.38253576  0.36514771  0.31531699  0.33981134  0.31531699  0.27621942  0.32339167  0.34816041  0.39138606  0.33155579  0.40941199  0.39138606  0.40941199  0.38253576  0.38253576  0.39138606  0.40941199  0.40034392  0.40941199  0.40941199  0.33155579  0.33155579  0.35660512  0.33981134  0.29161049  0.38253576  0.39138606  0.41859300  0.39138606  0.37379047  0.40034392  0.38253576  0.33981134  0.32339167  0.33155579  0.37379047  0.36514771  0.36514771  0.36514771  0.36514771  0.35660512  0.37379047  0.39138606  0.38253576  0.35660512  0.35660512  0.40034392  0.35660512  0.35660512  0.33155579  0.38253576  0.31531699  0.33155579  0.33155579  0.31531699  0.33155579  0.30732981  0.33981134  0.39138606  0.39138606  0.39138606  0.34816041  0.39138606  0.40034392  0.38253576  0.35660512  0.41859300  0.41859300  0.43730537  0.41859300  0.38253576  0.39138606  0.40034392  0.40941199  0.39138606  0.38253576  0.42788981  0.42788981  0.41859300  0.40034392  0.33981134  0.34816041  0.34816041  0.34816041  0.39138606  0.39138606  0.37379047  0.36514771  0.39138606  0.34816041  0.35660512  0.39138606  0.37379047  0.39138606  0.36514771  0.35660512  0.35660512  0.38253576  0.36514771  0.38253576  0.38253576  0.35660512  0.36514771  0.35660512  0.34816041  0.34816041  0.38253576  0.40034392  
45_41_0    0.33981134  0.33981134  0.32339167  0.30732981  0.24636908  0.27621942  0.27621942  0.30732981  0.29942825  0.25371910  0.30732981  0.25371910  0.21067971  0.11293880  0.00000000  0.11293880  0.18332243  0.18332243  0.35660512  0.31531699  0.29161049  0.30732981  0.29942825  0.40941199  0.46629596  0.39138606  0.37379047  0.35660512  0.35660512  0.36514771  0.37379047  0.38253576  0.39138606  0.35660512  0.41859300  0.40034392  0.40034392  0.40034392  0.46629596  0.40034392  0.38253576  0.39138606  0.44684277  0.40941199  0.34816041  0.40034392  0.37379047  0.40034392  0.35660512  0.34816041  0.37379047  0.33981134  0.37379047  0.37379047  0.39138606  0.40034392  0.39138606  0.37379047  0.43730537  0.39138606  0.41859300  0.33155579  0.41859300  0.40941199  0.42788981  0.39138606  0.34816041  0.40941199  0.38253576  0.33981134  0.37379047  0.33981134  0.42788981  0.38253576  0.40034392  0.40034392  0.41859300  0.43730537  0.42788981  0.45650519  0.45650519  0.42788981  0.41859300  0.41859300  0.33981134  0.33981134  0.33981134  0.34816041  0.33155579  0.35660512  0.40941199  0.39138606  0.41859300  0.34816041  0.37379047  0.33981134  0.33155579  0.33155579  0.32339167  0.36514771  0.38253576  0.38253576  0.37379047  0.37379047  0.36514771  0.38253576  0.36514771  0.35660512  0.34816041  0.34816041  0.39138606  0.38253576  0.36514771  0.36514771  0.33981134  0.30732981  0.32339167  0.32339167  0.31531699  0.31531699  0.33155579  0.29942825  0.36514771  0.41859300  0.40034392  0.43730537  0.40034392  0.40941199  0.41859300  0.42788981  0.46629596  0.42788981  0.44684277  0.40941199  0.37379047  0.40034392  0.40941199  0.41859300  0.41859300  0.39138606  0.40034392  0.40941199  0.41859300  0.44684277  0.34816041  0.35660512  0.33981134  0.36514771  0.36514771  0.36514771  0.33155579  0.35660512  0.36514771  0.35660512  0.34816041  0.36514771  0.34816041  0.41859300  0.40034392  0.33155579  0.36514771  0.40941199  0.37379047  0.35660512  0.38253576  0.32339167  0.36514771  0.37379047  0.38253576  0.38253576  0.40034392  0.41859300  
19_17_0    0.33981134  0.31531699  0.32339167  0.33981134  0.21067971  0.26114315  0.26114315  0.30732981  0.27621942  0.23909162  0.23909162  0.21768068  0.22474878  0.10686141  0.11293880  0.00000000  0.17663886  0.17663886  0.33155579  0.32339167  0.32339167  0.29161049  0.27621942  0.39138606  0.44684277  0.38253576  0.34816041  0.36514771  0.36514771  0.39138606  0.38253576  0.39138606  0.40034392  0.36514771  0.40941199  0.39138606  0.39138606  0.40941199  0.41859300  0.39138606  0.40034392  0.37379047  0.43730537  0.40034392  0.35660512  0.40941199  0.40034392  0.39138606  0.34816041  0.36514771  0.35660512  0.34816041  0.34816041  0.34816041  0.40034392  0.40941199  0.41859300  0.36514771  0.39138606  0.36514771  0.35660512  0.35660512  0.36514771  0.37379047  0.37379047  0.33981134  0.35660512  0.39138606  0.36514771  0.30732981  0.33981134  0.34816041  0.46629596  0.36514771  0.40941199  0.45650519  0.43730537  0.41859300  0.44684277  0.43730537  0.45650519  0.46629596  0.45650519  0.45650519  0.28387479  0.28387479  0.29942825  0.34816041  0.29942825  0.32339167  0.37379047  0.35660512  0.36514771  0.36514771  0.35660512  0.36514771  0.33155579  0.33155579  0.32339167  0.35660512  0.33981134  0.33981134  0.36514771  0.36514771  0.37379047  0.37379047  0.35660512  0.36514771  0.35660512  0.35660512  0.38253576  0.39138606  0.39138606  0.35660512  0.37379047  0.32339167  0.33981134  0.33981134  0.31531699  0.31531699  0.31531699  0.31531699  0.40034392  0.35660512  0.33155579  0.40941199  0.38253576  0.37379047  0.40941199  0.36514771  0.41859300  0.41859300  0.43730537  0.41859300  0.34816041  0.33981134  0.43730537  0.42788981  0.43730537  0.40941199  0.37379047  0.35660512  0.34816041  0.42788981  0.31531699  0.32339167  0.32339167  0.33155579  0.38253576  0.38253576  0.36514771  0.35660512  0.38253576  0.35660512  0.36514771  0.40034392  0.36514771  0.40034392  0.36514771  0.31531699  0.36514771  0.40941199  0.40941199  0.40941199  0.35660512  0.33155579  0.37379047  0.40034392  0.39138606  0.39138606  0.40941199  0.42788981  
15_17_0    0.31531699  0.31531699  0.32339167  0.30732981  0.20374461  0.26114315  0.26864274  0.31531699  0.28387479  0.24636908  0.26114315  0.26114315  0.23188532  0.19006715  0.18332243  0.17663886  0.00000000  0.02124567  0.37379047  0.29161049  0.33981134  0.32339167  0.26864274  0.47621852  0.48627649  0.41859300  0.42788981  0.41859300  0.41859300  0.41859300  0.40034392  0.39138606  0.43730537  0.37379047  0.43730537  0.45650519  0.40034392  0.40034392  0.42788981  0.40941199  0.44684277  0.40941199  0.46629596  0.44684277  0.40034392  0.42788981  0.38253576  0.39138606  0.39138606  0.39138606  0.40034392  0.41859300  0.41859300  0.41859300  0.36514771  0.35660512  0.34816041  0.33981134  0.39138606  0.36514771  0.36514771  0.34816041  0.35660512  0.34816041  0.36514771  0.40034392  0.39138606  0.37379047  0.36514771  0.36514771  0.33155579  0.35660512  0.46629596  0.40034392  0.39138606  0.45650519  0.46629596  0.46629596  0.42788981  0.44684277  0.44684277  0.46629596  0.45650519  0.45650519  0.36514771  0.36514771  0.38253576  0.40034392  0.38253576  0.40034392  0.40941199  0.40941199  0.45650519  0.42788981  0.39138606  0.36514771  0.35660512  0.35660512  0.34816041  0.38253576  0.37379047  0.37379047  0.37379047  0.37379047  0.36514771  0.38253576  0.37379047  0.37379047  0.34816041  0.34816041  0.37379047  0.34816041  0.35660512  0.33155579  0.35660512  0.32339167  0.37379047  0.37379047  0.33981134  0.35660512  0.36514771  0.33155579  0.37379047  0.36514771  0.34816041  0.43730537  0.42788981  0.35660512  0.40034392  0.40941199  0.43730537  0.40034392  0.40941199  0.39138606  0.42788981  0.41859300  0.45650519  0.46629596  0.41859300  0.40941199  0.46629596  0.42788981  0.41859300  0.45650519  0.33981134  0.34816041  0.33981134  0.36514771  0.37379047  0.37379047  0.37379047  0.36514771  0.38253576  0.36514771  0.35660512  0.40941199  0.39138606  0.39138606  0.40941199  0.34816041  0.36514771  0.39138606  0.40941199  0.39138606  0.38253576  0.33155579  0.36514771  0.35660512  0.34816041  0.34816041  0.39138606  0.37379047  
31_17_0    0.29942825  0.29942825  0.32339167  0.30732981  0.19006715  0.26114315  0.26864274  0.31531699  0.26864274  0.23188532  0.24636908  0.24636908  0.23909162  0.19006715  0.18332243  0.17663886  0.02124567  0.00000000  0.35660512  0.29161049  0.32339167  0.30732981  0.28387479  0.45650519  0.46629596  0.40941199  0.40941199  0.40034392  0.40034392  0.40034392  0.38253576  0.37379047  0.41859300  0.35660512  0.41859300  0.43730537  0.38253576  0.38253576  0.39138606  0.39138606  0.42788981  0.40941199  0.44684277  0.42788981  0.38253576  0.40941199  0.36514771  0.37379047  0.39138606  0.37379047  0.40034392  0.40034392  0.40034392  0.40034392  0.36514771  0.35660512  0.34816041  0.33981134  0.39138606  0.36514771  0.36514771  0.33155579  0.33981134  0.33155579  0.34816041  0.38253576  0.37379047  0.39138606  0.36514771  0.36514771  0.34816041  0.35660512  0.46629596  0.40034392  0.37379047  0.45650519  0.46629596  0.46629596  0.42788981  0.44684277  0.44684277  0.46629596  0.45650519  0.45650519  0.33155579  0.33155579  0.34816041  0.36514771  0.34816041  0.36514771  0.37379047  0.37379047  0.41859300  0.40941199  0.37379047  0.34816041  0.33981134  0.33981134  0.33155579  0.36514771  0.35660512  0.35660512  0.35660512  0.35660512  0.34816041  0.36514771  0.35660512  0.35660512  0.33155579  0.33155579  0.37379047  0.34816041  0.35660512  0.33155579  0.35660512  0.32339167  0.37379047  0.37379047  0.35660512  0.35660512  0.36514771  0.31531699  0.37379047  0.38253576  0.36514771  0.43730537  0.42788981  0.37379047  0.40034392  0.40941199  0.43730537  0.40034392  0.40941199  0.39138606  0.42788981  0.41859300  0.45650519  0.46629596  0.40034392  0.39138606  0.48627649  0.44684277  0.43730537  0.45650519  0.33981134  0.34816041  0.35660512  0.38253576  0.37379047  0.37379047  0.37379047  0.36514771  0.38253576  0.36514771  0.35660512  0.40941199  0.39138606  0.39138606  0.40941199  0.34816041  0.36514771  0.39138606  0.40941199  0.39138606  0.40034392  0.33155579  0.38253576  0.37379047  0.36514771  0.36514771  0.40941199  0.39138606  
37_21_0    0.46629596  0.45650519  0.48627649  0.46629596  0.32339167  0.33155579  0.34816041  0.33155579  0.33981134  0.33155579  0.29161049  0.35660512  0.38253576  0.38253576  0.35660512  0.33155579  0.37379047  0.35660512  0.00000000  0.32339167  0.30732981  0.30732981  0.32339167  0.40941199  0.39138606  0.44684277  0.41859300  0.41859300  0.41859300  0.43730537  0.41859300  0.46629596  0.40941199  0.38253576  0.33981134  0.32339167  0.40034392  0.40034392  0.37379047  0.41859300  0.38253576  0.44684277  0.41859300  0.38253576  0.37379047  0.42788981  0.40941199  0.41859300  0.40941199  0.48627649  0.52793968  0.41859300  0.43730537  0.43730537  0.38253576  0.37379047  0.38253576  0.39138606  0.40034392  0.39138606  0.38253576  0.40034392  0.40941199  0.41859300  0.41859300  0.39138606  0.39138606  0.40034392  0.40034392  0.38253576  0.35660512  0.35660512  0.48627649  0.40941199  0.43730537  0.44684277  0.44684277  0.42788981  0.45650519  0.49647360  0.46629596  0.43730537  0.44684277  0.44684277  0.40941199  0.40941199  0.39138606  0.41859300  0.44684277  0.46629596  0.38253576  0.33155579  0.37379047  0.38253576  0.33155579  0.38253576  0.39138606  0.39138606  0.38253576  0.35660512  0.35660512  0.35660512  0.34816041  0.34816041  0.35660512  0.33981134  0.33981134  0.34816041  0.35660512  0.35660512  0.31531699  0.35660512  0.35660512  0.35660512  0.35660512  0.40034392  0.40941199  0.40941199  0.35660512  0.33981134  0.39138606  0.39138606  0.36514771  0.42788981  0.40941199  0.42788981  0.44684277  0.43730537  0.44684277  0.43730537  0.40034392  0.48627649  0.46629596  0.40941199  0.47621852  0.39138606  0.43730537  0.42788981  0.37379047  0.33981134  0.42788981  0.44684277  0.45650519  0.47621852  0.36514771  0.35660512  0.37379047  0.38253576  0.34816041  0.34816041  0.35660512  0.34816041  0.36514771  0.34816041  0.32339167  0.36514771  0.41859300  0.38253576  0.38253576  0.35660512  0.45650519  0.39138606  0.40941199  0.40941199  0.48627649  0.41859300  0.40941199  0.41859300  0.44684277  0.44684277  0.41859300  0.44684277  
