fastme_mat.p : 3.458559036254883
fastme.f81 : 4.191855192184448
ba.exp : 11.07588505744934
pipeline_dl7406226 : 19.53562045097351
