fastme_mat.p : 0.719196472197771
fastme.f81 : 1.1165638809700011
ba.exp : 8.051615374271394
