23
75_14_0    0.00000000  0.02635704  0.02635704  0.06069105  0.04676436  0.04332354  0.05369471  0.07488678  0.22989846  0.22548676  0.21674203  0.24329474  0.22548676  0.24781499  0.23433681  0.28501429  0.28501429  0.29461597  0.32419754  0.31420412  0.33432874  0.33432874  0.31420412  
99_14_0    0.02635704  0.00000000  0.00000000  0.07488678  0.06069105  0.05718456  0.06775463  0.08208882  0.23880212  0.24329474  0.24329474  0.23433681  0.22548676  0.24781499  0.23433681  0.29461597  0.27553644  0.28501429  0.32419754  0.31420412  0.36558835  0.36558835  0.32419754  
82_14_0    0.02635704  0.00000000  0.00000000  0.07488678  0.06069105  0.05718456  0.06775463  0.08208882  0.23880212  0.24329474  0.24329474  0.23433681  0.22548676  0.24781499  0.23433681  0.29461597  0.27553644  0.28501429  0.32419754  0.31420412  0.36558835  0.36558835  0.32419754  
96_19_0    0.06069105  0.07488678  0.07488678  0.00000000  0.02971915  0.02301025  0.03309671  0.06069105  0.22989846  0.24329474  0.23433681  0.25236321  0.24329474  0.23880212  0.22548676  0.30434478  0.30434478  0.31420412  0.32419754  0.29946428  0.32924568  0.32924568  0.31918384  
96_14_0    0.04676436  0.06069105  0.06069105  0.02971915  0.00000000  0.01306036  0.02301025  0.04676436  0.23433681  0.22989846  0.22110139  0.24329474  0.22110139  0.24329474  0.21240839  0.28979945  0.28979945  0.29946428  0.30925792  0.30434478  0.33432874  0.33432874  0.32419754  
96_20_0    0.04332354  0.05718456  0.05718456  0.02301025  0.01306036  0.00000000  0.00977344  0.05022137  0.23433681  0.22110139  0.21240839  0.24329474  0.22110139  0.24329474  0.20381701  0.28026008  0.28026008  0.28979945  0.29946428  0.30434478  0.33432874  0.33432874  0.32419754  
96_21_0    0.05369471  0.06775463  0.06775463  0.03309671  0.02301025  0.00977344  0.00000000  0.06069105  0.23880212  0.22548676  0.21674203  0.23880212  0.21674203  0.24781499  0.21674203  0.28501429  0.28501429  0.29461597  0.29946428  0.30925792  0.34460157  0.34460157  0.32419754  
96_18_0    0.07488678  0.08208882  0.08208882  0.06069105  0.04676436  0.05022137  0.06069105  0.00000000  0.23433681  0.23880212  0.23880212  0.27084296  0.22110139  0.25236321  0.23880212  0.28979945  0.28026008  0.28979945  0.31918384  0.31420412  0.31420412  0.31420412  0.31420412  
76_1_0     0.22989846  0.23880212  0.23880212  0.22989846  0.23433681  0.23433681  0.23880212  0.23433681  0.00000000  0.13847899  0.13070556  0.22989846  0.26154500  0.26154500  0.23433681  0.28979945  0.30925792  0.30925792  0.29946428  0.30434478  0.38719217  0.37631087  0.32419754  
76_10_0    0.22548676  0.24329474  0.24329474  0.24329474  0.22989846  0.22110139  0.22548676  0.23880212  0.13847899  0.00000000  0.00650116  0.25693977  0.22989846  0.23433681  0.23880212  0.29946428  0.28979945  0.28979945  0.31918384  0.36028520  0.41512192  0.42659798  0.38173138  
76_12_0    0.21674203  0.24329474  0.24329474  0.23433681  0.22110139  0.21240839  0.21674203  0.23880212  0.13070556  0.00650116  0.00000000  0.25693977  0.22989846  0.23433681  0.23880212  0.28979945  0.28979945  0.28979945  0.30925792  0.36028520  0.41512192  0.42659798  0.38173138  
76_11_0    0.24329474  0.23433681  0.23433681  0.25236321  0.24329474  0.24329474  0.23880212  0.27084296  0.22989846  0.25693977  0.25693977  0.00000000  0.10786678  0.24781499  0.22110139  0.33432874  0.34460157  0.34460157  0.31420412  0.35502004  0.40945040  0.39823701  0.33944720  
76_7_0     0.22548676  0.22548676  0.22548676  0.24329474  0.22110139  0.22110139  0.21674203  0.22110139  0.26154500  0.22989846  0.22989846  0.10786678  0.00000000  0.21674203  0.19955870  0.28979945  0.28979945  0.28979945  0.29946428  0.34979234  0.36028520  0.36028520  0.36028520  
76_8_0     0.24781499  0.24781499  0.24781499  0.23880212  0.24329474  0.24329474  0.24781499  0.25236321  0.26154500  0.23433681  0.23433681  0.24781499  0.21674203  0.00000000  0.15828012  0.32419754  0.32419754  0.33432874  0.30434478  0.34979234  0.36028520  0.36028520  0.36028520  
76_9_0     0.23433681  0.23433681  0.23433681  0.22548676  0.21240839  0.20381701  0.21674203  0.23880212  0.23433681  0.23880212  0.23880212  0.22110139  0.19955870  0.15828012  0.00000000  0.28026008  0.30925792  0.31918384  0.26154500  0.33432874  0.36558835  0.36558835  0.36558835  
75_15_0    0.28501429  0.29461597  0.29461597  0.30434478  0.28979945  0.28026008  0.28501429  0.28979945  0.28979945  0.29946428  0.28979945  0.33432874  0.28979945  0.32419754  0.28026008  0.00000000  0.06069105  0.06775463  0.07488678  0.24329474  0.27553644  0.27553644  0.24329474  
99_15_0    0.28501429  0.27553644  0.27553644  0.30434478  0.28979945  0.28026008  0.28501429  0.28026008  0.30925792  0.28979945  0.28979945  0.34460157  0.28979945  0.32419754  0.30925792  0.06069105  0.00000000  0.00650116  0.10412839  0.27084296  0.28501429  0.28501429  0.27084296  
82_15_0    0.29461597  0.28501429  0.28501429  0.31420412  0.29946428  0.28979945  0.29461597  0.28979945  0.30925792  0.28979945  0.28979945  0.34460157  0.28979945  0.33432874  0.31918384  0.06775463  0.00650116  0.00000000  0.11162429  0.27084296  0.28501429  0.28501429  0.27084296  
96_15_0    0.32419754  0.32419754  0.32419754  0.32419754  0.30925792  0.29946428  0.29946428  0.31918384  0.29946428  0.31918384  0.30925792  0.31420412  0.29946428  0.30434478  0.26154500  0.07488678  0.10412839  0.11162429  0.00000000  0.28979945  0.31918384  0.31918384  0.30434478  
75_4_0     0.31420412  0.31420412  0.31420412  0.29946428  0.30434478  0.30434478  0.30925792  0.31420412  0.30434478  0.36028520  0.36028520  0.35502004  0.34979234  0.34979234  0.33432874  0.24329474  0.27084296  0.27084296  0.28979945  0.00000000  0.09670818  0.10412839  0.08208882  
82_4_0     0.33432874  0.36558835  0.36558835  0.32924568  0.33432874  0.33432874  0.34460157  0.31420412  0.38719217  0.41512192  0.41512192  0.40945040  0.36028520  0.36028520  0.36558835  0.27553644  0.28501429  0.28501429  0.31918384  0.09670818  0.00000000  0.00650116  0.09670818  
99_4_0     0.33432874  0.36558835  0.36558835  0.32924568  0.33432874  0.33432874  0.34460157  0.31420412  0.37631087  0.42659798  0.42659798  0.39823701  0.36028520  0.36028520  0.36558835  0.27553644  0.28501429  0.28501429  0.31918384  0.10412839  0.00650116  0.00000000  0.09670818  
96_4_0     0.31420412  0.32419754  0.32419754  0.31918384  0.32419754  0.32419754  0.32419754  0.31420412  0.32419754  0.38173138  0.38173138  0.33944720  0.36028520  0.36028520  0.36558835  0.24329474  0.27084296  0.27084296  0.30434478  0.08208882  0.09670818  0.09670818  0.00000000  

