12
20_8_0     0.00000000  0.20087961  0.20087961  0.19527337  0.20087961  0.54570541  0.52799859  0.53679914  0.53679914  0.56384549  0.55471997  0.52799859  
19_8_0     0.20087961  0.00000000  0.00000000  0.01298865  0.02620891  0.55471997  0.57308473  0.60151406  0.58244057  0.58244057  0.59191598  0.57308473  
17_8_0     0.20087961  0.00000000  0.00000000  0.01298865  0.02620891  0.55471997  0.57308473  0.60151406  0.58244057  0.58244057  0.59191598  0.57308473  
18_8_0     0.19527337  0.01298865  0.01298865  0.00000000  0.01298865  0.57308473  0.59191598  0.60151406  0.60151406  0.60151406  0.61123803  0.59191598  
15_8_0     0.20087961  0.02620891  0.02620891  0.01298865  0.00000000  0.56384549  0.58244057  0.59191598  0.59191598  0.59191598  0.60151406  0.58244057  
20_9_0     0.54570541  0.55471997  0.55471997  0.57308473  0.56384549  0.00000000  0.04878044  0.04421083  0.03966920  0.05800504  0.05337839  0.04878044  
18_9_0     0.52799859  0.57308473  0.57308473  0.59191598  0.58244057  0.04878044  0.00000000  0.01298865  0.00863377  0.01736926  0.01298865  0.01736926  
17_9_0     0.53679914  0.60151406  0.60151406  0.60151406  0.59191598  0.04421083  0.01298865  0.00000000  0.01298865  0.02177592  0.01736926  0.01298865  
18_10_0    0.53679914  0.58244057  0.58244057  0.60151406  0.59191598  0.03966920  0.00863377  0.01298865  0.00000000  0.01736926  0.01298865  0.01736926  
19_10_0    0.56384549  0.58244057  0.58244057  0.60151406  0.59191598  0.05800504  0.01736926  0.02177592  0.01736926  0.00000000  0.01298865  0.02620891  
17_10_0    0.55471997  0.59191598  0.59191598  0.61123803  0.60151406  0.05337839  0.01298865  0.01736926  0.01298865  0.01298865  0.00000000  0.02177592  
15_9_0     0.52799859  0.57308473  0.57308473  0.59191598  0.58244057  0.04878044  0.01736926  0.01298865  0.01736926  0.02620891  0.02177592  0.00000000  

