20
8_0_0      0.00000000  0.05015687  0.04369699  0.05015687  0.04369699  0.03729335  0.06988407  0.13974671  0.32175282  0.32175282  0.32175282  0.31242564  0.31242564  0.33119980  0.46652209  0.40096154  0.42217229  0.39058123  0.43301155  0.41149045  
7_0_0      0.05015687  0.00000000  0.01841033  0.01841033  0.01841033  0.05667399  0.08333577  0.12523319  0.32175282  0.32175282  0.32175282  0.31242564  0.31242564  0.35046578  0.45518141  0.39058123  0.41149045  0.38034538  0.42217229  0.40096154  
5_0_0      0.04369699  0.01841033  0.00000000  0.02465096  0.01222221  0.05015687  0.07657917  0.13245415  0.34076971  0.34076971  0.34076971  0.33119980  0.33119980  0.37025003  0.45518141  0.37025003  0.41149045  0.38034538  0.42217229  0.40096154  
10_0_0     0.05015687  0.01841033  0.02465096  0.00000000  0.02465096  0.05015687  0.09015502  0.13245415  0.31242564  0.31242564  0.31242564  0.30321526  0.30321526  0.34076971  0.46652209  0.40096154  0.40096154  0.37025003  0.41149045  0.39058123  
1_0_0      0.04369699  0.01841033  0.01222221  0.02465096  0.00000000  0.05015687  0.07657917  0.11808244  0.32175282  0.32175282  0.32175282  0.31242564  0.31242564  0.35046578  0.43301155  0.37025003  0.39058123  0.36029138  0.40096154  0.38034538  
4_0_0      0.03729335  0.05667399  0.05015687  0.05015687  0.05015687  0.00000000  0.07657917  0.14711230  0.30321526  0.30321526  0.30321526  0.29411880  0.29411880  0.31242564  0.41149045  0.37025003  0.39058123  0.38034538  0.40096154  0.38034538  
12_0_0     0.06988407  0.08333577  0.07657917  0.09015502  0.07657917  0.07657917  0.00000000  0.13245415  0.35046578  0.35046578  0.35046578  0.34076971  0.34076971  0.34076971  0.41149045  0.36029138  0.34076971  0.31242564  0.35046578  0.35046578  
9_0_0      0.13974671  0.12523319  0.13245415  0.13245415  0.11808244  0.14711230  0.13245415  0.00000000  0.23341152  0.23341152  0.25025124  0.27625660  0.27625660  0.25881793  0.37025003  0.31242564  0.32175282  0.33119980  0.33119980  0.33119980  
14_0_0     0.32175282  0.32175282  0.34076971  0.31242564  0.32175282  0.30321526  0.35046578  0.23341152  0.00000000  0.00000000  0.01222221  0.05667399  0.05667399  0.04369699  0.24178319  0.20885351  0.20084641  0.25881793  0.20885351  0.17733523  
2_0_0      0.32175282  0.32175282  0.34076971  0.31242564  0.32175282  0.30321526  0.35046578  0.23341152  0.00000000  0.00000000  0.01222221  0.05667399  0.05667399  0.04369699  0.24178319  0.20885351  0.20084641  0.25881793  0.20885351  0.17733523  
11_0_0     0.32175282  0.32175282  0.34076971  0.31242564  0.32175282  0.30321526  0.35046578  0.25025124  0.01222221  0.01222221  0.00000000  0.06988407  0.06988407  0.05667399  0.25025124  0.20084641  0.20084641  0.25881793  0.20885351  0.17733523  
3_0_0      0.31242564  0.31242564  0.33119980  0.30321526  0.31242564  0.29411880  0.34076971  0.27625660  0.05667399  0.05667399  0.06988407  0.00000000  0.00000000  0.02465096  0.23341152  0.23341152  0.22513407  0.25025124  0.23341152  0.21694874  
6_0_0      0.31242564  0.31242564  0.33119980  0.30321526  0.31242564  0.29411880  0.34076971  0.27625660  0.05667399  0.05667399  0.06988407  0.00000000  0.00000000  0.02465096  0.23341152  0.23341152  0.22513407  0.25025124  0.23341152  0.21694874  
13_0_0     0.33119980  0.35046578  0.37025003  0.34076971  0.35046578  0.31242564  0.34076971  0.25881793  0.04369699  0.04369699  0.05667399  0.02465096  0.02465096  0.00000000  0.23341152  0.23341152  0.22513407  0.26748558  0.23341152  0.21694874  
20_0_0     0.46652209  0.45518141  0.45518141  0.46652209  0.43301155  0.41149045  0.41149045  0.37025003  0.24178319  0.24178319  0.25025124  0.23341152  0.23341152  0.23341152  0.00000000  0.11808244  0.15455240  0.19292555  0.16206853  0.16206853  
16_0_0     0.40096154  0.39058123  0.37025003  0.40096154  0.37025003  0.37025003  0.36029138  0.31242564  0.20885351  0.20885351  0.20084641  0.23341152  0.23341152  0.23341152  0.11808244  0.00000000  0.12523319  0.16206853  0.13245415  0.13245415  
18_0_0     0.42217229  0.41149045  0.41149045  0.40096154  0.39058123  0.39058123  0.34076971  0.32175282  0.20084641  0.20084641  0.20084641  0.22513407  0.22513407  0.22513407  0.15455240  0.12523319  0.00000000  0.04369699  0.00608571  0.01841033  
19_0_0     0.39058123  0.38034538  0.38034538  0.37025003  0.36029138  0.38034538  0.31242564  0.33119980  0.25881793  0.25881793  0.25881793  0.25025124  0.25025124  0.26748558  0.19292555  0.16206853  0.04369699  0.00000000  0.03729335  0.06324937  
17_0_0     0.43301155  0.42217229  0.42217229  0.41149045  0.40096154  0.40096154  0.35046578  0.33119980  0.20885351  0.20885351  0.20885351  0.23341152  0.23341152  0.23341152  0.16206853  0.13245415  0.00608571  0.03729335  0.00000000  0.02465096  
15_0_0     0.41149045  0.40096154  0.40096154  0.39058123  0.38034538  0.38034538  0.35046578  0.33119980  0.17733523  0.17733523  0.17733523  0.21694874  0.21694874  0.21694874  0.16206853  0.13245415  0.01841033  0.06324937  0.02465096  0.00000000  

