21
3_3_0      0.00000000  0.33808056  0.47539319  0.47539319  0.43860966  0.43860966  0.52745945  0.55493039  0.55493039  0.55493039  0.55493039  0.52745945  0.64403131  0.59814388  0.59814388  0.56905701  0.59814388  0.58345789  0.59814388  0.64403131  0.54106776  
3_0_0      0.33808056  0.00000000  0.34860090  0.34860090  0.39224094  0.39224094  0.55493039  0.51409629  0.50096961  0.50096961  0.52745945  0.50096961  0.54106776  0.51409629  0.50096961  0.46292825  0.51409629  0.48807118  0.43860966  0.47539319  0.42674293  
2_2_0      0.47539319  0.34860090  0.00000000  0.00000000  0.13788407  0.13788407  0.45066930  0.41506306  0.41506306  0.40356423  0.39224094  0.39224094  0.50096961  0.42674293  0.38108789  0.38108789  0.41506306  0.40356423  0.47539319  0.50096961  0.37010005  
1_2_0      0.47539319  0.34860090  0.00000000  0.00000000  0.13788407  0.13788407  0.45066930  0.41506306  0.41506306  0.40356423  0.39224094  0.39224094  0.50096961  0.42674293  0.38108789  0.38108789  0.41506306  0.40356423  0.47539319  0.50096961  0.37010005  
1_0_0      0.43860966  0.39224094  0.13788407  0.13788407  0.00000000  0.00000000  0.39224094  0.47539319  0.38108789  0.38108789  0.40356423  0.39224094  0.46292825  0.42674293  0.39224094  0.39224094  0.37010005  0.39224094  0.45066930  0.50096961  0.42674293  
2_0_0      0.43860966  0.39224094  0.13788407  0.13788407  0.00000000  0.00000000  0.39224094  0.47539319  0.38108789  0.38108789  0.40356423  0.39224094  0.46292825  0.42674293  0.39224094  0.39224094  0.37010005  0.39224094  0.45066930  0.50096961  0.42674293  
10_4_0     0.52745945  0.55493039  0.45066930  0.45066930  0.39224094  0.39224094  0.00000000  0.10664970  0.09904236  0.11433586  0.17887248  0.18734912  0.21337619  0.17049161  0.16220437  0.26834127  0.17887248  0.24956340  0.24034976  0.25889292  0.24034976  
12_4_0     0.55493039  0.51409629  0.41506306  0.41506306  0.47539319  0.47539319  0.10664970  0.00000000  0.12995132  0.13788407  0.22225885  0.20459865  0.24956340  0.18734912  0.16220437  0.25889292  0.19592375  0.24034976  0.25889292  0.28760686  0.22225885  
13_8_0     0.55493039  0.50096961  0.41506306  0.41506306  0.38108789  0.38108789  0.09904236  0.12995132  0.00000000  0.01336471  0.14590256  0.13788407  0.16220437  0.13788407  0.08405779  0.19592375  0.12995132  0.17049161  0.17049161  0.18734912  0.14590256  
13_4_0     0.55493039  0.50096961  0.40356423  0.40356423  0.38108789  0.38108789  0.11433586  0.13788407  0.01336471  0.00000000  0.15400869  0.14590256  0.17887248  0.14590256  0.09151224  0.20459865  0.14590256  0.18734912  0.17049161  0.18734912  0.15400869  
12_7_0     0.55493039  0.52745945  0.39224094  0.39224094  0.40356423  0.40356423  0.17887248  0.22225885  0.14590256  0.15400869  0.00000000  0.03387437  0.12995132  0.17049161  0.14590256  0.19592375  0.19592375  0.24034976  0.24956340  0.25889292  0.24956340  
10_7_0     0.52745945  0.50096961  0.39224094  0.39224094  0.39224094  0.39224094  0.18734912  0.20459865  0.13788407  0.14590256  0.03387437  0.00000000  0.13788407  0.17887248  0.16220437  0.17887248  0.17049161  0.24034976  0.24956340  0.25889292  0.24034976  
13_7_0     0.64403131  0.54106776  0.50096961  0.50096961  0.46292825  0.46292825  0.21337619  0.24956340  0.16220437  0.17887248  0.12995132  0.13788407  0.00000000  0.18734912  0.20459865  0.24956340  0.19592375  0.23124916  0.26834127  0.27791152  0.25889292  
12_6_0     0.59814388  0.51409629  0.42674293  0.42674293  0.42674293  0.42674293  0.17049161  0.18734912  0.13788407  0.14590256  0.17049161  0.17887248  0.18734912  0.00000000  0.12210250  0.24956340  0.17887248  0.25889292  0.24034976  0.25889292  0.24034976  
10_6_0     0.59814388  0.50096961  0.38108789  0.38108789  0.39224094  0.39224094  0.16220437  0.16220437  0.08405779  0.09151224  0.14590256  0.16220437  0.20459865  0.12210250  0.00000000  0.21337619  0.14590256  0.21337619  0.19592375  0.21337619  0.18734912  
4_5_0      0.56905701  0.46292825  0.38108789  0.38108789  0.39224094  0.39224094  0.26834127  0.25889292  0.19592375  0.20459865  0.19592375  0.17887248  0.24956340  0.24956340  0.21337619  0.00000000  0.12995132  0.18734912  0.24034976  0.24956340  0.17887248  
4_4_0      0.59814388  0.51409629  0.41506306  0.41506306  0.37010005  0.37010005  0.17887248  0.19592375  0.12995132  0.14590256  0.19592375  0.17049161  0.19592375  0.17887248  0.14590256  0.12995132  0.00000000  0.17887248  0.17049161  0.18734912  0.16220437  
13_0_0     0.58345789  0.48807118  0.40356423  0.40356423  0.39224094  0.39224094  0.24956340  0.24034976  0.17049161  0.18734912  0.24034976  0.24034976  0.23124916  0.25889292  0.21337619  0.18734912  0.17887248  0.00000000  0.11433586  0.13788407  0.11433586  
12_0_0     0.59814388  0.43860966  0.47539319  0.47539319  0.45066930  0.45066930  0.24034976  0.25889292  0.17049161  0.17049161  0.24956340  0.24956340  0.26834127  0.24034976  0.19592375  0.24034976  0.17049161  0.11433586  0.00000000  0.06936994  0.13788407  
10_0_0     0.64403131  0.47539319  0.50096961  0.50096961  0.50096961  0.50096961  0.25889292  0.28760686  0.18734912  0.18734912  0.25889292  0.25889292  0.27791152  0.25889292  0.21337619  0.24956340  0.18734912  0.13788407  0.06936994  0.00000000  0.15400869  
4_0_0      0.54106776  0.42674293  0.37010005  0.37010005  0.42674293  0.42674293  0.24034976  0.22225885  0.14590256  0.15400869  0.24956340  0.24034976  0.25889292  0.24034976  0.18734912  0.17887248  0.16220437  0.11433586  0.13788407  0.15400869  0.00000000  

