fastme_mat.p : 62.412564516067505
ba.exp : 64.08372592926025
fastme.f81 : 65.0985038280487
fastme.f84 : 65.90304255485535
pipeline_dl2722114 : 127.54191565513611
