ba.exp : 37.86251902580261
fastme_mat.p : 62.73840022087097
fastme.f81 : 67.07822585105896
pipeline_dl2722114 : 168.41377472877502
