fastme_mat.p : 8.359125792756558
fastme.f81 : 8.96584826726961
fastme.f84 : 9.241476725504874
ba.exp : 20.178300046506404
