fastme_mat.p : 8.395244495155572
fastme.f81 : 9.327725695952653
ba.exp : 12.703504425580501
