20
1_0_0      0.00000000  0.01277205  0.01923560  0.49031245  0.49543735  0.46266588  0.44708587  0.46266588  0.47877084  0.46266588  0.59607958  0.55565162  0.63191359  0.68891051  0.68891051  0.68891051  0.47618286  0.38276762  0.46931702  0.38600467  
3_0_0      0.01277205  0.00000000  0.00635984  0.46266588  0.46740774  0.43621669  0.42135260  0.43621669  0.45155786  0.43621669  0.60367293  0.56233125  0.59607958  0.64893142  0.64893142  0.64893142  0.44958886  0.38600467  0.47394407  0.38939592  
2_0_0      0.01923560  0.00635984  0.00000000  0.47394407  0.47877084  0.44708587  0.43199765  0.44708587  0.46266588  0.44708587  0.61765248  0.57543834  0.60986533  0.66395881  0.66395881  0.66395881  0.46064812  0.39614755  0.48539776  0.39958314  
20_0_0     0.49031245  0.46266588  0.47394407  0.00000000  0.02586042  0.03931727  0.28479877  0.28479877  0.29601003  0.28479877  0.41494749  0.37288705  0.41085886  0.41494749  0.41494749  0.41494749  0.43199765  0.24241158  0.21291869  0.21441879  
17_0_0     0.49543735  0.46740774  0.47877084  0.02586042  0.00000000  0.01282884  0.28711615  0.28711615  0.29846647  0.28711615  0.41920523  0.37648995  0.44519550  0.41920523  0.41920523  0.41920523  0.43621669  0.26519337  0.23408629  0.23589955  
11_0_0     0.46266588  0.43621669  0.44708587  0.03931727  0.01282884  0.00000000  0.31009286  0.31009286  0.32200909  0.31009286  0.44996170  0.40453859  0.47748757  0.44996170  0.44996170  0.44996170  0.43621669  0.26519337  0.25459783  0.25664359  
5_0_0      0.44708587  0.42135260  0.43199765  0.28479877  0.28711615  0.31009286  0.00000000  0.01282884  0.01937472  0.01282884  0.20002189  0.19056519  0.21771737  0.16326826  0.16326826  0.18129194  0.38600467  0.34073676  0.29367482  0.27384444  
4_0_0      0.46266588  0.43621669  0.44708587  0.28479877  0.28711615  0.31009286  0.01282884  0.00000000  0.00637139  0.00000000  0.18129194  0.17219516  0.19842897  0.16326826  0.16326826  0.16326826  0.35995277  0.31662687  0.27177450  0.25266125  
12_0_0     0.47877084  0.45155786  0.46266588  0.29601003  0.29846647  0.32200909  0.01937472  0.00637139  0.00000000  0.00637139  0.19056519  0.18129194  0.20797589  0.17219516  0.17219516  0.17219516  0.37280126  0.32852983  0.26118945  0.24241158  
10_0_0     0.46266588  0.43621669  0.44708587  0.28479877  0.28711615  0.31009286  0.01282884  0.00000000  0.00637139  0.00000000  0.18129194  0.17219516  0.19842897  0.16326826  0.16326826  0.16326826  0.35995277  0.31662687  0.27177450  0.25266125  
18_0_0     0.59607958  0.60367293  0.61765248  0.41494749  0.41920523  0.44996170  0.20002189  0.18129194  0.19056519  0.18129194  0.00000000  0.01937472  0.09728646  0.09800045  0.09800045  0.09800045  0.41737115  0.47234695  0.36943348  0.47748757  
8_0_0      0.55565162  0.56233125  0.57543834  0.37288705  0.37648995  0.40453859  0.19056519  0.17219516  0.18129194  0.17219516  0.01937472  0.00000000  0.08964405  0.10583350  0.10583350  0.10583350  0.43199765  0.42550541  0.33131344  0.42983228  
19_0_0     0.63191359  0.59607958  0.60986533  0.41085886  0.44519550  0.47748757  0.21771737  0.19842897  0.20797589  0.19842897  0.09728646  0.08964405  0.00000000  0.14589954  0.14589954  0.12913984  0.39958314  0.42135260  0.37934728  0.42550541  
13_0_0     0.68891051  0.64893142  0.66395881  0.41494749  0.41920523  0.44996170  0.16326826  0.16326826  0.17219516  0.16326826  0.09800045  0.10583350  0.14589954  0.00000000  0.00000000  0.01282884  0.46266588  0.48903949  0.39664777  0.53042514  
9_0_0      0.68891051  0.64893142  0.66395881  0.41494749  0.41920523  0.44996170  0.16326826  0.16326826  0.17219516  0.16326826  0.09800045  0.10583350  0.14589954  0.00000000  0.00000000  0.01282884  0.46266588  0.48903949  0.39664777  0.53042514  
7_0_0      0.68891051  0.64893142  0.66395881  0.41494749  0.41920523  0.44996170  0.18129194  0.16326826  0.17219516  0.16326826  0.09800045  0.10583350  0.12913984  0.01282884  0.01282884  0.00000000  0.43199765  0.48903949  0.39664777  0.53042514  
16_0_0     0.47618286  0.44958886  0.46064812  0.43199765  0.43621669  0.43621669  0.38600467  0.35995277  0.37280126  0.35995277  0.41737115  0.43199765  0.39958314  0.46266588  0.46266588  0.43199765  0.00000000  0.29367482  0.29367482  0.27384444  
15_0_0     0.38276762  0.38600467  0.39614755  0.24241158  0.26519337  0.26519337  0.34073676  0.31662687  0.32852983  0.31662687  0.47234695  0.42550541  0.42135260  0.48903949  0.48903949  0.48903949  0.29367482  0.00000000  0.12013549  0.08212191  
6_0_0      0.46931702  0.47394407  0.48539776  0.21291869  0.23408629  0.25459783  0.29367482  0.27177450  0.26118945  0.27177450  0.36943348  0.33131344  0.37934728  0.39664777  0.39664777  0.39664777  0.29367482  0.12013549  0.00000000  0.09728646  
14_0_0     0.38600467  0.38939592  0.39958314  0.21441879  0.23589955  0.25664359  0.27384444  0.25266125  0.24241158  0.25266125  0.47748757  0.42983228  0.42550541  0.53042514  0.53042514  0.53042514  0.27384444  0.08212191  0.09728646  0.00000000  

