12
6_0_0      0.00000000  0.11648126  0.13013485  0.15347204  0.16301915  0.15823004  0.15823004  0.14874474  0.15823004  0.19243054  0.15347204  0.28849198  
74_0_0     0.11648126  0.00000000  0.06848883  0.14404776  0.15347204  0.14874474  0.16301915  0.13013485  0.13938070  0.14874474  0.13474319  0.26603000  
69_0_0     0.13013485  0.06848883  0.00000000  0.12100424  0.12100424  0.15823004  0.15347204  0.13474319  0.14404776  0.16301915  0.13474319  0.27717490  
40_0_0     0.15347204  0.14404776  0.12100424  0.00000000  0.00773298  0.11648126  0.10751824  0.08991463  0.10307752  0.12100424  0.09866356  0.24423634  
68_0_0     0.16301915  0.15347204  0.12100424  0.00773298  0.00000000  0.12555532  0.10751824  0.08991463  0.10307752  0.12100424  0.10751824  0.25505213  
22_0_0     0.15823004  0.14874474  0.15823004  0.11648126  0.12555532  0.00000000  0.07698409  0.08126896  0.08991463  0.10751824  0.08557904  0.24423634  
35_0_0     0.15823004  0.16301915  0.15347204  0.10751824  0.10751824  0.07698409  0.00000000  0.06427785  0.07272414  0.08991463  0.06009095  0.24423634  
89_1_0     0.14874474  0.13013485  0.13474319  0.08991463  0.08991463  0.08126896  0.06427785  0.00000000  0.01948770  0.03950804  0.05592784  0.23888775  
89_0_0     0.15823004  0.13938070  0.14404776  0.10307752  0.10307752  0.08991463  0.07272414  0.01948770  0.00000000  0.06009095  0.06848883  0.26052050  
7_0_0      0.19243054  0.14874474  0.16301915  0.12100424  0.12100424  0.10751824  0.08991463  0.03950804  0.06009095  0.00000000  0.06427785  0.26052050  
3_0_0      0.15347204  0.13474319  0.13474319  0.09866356  0.10751824  0.08557904  0.06009095  0.05592784  0.06848883  0.06427785  0.00000000  0.26603000  
1_0_0      0.28849198  0.26603000  0.27717490  0.24423634  0.25505213  0.24423634  0.24423634  0.23888775  0.26052050  0.26052050  0.26603000  0.00000000  

