20
7_0_0      0.00000000  0.25298591  0.23545435  0.26490864  0.28316072  0.28934615  0.24709580  0.23545435  0.30821873  0.27702655  0.24709580  0.20158977  0.29558370  0.30821873  0.30821873  0.32107319  0.30821873  0.30187425  0.28934615  0.28316072  
3_0_0      0.25298591  0.00000000  0.04325644  0.11328490  0.19609329  0.19609329  0.20158977  0.19063733  0.22399315  0.21270670  0.20712737  0.14837957  0.24125219  0.24709580  0.24709580  0.30187425  0.33415482  0.31461806  0.32107319  0.32107319  
6_0_0      0.23545435  0.04325644  0.00000000  0.07511397  0.19063733  0.19609329  0.19609329  0.18522128  0.23545435  0.22970156  0.19609329  0.13818159  0.26490864  0.23545435  0.23545435  0.32758511  0.34747181  0.34747181  0.34078337  0.32758511  
9_0_0      0.26490864  0.11328490  0.07511397  0.00000000  0.23545435  0.24125219  0.25298591  0.24125219  0.28316072  0.25298591  0.22970156  0.17984458  0.32107319  0.31461806  0.31461806  0.36103278  0.38185174  0.36790758  0.37484682  0.36103278  
2_0_0      0.28316072  0.19609329  0.19063733  0.23545435  0.00000000  0.00421365  0.12314332  0.12314332  0.16394490  0.16920693  0.15353173  0.15353173  0.29558370  0.28316072  0.29558370  0.32107319  0.32107319  0.32758511  0.33415482  0.32107319  
12_0_0     0.28934615  0.19609329  0.19609329  0.24125219  0.00421365  0.00000000  0.12812221  0.12812221  0.15872000  0.16920693  0.14837957  0.15872000  0.30187425  0.28934615  0.30187425  0.32758511  0.32758511  0.32107319  0.32758511  0.31461806  
4_0_0      0.24709580  0.20158977  0.19609329  0.25298591  0.12314332  0.12812221  0.00000000  0.00845143  0.17450665  0.14837957  0.14837957  0.14326302  0.28934615  0.28934615  0.30187425  0.32758511  0.32758511  0.32107319  0.30821873  0.30821873  
11_0_0     0.23545435  0.19063733  0.18522128  0.24125219  0.12314332  0.12812221  0.00845143  0.00000000  0.17450665  0.14837957  0.14837957  0.14326302  0.27702655  0.27702655  0.28934615  0.32758511  0.32758511  0.32107319  0.30821873  0.30821873  
5_0_0      0.30821873  0.22399315  0.23545435  0.28316072  0.16394490  0.15872000  0.17450665  0.17450665  0.00000000  0.16920693  0.15353173  0.15872000  0.30187425  0.27702655  0.28934615  0.32758511  0.35422124  0.32107319  0.32758511  0.32758511  
8_0_0      0.27702655  0.21270670  0.22970156  0.25298591  0.16920693  0.16920693  0.14837957  0.14837957  0.16920693  0.00000000  0.07047809  0.15872000  0.28316072  0.27702655  0.28934615  0.32107319  0.34747181  0.32107319  0.32107319  0.33415482  
1_0_0      0.24709580  0.20712737  0.19609329  0.22970156  0.15353173  0.14837957  0.14837957  0.14837957  0.15353173  0.07047809  0.00000000  0.11819770  0.28934615  0.25892327  0.27094280  0.30821873  0.30187425  0.30821873  0.32107319  0.30821873  
10_0_0     0.20158977  0.14837957  0.13818159  0.17984458  0.15353173  0.15872000  0.14326302  0.14326302  0.15872000  0.15872000  0.11819770  0.00000000  0.24125219  0.22399315  0.23545435  0.25892327  0.25298591  0.27094280  0.28316072  0.27094280  
20_0_0     0.29558370  0.24125219  0.26490864  0.32107319  0.29558370  0.30187425  0.28934615  0.27702655  0.30187425  0.28316072  0.28934615  0.24125219  0.00000000  0.06587106  0.06587106  0.14837957  0.21270670  0.17450665  0.19063733  0.20158977  
19_0_0     0.30821873  0.24709580  0.23545435  0.31461806  0.28316072  0.28934615  0.28934615  0.27702655  0.27702655  0.27702655  0.25892327  0.22399315  0.06587106  0.00000000  0.00845143  0.15353173  0.23545435  0.21270670  0.20712737  0.21832841  
13_0_0     0.30821873  0.24709580  0.23545435  0.31461806  0.29558370  0.30187425  0.30187425  0.28934615  0.28934615  0.28934615  0.27094280  0.23545435  0.06587106  0.00845143  0.00000000  0.16394490  0.23545435  0.21270670  0.20712737  0.21832841  
16_0_0     0.32107319  0.30187425  0.32758511  0.36103278  0.32107319  0.32758511  0.32758511  0.32758511  0.32758511  0.32107319  0.30821873  0.25892327  0.14837957  0.15353173  0.16394490  0.00000000  0.21270670  0.19063733  0.19609329  0.19609329  
18_0_0     0.30821873  0.33415482  0.34747181  0.38185174  0.32107319  0.32758511  0.32758511  0.32758511  0.35422124  0.34747181  0.30187425  0.25298591  0.21270670  0.23545435  0.23545435  0.21270670  0.00000000  0.09395342  0.12314332  0.11328490  
14_0_0     0.30187425  0.31461806  0.34747181  0.36790758  0.32758511  0.32107319  0.32107319  0.32107319  0.32107319  0.32107319  0.30821873  0.27094280  0.17450665  0.21270670  0.21270670  0.19063733  0.09395342  0.00000000  0.06587106  0.05674214  
17_0_0     0.28934615  0.32107319  0.34078337  0.37484682  0.33415482  0.32758511  0.30821873  0.30821873  0.32758511  0.32107319  0.32107319  0.28316072  0.19063733  0.20712737  0.20712737  0.19609329  0.12314332  0.06587106  0.00000000  0.00845143  
15_0_0     0.28316072  0.32107319  0.32758511  0.36103278  0.32107319  0.31461806  0.30821873  0.30821873  0.32758511  0.33415482  0.30821873  0.27094280  0.20158977  0.21832841  0.21832841  0.19609329  0.11328490  0.05674214  0.00845143  0.00000000  

