142
75_16_0    0.00000000  0.11038947  0.42733651  0.45839978  0.67837171  0.72233100  0.63687375  0.72233100  0.74532839  0.70002558  0.72233100  0.72233100  0.67837171  0.76906208  0.79358076  0.81893816  0.67837171  0.72233100  0.79358076  0.79358076  0.87241330  0.79358076  0.70002558  0.56025693  0.61696453  0.65733241  0.70002558  0.70002558  0.70002558  0.70002558  0.70002558  0.61696453  0.79358076  0.81893816  0.67837171  0.87241330  0.67837171  0.65733241  0.74532839  0.72233100  0.70002558  0.65733241  0.76906208  0.74532839  0.72233100  0.70002558  0.67837171  0.63687375  0.61696453  0.61696453  0.65733241  0.63687375  0.67837171  0.67837171  0.72233100  0.74532839  0.67837171  0.61696453  0.57868168  1.09743290  1.02588421  1.02588421  1.02588421  0.99254303  0.84519368  1.06079575  1.21964766  0.96063698  1.06079575  0.93004761  0.87241330  0.93004761  1.02588421  0.99254303  1.13597516  0.99254303  0.99254303  0.99254303  0.93004761  0.96063698  0.96063698  0.99254303  0.99254303  1.13597516  1.02588421  0.90067053  0.90067053  0.87241330  1.02588421  0.84519368  0.96063698  0.99254303  0.90067053  0.96063698  0.93004761  0.93004761  0.93004761  0.96063698  1.21964766  0.81893816  0.90067053  0.90067053  1.09743290  1.09743290  0.93004761  0.93004761  1.02588421  1.02588421  0.96063698  1.02588421  1.02588421  1.06079575  1.06079575  1.02588421  1.02588421  1.02588421  0.93004761  1.06079575  0.96063698  0.67837171  0.87241330  0.84519368  0.96063698  1.06079575  1.13597516  0.99254303  1.02588421  1.02588421  0.90067053  0.90067053  0.93004761  0.99254303  1.13597516  1.09743290  1.06079575  1.06079575  1.09743290  1.02588421  1.06079575  0.96063698  1.02588421  1.09743290  
100_16_0   0.11038947  0.00000000  0.41227971  0.47443354  0.70002558  0.72233100  0.63687375  0.65733241  0.70002558  0.70002558  0.56025693  0.61696453  0.61696453  0.63687375  0.70002558  0.72233100  0.72233100  0.63687375  0.70002558  0.70002558  0.76906208  0.76906208  0.63687375  0.56025693  0.54227900  0.72233100  0.72233100  0.65733241  0.65733241  0.67837171  0.67837171  0.54227900  0.72233100  0.74532839  0.65733241  0.76906208  0.63687375  0.56025693  0.61696453  0.63687375  0.61696453  0.57868168  0.67837171  0.61696453  0.67837171  0.72233100  0.59757602  0.63687375  0.61696453  0.61696453  0.63687375  0.61696453  0.70002558  0.65733241  0.76906208  0.90067053  0.72233100  0.56025693  0.56025693  0.99254303  0.93004761  0.99254303  0.93004761  0.93004761  0.76906208  1.02588421  1.17663159  1.06079575  1.09743290  0.90067053  0.74532839  0.84519368  0.96063698  0.87241330  0.99254303  0.90067053  0.90067053  0.90067053  1.02588421  0.99254303  0.87241330  0.79358076  0.79358076  0.96063698  0.87241330  0.76906208  0.79358076  0.76906208  0.90067053  0.90067053  1.02588421  1.09743290  0.93004761  1.06079575  1.02588421  0.99254303  1.02588421  1.06079575  1.09743290  0.96063698  0.90067053  0.90067053  1.06079575  1.06079575  0.96063698  0.96063698  1.21964766  1.21964766  1.02588421  1.02588421  1.09743290  1.13597516  1.13597516  1.17663159  1.09743290  1.09743290  1.02588421  0.99254303  1.06079575  0.79358076  0.76906208  0.84519368  0.96063698  1.13597516  1.06079575  0.87241330  0.90067053  0.93004761  0.76906208  0.81893816  0.84519368  1.09743290  1.06079575  1.09743290  0.99254303  0.99254303  1.02588421  0.96063698  1.06079575  1.06079575  1.06079575  0.99254303  
75_15_0    0.42733651  0.41227971  0.00000000  0.09081167  0.52472674  0.54227900  0.45839978  0.49082175  0.49082175  0.54227900  0.52472674  0.56025693  0.52472674  0.49082175  0.61696453  0.63687375  0.49082175  0.56025693  0.67837171  0.67837171  0.74532839  0.57868168  0.50758044  0.56025693  0.49082175  0.49082175  0.59757602  0.52472674  0.52472674  0.56025693  0.56025693  0.45839978  0.59757602  0.59757602  0.59757602  0.59757602  0.50758044  0.56025693  0.50758044  0.49082175  0.52472674  0.49082175  0.54227900  0.59757602  0.54227900  0.56025693  0.56025693  0.72233100  0.70002558  0.70002558  0.61696453  0.57868168  0.52472674  0.45839978  0.59757602  0.59757602  0.70002558  0.54227900  0.49082175  0.79358076  0.79358076  0.79358076  0.70002558  0.74532839  0.61696453  0.70002558  1.06079575  0.96063698  0.99254303  0.59757602  0.61696453  0.61696453  0.81893816  0.87241330  0.79358076  0.79358076  0.84519368  0.84519368  0.84519368  0.81893816  0.81893816  0.74532839  0.76906208  0.57868168  0.67837171  0.72233100  0.70002558  0.67837171  0.74532839  0.65733241  0.76906208  0.74532839  0.67837171  0.72233100  0.72233100  0.70002558  0.72233100  0.74532839  0.74532839  0.65733241  0.74532839  0.74532839  0.74532839  0.74532839  0.72233100  0.70002558  0.96063698  0.76906208  0.84519368  0.81893816  0.74532839  0.81893816  0.81893816  0.79358076  0.79358076  0.76906208  0.84519368  0.74532839  0.76906208  0.61696453  0.93004761  0.61696453  0.76906208  0.81893816  1.06079575  1.02588421  1.06079575  0.79358076  0.84519368  0.87241330  0.87241330  0.79358076  0.72233100  0.74532839  0.90067053  0.90067053  0.93004761  0.93004761  0.96063698  0.99254303  0.99254303  0.93004761  
100_15_0   0.45839978  0.47443354  0.09081167  0.00000000  0.47443354  0.56025693  0.54227900  0.56025693  0.52472674  0.57868168  0.59757602  0.56025693  0.52472674  0.56025693  0.61696453  0.63687375  0.50758044  0.61696453  0.79358076  0.79358076  0.90067053  0.54227900  0.50758044  0.57868168  0.54227900  0.50758044  0.61696453  0.56025693  0.56025693  0.59757602  0.59757602  0.52472674  0.67837171  0.67837171  0.63687375  0.63687375  0.67837171  0.65733241  0.59757602  0.57868168  0.61696453  0.57868168  0.63687375  0.70002558  0.59757602  0.61696453  0.65733241  0.72233100  0.70002558  0.70002558  0.65733241  0.65733241  0.63687375  0.56025693  0.63687375  0.59757602  0.72233100  0.61696453  0.52472674  0.79358076  0.79358076  0.81893816  0.81893816  0.84519368  0.72233100  0.79358076  1.09743290  1.02588421  1.09743290  0.67837171  0.70002558  0.65733241  0.93004761  1.06079575  0.87241330  0.90067053  0.96063698  0.96063698  0.96063698  0.93004761  0.93004761  0.90067053  0.93004761  0.67837171  0.79358076  0.90067053  0.79358076  0.76906208  0.79358076  0.74532839  0.87241330  0.87241330  0.81893816  0.81893816  0.76906208  0.84519368  0.81893816  0.84519368  0.84519368  0.74532839  0.79358076  0.79358076  0.90067053  0.90067053  0.81893816  0.84519368  1.06079575  0.76906208  0.93004761  0.90067053  0.87241330  0.96063698  0.96063698  0.87241330  0.99254303  0.84519368  0.93004761  0.81893816  0.90067053  0.57868168  0.99254303  0.67837171  0.74532839  0.93004761  1.06079575  1.02588421  1.02588421  0.79358076  0.90067053  0.87241330  0.87241330  0.87241330  0.76906208  0.74532839  0.99254303  0.99254303  1.02588421  1.02588421  0.99254303  1.02588421  1.02588421  1.02588421  
57_15_0    0.67837171  0.70002558  0.52472674  0.47443354  0.00000000  0.61696453  0.59757602  0.59757602  0.50758044  0.47443354  0.56025693  0.56025693  0.57868168  0.49082175  0.50758044  0.49082175  0.59757602  0.50758044  0.56025693  0.56025693  0.67837171  0.44270546  0.47443354  0.45839978  0.45839978  0.47443354  0.44270546  0.47443354  0.47443354  0.42733651  0.42733651  0.44270546  0.52472674  0.52472674  0.49082175  0.47443354  0.54227900  0.47443354  0.49082175  0.56025693  0.59757602  0.56025693  0.54227900  0.52472674  0.42733651  0.52472674  0.41227971  0.72233100  0.70002558  0.70002558  0.63687375  0.63687375  0.49082175  0.54227900  0.50758044  0.57868168  0.47443354  0.57868168  0.56025693  0.84519368  0.79358076  0.65733241  0.65733241  0.61696453  0.67837171  0.70002558  0.90067053  0.90067053  0.96063698  0.79358076  0.61696453  0.59757602  0.76906208  0.96063698  0.93004761  0.96063698  0.96063698  0.96063698  0.87241330  0.84519368  0.90067053  0.96063698  0.87241330  0.74532839  0.84519368  1.02588421  0.79358076  0.81893816  0.79358076  0.81893816  0.90067053  0.81893816  0.84519368  0.84519368  0.90067053  0.93004761  0.93004761  0.96063698  0.74532839  0.79358076  0.99254303  0.99254303  0.79358076  0.79358076  0.96063698  0.84519368  0.87241330  0.70002558  0.74532839  0.72233100  0.79358076  0.81893816  0.81893816  0.81893816  0.79358076  0.81893816  0.79358076  0.79358076  0.84519368  0.61696453  0.81893816  0.87241330  0.84519368  0.76906208  0.87241330  0.90067053  0.87241330  1.06079575  1.17663159  1.13597516  1.17663159  0.84519368  0.81893816  0.79358076  0.93004761  0.93004761  0.90067053  0.93004761  0.99254303  0.79358076  0.76906208  0.76906208  
77_15_0    0.72233100  0.72233100  0.54227900  0.56025693  0.61696453  0.00000000  0.25205279  0.22841771  0.54227900  0.54227900  0.47443354  0.54227900  0.54227900  0.54227900  0.56025693  0.54227900  0.47443354  0.61696453  0.65733241  0.65733241  0.74532839  0.61696453  0.61696453  0.50758044  0.47443354  0.49082175  0.54227900  0.57868168  0.57868168  0.57868168  0.57868168  0.67837171  0.63687375  0.67837171  0.67837171  0.54227900  0.57868168  0.56025693  0.70002558  0.70002558  0.61696453  0.61696453  0.61696453  0.59757602  0.59757602  0.61696453  0.61696453  0.67837171  0.65733241  0.65733241  0.54227900  0.57868168  0.56025693  0.63687375  0.49082175  0.52472674  0.54227900  0.63687375  0.65733241  0.79358076  0.79358076  0.93004761  0.90067053  0.79358076  0.65733241  0.79358076  0.84519368  0.90067053  0.87241330  0.67837171  0.72233100  0.67837171  0.76906208  0.70002558  0.72233100  0.72233100  0.76906208  0.76906208  0.90067053  0.81893816  0.74532839  0.72233100  0.74532839  0.70002558  0.74532839  0.67837171  0.87241330  0.93004761  0.79358076  0.76906208  0.87241330  0.70002558  0.72233100  0.70002558  0.70002558  0.67837171  0.65733241  0.67837171  0.72233100  0.74532839  0.87241330  0.87241330  0.72233100  0.72233100  0.72233100  0.70002558  0.93004761  0.74532839  0.65733241  0.74532839  0.57868168  0.59757602  0.59757602  0.57868168  0.70002558  0.72233100  0.63687375  0.72233100  0.63687375  0.79358076  0.70002558  0.67837171  0.63687375  0.74532839  0.81893816  0.87241330  0.84519368  0.61696453  0.65733241  0.67837171  0.72233100  0.74532839  0.74532839  0.76906208  0.84519368  0.84519368  0.76906208  0.74532839  0.79358076  0.84519368  0.79358076  0.74532839  
88_15_0    0.63687375  0.63687375  0.45839978  0.54227900  0.59757602  0.25205279  0.00000000  0.19432053  0.52472674  0.52472674  0.50758044  0.56025693  0.56025693  0.47443354  0.49082175  0.47443354  0.47443354  0.56025693  0.65733241  0.65733241  0.76906208  0.59757602  0.56025693  0.63687375  0.45839978  0.56025693  0.59757602  0.56025693  0.56025693  0.52472674  0.52472674  0.54227900  0.65733241  0.65733241  0.59757602  0.63687375  0.54227900  0.50758044  0.59757602  0.54227900  0.49082175  0.45839978  0.52472674  0.57868168  0.52472674  0.52472674  0.49082175  0.61696453  0.63687375  0.63687375  0.47443354  0.47443354  0.47443354  0.52472674  0.50758044  0.59757602  0.49082175  0.52472674  0.56025693  0.81893816  0.81893816  0.81893816  0.74532839  0.79358076  0.63687375  0.74532839  0.90067053  0.93004761  0.81893816  0.79358076  0.72233100  0.67837171  0.74532839  0.72233100  0.67837171  0.67837171  0.72233100  0.72233100  0.72233100  0.74532839  0.63687375  0.70002558  0.72233100  0.61696453  0.74532839  0.70002558  0.70002558  0.74532839  0.72233100  0.79358076  0.79358076  0.79358076  0.76906208  0.70002558  0.74532839  0.67837171  0.70002558  0.72233100  0.79358076  0.74532839  0.74532839  0.74532839  0.70002558  0.70002558  0.67837171  0.76906208  0.93004761  0.74532839  0.67837171  0.63687375  0.63687375  0.65733241  0.65733241  0.72233100  0.70002558  0.76906208  0.79358076  0.67837171  0.63687375  0.72233100  0.63687375  0.59757602  0.59757602  0.65733241  0.72233100  0.81893816  0.79358076  0.84519368  0.87241330  0.93004761  0.93004761  0.72233100  0.76906208  0.79358076  0.93004761  0.93004761  0.99254303  0.96063698  0.93004761  0.81893816  0.79358076  0.79358076  
59_15_0    0.72233100  0.65733241  0.49082175  0.56025693  0.59757602  0.22841771  0.19432053  0.00000000  0.49082175  0.47443354  0.41227971  0.44270546  0.44270546  0.41227971  0.47443354  0.45839978  0.57868168  0.47443354  0.56025693  0.56025693  0.79358076  0.50758044  0.59757602  0.56025693  0.49082175  0.59757602  0.57868168  0.54227900  0.54227900  0.45839978  0.45839978  0.54227900  0.61696453  0.70002558  0.61696453  0.50758044  0.61696453  0.56025693  0.61696453  0.65733241  0.54227900  0.54227900  0.57868168  0.56025693  0.65733241  0.63687375  0.54227900  0.70002558  0.67837171  0.67837171  0.57868168  0.54227900  0.54227900  0.57868168  0.59757602  0.72233100  0.50758044  0.57868168  0.56025693  0.81893816  0.81893816  0.81893816  0.84519368  0.76906208  0.50758044  0.67837171  0.93004761  0.96063698  0.87241330  0.70002558  0.63687375  0.59757602  0.79358076  0.79358076  0.76906208  0.76906208  0.81893816  0.81893816  0.79358076  0.76906208  0.70002558  0.70002558  0.72233100  0.74532839  0.93004761  0.72233100  0.81893816  0.81893816  0.79358076  0.79358076  0.90067053  0.76906208  0.79358076  0.70002558  0.74532839  0.74532839  0.74532839  0.74532839  0.96063698  0.76906208  0.84519368  0.84519368  0.76906208  0.76906208  0.72233100  0.74532839  0.87241330  0.74532839  0.61696453  0.70002558  0.74532839  0.72233100  0.72233100  0.72233100  0.63687375  0.74532839  0.76906208  0.72233100  0.70002558  0.67837171  0.81893816  0.70002558  0.74532839  0.72233100  0.87241330  0.99254303  0.96063698  0.76906208  0.84519368  0.87241330  0.84519368  0.72233100  0.74532839  0.76906208  0.93004761  0.93004761  0.96063698  0.93004761  0.90067053  0.70002558  0.67837171  0.65733241  
60_15_0    0.74532839  0.70002558  0.49082175  0.52472674  0.50758044  0.54227900  0.52472674  0.49082175  0.00000000  0.13049834  0.39752262  0.35493601  0.34126728  0.42733651  0.44270546  0.42733651  0.41227971  0.59757602  0.70002558  0.70002558  0.70002558  0.47443354  0.44270546  0.54227900  0.45839978  0.44270546  0.59757602  0.54227900  0.54227900  0.45839978  0.45839978  0.54227900  0.67837171  0.67837171  0.65733241  0.52472674  0.65733241  0.57868168  0.59757602  0.67837171  0.59757602  0.56025693  0.61696453  0.63687375  0.57868168  0.59757602  0.54227900  0.57868168  0.56025693  0.56025693  0.59757602  0.59757602  0.63687375  0.54227900  0.56025693  0.72233100  0.57868168  0.57868168  0.59757602  0.76906208  0.76906208  0.76906208  0.79358076  0.74532839  0.54227900  0.72233100  1.06079575  0.93004761  1.17663159  0.70002558  0.67837171  0.65733241  0.54227900  0.65733241  0.59757602  0.63687375  0.67837171  0.67837171  0.79358076  0.79358076  0.67837171  0.67837171  0.70002558  0.67837171  0.72233100  0.72233100  0.79358076  0.74532839  0.76906208  0.65733241  0.72233100  0.70002558  0.65733241  0.65733241  0.65733241  0.65733241  0.63687375  0.65733241  0.65733241  0.79358076  0.87241330  0.87241330  0.70002558  0.70002558  0.65733241  0.70002558  0.79358076  0.70002558  0.67837171  0.65733241  0.67837171  0.70002558  0.70002558  0.63687375  0.67837171  0.65733241  0.65733241  0.74532839  0.70002558  0.63687375  0.79358076  0.61696453  0.72233100  0.79358076  0.84519368  0.84519368  0.81893816  0.79358076  0.79358076  0.76906208  0.87241330  0.72233100  0.79358076  0.76906208  0.99254303  0.99254303  1.02588421  1.06079575  0.96063698  0.61696453  0.59757602  0.63687375  
76_15_0    0.70002558  0.70002558  0.54227900  0.57868168  0.47443354  0.54227900  0.52472674  0.47443354  0.13049834  0.00000000  0.44270546  0.42733651  0.38305356  0.41227971  0.45839978  0.44270546  0.50758044  0.52472674  0.54227900  0.54227900  0.61696453  0.49082175  0.44270546  0.56025693  0.49082175  0.41227971  0.61696453  0.47443354  0.47443354  0.45839978  0.45839978  0.47443354  0.67837171  0.67837171  0.63687375  0.54227900  0.67837171  0.57868168  0.59757602  0.74532839  0.59757602  0.59757602  0.61696453  0.59757602  0.67837171  0.61696453  0.59757602  0.52472674  0.50758044  0.50758044  0.63687375  0.59757602  0.63687375  0.49082175  0.52472674  0.70002558  0.61696453  0.57868168  0.56025693  0.79358076  0.79358076  0.76906208  0.74532839  0.81893816  0.63687375  0.76906208  1.02588421  0.93004761  1.13597516  0.67837171  0.67837171  0.61696453  0.59757602  0.67837171  0.57868168  0.65733241  0.70002558  0.70002558  0.67837171  0.72233100  0.61696453  0.70002558  0.72233100  0.56025693  0.72233100  0.76906208  0.74532839  0.70002558  0.74532839  0.61696453  0.63687375  0.70002558  0.61696453  0.63687375  0.61696453  0.63687375  0.59757602  0.61696453  0.67837171  0.65733241  0.81893816  0.81893816  0.67837171  0.67837171  0.70002558  0.65733241  0.74532839  0.61696453  0.70002558  0.67837171  0.65733241  0.72233100  0.72233100  0.65733241  0.74532839  0.70002558  0.67837171  0.67837171  0.67837171  0.63687375  0.74532839  0.67837171  0.74532839  0.79358076  0.87241330  0.93004761  0.90067053  0.79358076  0.84519368  0.81893816  0.87241330  0.81893816  0.96063698  0.93004761  1.13597516  1.13597516  1.09743290  1.13597516  1.09743290  0.72233100  0.70002558  0.74532839  
87_25_0    0.72233100  0.56025693  0.52472674  0.59757602  0.56025693  0.47443354  0.50758044  0.41227971  0.39752262  0.44270546  0.00000000  0.07173760  0.10053595  0.11038947  0.10053595  0.11038947  0.24014107  0.61696453  0.70002558  0.70002558  0.74532839  0.65733241  0.65733241  0.56025693  0.61696453  0.59757602  0.65733241  0.57868168  0.57868168  0.49082175  0.49082175  0.54227900  0.57868168  0.65733241  0.54227900  0.63687375  0.54227900  0.56025693  0.54227900  0.61696453  0.52472674  0.52472674  0.54227900  0.49082175  0.63687375  0.67837171  0.56025693  0.63687375  0.61696453  0.61696453  0.45839978  0.41227971  0.59757602  0.52472674  0.49082175  0.67837171  0.52472674  0.52472674  0.59757602  0.76906208  0.76906208  0.81893816  0.81893816  0.61696453  0.54227900  0.79358076  0.84519368  0.84519368  0.87241330  0.72233100  0.63687375  0.70002558  0.76906208  0.84519368  0.74532839  0.65733241  0.70002558  0.70002558  0.74532839  0.76906208  0.70002558  0.63687375  0.65733241  0.72233100  0.74532839  0.63687375  0.63687375  0.65733241  0.72233100  0.67837171  0.74532839  0.70002558  0.65733241  0.61696453  0.61696453  0.61696453  0.63687375  0.65733241  0.76906208  0.70002558  0.70002558  0.70002558  0.70002558  0.70002558  0.59757602  0.67837171  0.72233100  0.74532839  0.81893816  0.81893816  0.90067053  0.87241330  0.87241330  0.90067053  0.76906208  0.81893816  0.90067053  0.72233100  0.76906208  0.67837171  0.70002558  0.63687375  0.70002558  0.74532839  0.79358076  0.74532839  0.72233100  0.67837171  0.59757602  0.61696453  0.67837171  0.79358076  0.79358076  0.81893816  0.90067053  0.90067053  0.87241330  0.84519368  0.96063698  0.63687375  0.70002558  0.61696453  
85_25_0    0.72233100  0.61696453  0.56025693  0.56025693  0.56025693  0.54227900  0.56025693  0.44270546  0.35493601  0.42733651  0.07173760  0.00000000  0.02609494  0.13049834  0.14076108  0.15116789  0.25205279  0.57868168  0.72233100  0.72233100  0.76906208  0.54227900  0.57868168  0.52472674  0.54227900  0.59757602  0.65733241  0.57868168  0.57868168  0.52472674  0.52472674  0.57868168  0.57868168  0.65733241  0.54227900  0.63687375  0.57868168  0.56025693  0.54227900  0.59757602  0.52472674  0.52472674  0.54227900  0.49082175  0.59757602  0.63687375  0.56025693  0.59757602  0.57868168  0.57868168  0.49082175  0.44270546  0.65733241  0.54227900  0.54227900  0.67837171  0.50758044  0.54227900  0.61696453  0.76906208  0.76906208  0.79358076  0.79358076  0.63687375  0.54227900  0.72233100  0.90067053  0.81893816  0.96063698  0.70002558  0.65733241  0.72233100  0.72233100  0.84519368  0.70002558  0.61696453  0.65733241  0.65733241  0.76906208  0.79358076  0.74532839  0.67837171  0.70002558  0.76906208  0.79358076  0.67837171  0.63687375  0.65733241  0.72233100  0.67837171  0.79358076  0.74532839  0.70002558  0.65733241  0.61696453  0.65733241  0.63687375  0.65733241  0.84519368  0.72233100  0.74532839  0.74532839  0.76906208  0.76906208  0.65733241  0.76906208  0.76906208  0.76906208  0.79358076  0.74532839  0.96063698  0.96063698  0.96063698  0.87241330  0.79358076  0.84519368  0.93004761  0.76906208  0.87241330  0.59757602  0.76906208  0.61696453  0.67837171  0.74532839  0.79358076  0.74532839  0.72233100  0.74532839  0.70002558  0.67837171  0.79358076  0.81893816  0.81893816  0.79358076  0.93004761  0.93004761  0.96063698  0.93004761  0.93004761  0.70002558  0.72233100  0.72233100  
83_25_0    0.67837171  0.61696453  0.52472674  0.52472674  0.57868168  0.54227900  0.56025693  0.44270546  0.34126728  0.38305356  0.10053595  0.02609494  0.00000000  0.14076108  0.17243028  0.18329462  0.25205279  0.59757602  0.70002558  0.70002558  0.84519368  0.56025693  0.59757602  0.54227900  0.56025693  0.54227900  0.67837171  0.56025693  0.56025693  0.54227900  0.54227900  0.57868168  0.59757602  0.63687375  0.56025693  0.63687375  0.59757602  0.54227900  0.52472674  0.61696453  0.54227900  0.54227900  0.56025693  0.50758044  0.61696453  0.65733241  0.56025693  0.57868168  0.56025693  0.56025693  0.47443354  0.42733651  0.63687375  0.49082175  0.52472674  0.65733241  0.56025693  0.56025693  0.63687375  0.84519368  0.84519368  0.84519368  0.84519368  0.65733241  0.56025693  0.74532839  0.93004761  0.79358076  0.93004761  0.67837171  0.67837171  0.74532839  0.79358076  0.79358076  0.67837171  0.59757602  0.63687375  0.63687375  0.79358076  0.81893816  0.72233100  0.70002558  0.72233100  0.70002558  0.81893816  0.65733241  0.70002558  0.67837171  0.74532839  0.70002558  0.81893816  0.72233100  0.63687375  0.63687375  0.59757602  0.63687375  0.61696453  0.63687375  0.87241330  0.70002558  0.67837171  0.67837171  0.84519368  0.84519368  0.67837171  0.79358076  0.79358076  0.74532839  0.76906208  0.76906208  0.87241330  0.87241330  0.87241330  0.79358076  0.76906208  0.81893816  0.90067053  0.79358076  0.84519368  0.57868168  0.79358076  0.67837171  0.74532839  0.72233100  0.76906208  0.76906208  0.74532839  0.67837171  0.67837171  0.65733241  0.72233100  0.79358076  0.79358076  0.76906208  0.96063698  0.96063698  0.99254303  0.96063698  0.96063698  0.72233100  0.74532839  0.74532839  
87_15_0    0.76906208  0.63687375  0.49082175  0.56025693  0.49082175  0.54227900  0.47443354  0.41227971  0.42733651  0.41227971  0.11038947  0.13049834  0.14076108  0.00000000  0.16172286  0.17243028  0.28898123  0.47443354  0.59757602  0.59757602  0.70002558  0.52472674  0.56025693  0.61696453  0.57868168  0.57868168  0.61696453  0.52472674  0.52472674  0.44270546  0.44270546  0.52472674  0.54227900  0.61696453  0.50758044  0.57868168  0.56025693  0.50758044  0.52472674  0.61696453  0.54227900  0.54227900  0.52472674  0.47443354  0.61696453  0.65733241  0.57868168  0.61696453  0.63687375  0.63687375  0.52472674  0.47443354  0.59757602  0.52472674  0.47443354  0.65733241  0.54227900  0.54227900  0.59757602  0.76906208  0.76906208  0.93004761  0.76906208  0.72233100  0.54227900  0.70002558  0.81893816  0.87241330  0.90067053  0.59757602  0.59757602  0.61696453  0.74532839  0.76906208  0.72233100  0.63687375  0.67837171  0.67837171  0.72233100  0.74532839  0.67837171  0.65733241  0.67837171  0.61696453  0.76906208  0.67837171  0.65733241  0.63687375  0.67837171  0.63687375  0.79358076  0.70002558  0.61696453  0.61696453  0.61696453  0.61696453  0.63687375  0.65733241  0.79358076  0.63687375  0.63687375  0.63687375  0.63687375  0.63687375  0.61696453  0.76906208  0.74532839  0.59757602  0.67837171  0.63687375  0.79358076  0.81893816  0.81893816  0.84519368  0.72233100  0.76906208  0.90067053  0.81893816  0.81893816  0.63687375  0.74532839  0.56025693  0.61696453  0.61696453  0.84519368  0.84519368  0.81893816  0.72233100  0.67837171  0.70002558  0.76906208  0.79358076  0.79358076  0.81893816  0.96063698  0.96063698  0.99254303  0.96063698  1.02588421  0.65733241  0.70002558  0.65733241  
83_15_0    0.79358076  0.70002558  0.61696453  0.61696453  0.50758044  0.56025693  0.49082175  0.47443354  0.44270546  0.45839978  0.10053595  0.14076108  0.17243028  0.16172286  0.00000000  0.00859666  0.27646625  0.61696453  0.84519368  0.84519368  0.84519368  0.65733241  0.70002558  0.67837171  0.72233100  0.70002558  0.72233100  0.65733241  0.65733241  0.57868168  0.57868168  0.63687375  0.54227900  0.57868168  0.50758044  0.67837171  0.59757602  0.61696453  0.56025693  0.63687375  0.54227900  0.54227900  0.57868168  0.54227900  0.61696453  0.65733241  0.57868168  0.76906208  0.74532839  0.74532839  0.56025693  0.52472674  0.70002558  0.57868168  0.56025693  0.72233100  0.57868168  0.54227900  0.61696453  0.76906208  0.76906208  0.96063698  0.90067053  0.76906208  0.67837171  0.84519368  0.96063698  1.02588421  1.06079575  0.81893816  0.65733241  0.70002558  0.79358076  0.93004761  0.79358076  0.72233100  0.76906208  0.76906208  0.81893816  0.90067053  0.81893816  0.79358076  0.76906208  0.79358076  0.81893816  0.79358076  0.65733241  0.67837171  0.74532839  0.70002558  0.81893816  0.79358076  0.72233100  0.67837171  0.67837171  0.67837171  0.70002558  0.72233100  0.87241330  0.72233100  0.79358076  0.79358076  0.76906208  0.76906208  0.65733241  0.84519368  0.72233100  0.72233100  0.93004761  0.76906208  0.87241330  0.99254303  0.99254303  0.96063698  0.81893816  0.84519368  0.99254303  0.76906208  0.76906208  0.70002558  0.81893816  0.72233100  0.76906208  0.74532839  0.79358076  0.76906208  0.74532839  0.81893816  0.74532839  0.72233100  0.81893816  0.93004761  0.93004761  0.90067053  1.02588421  1.02588421  0.99254303  1.02588421  1.09743290  0.70002558  0.67837171  0.63687375  
85_15_0    0.81893816  0.72233100  0.63687375  0.63687375  0.49082175  0.54227900  0.47443354  0.45839978  0.42733651  0.44270546  0.11038947  0.15116789  0.18329462  0.17243028  0.00859666  0.00000000  0.28898123  0.59757602  0.81893816  0.81893816  0.81893816  0.63687375  0.67837171  0.65733241  0.70002558  0.67837171  0.70002558  0.63687375  0.63687375  0.56025693  0.56025693  0.61696453  0.52472674  0.56025693  0.49082175  0.65733241  0.61696453  0.63687375  0.57868168  0.65733241  0.56025693  0.56025693  0.59757602  0.56025693  0.63687375  0.67837171  0.56025693  0.79358076  0.76906208  0.76906208  0.54227900  0.50758044  0.67837171  0.56025693  0.54227900  0.74532839  0.56025693  0.52472674  0.63687375  0.79358076  0.79358076  0.96063698  0.93004761  0.79358076  0.65733241  0.81893816  0.99254303  0.99254303  1.09743290  0.79358076  0.63687375  0.67837171  0.79358076  0.93004761  0.79358076  0.72233100  0.76906208  0.76906208  0.81893816  0.90067053  0.81893816  0.79358076  0.76906208  0.76906208  0.84519368  0.81893816  0.67837171  0.70002558  0.76906208  0.72233100  0.84519368  0.76906208  0.74532839  0.70002558  0.70002558  0.70002558  0.72233100  0.74532839  0.90067053  0.74532839  0.81893816  0.81893816  0.74532839  0.74532839  0.67837171  0.81893816  0.74532839  0.74532839  0.90067053  0.74532839  0.84519368  0.96063698  0.96063698  0.93004761  0.79358076  0.81893816  0.96063698  0.79358076  0.79358076  0.70002558  0.81893816  0.74532839  0.79358076  0.76906208  0.76906208  0.79358076  0.76906208  0.79358076  0.76906208  0.74532839  0.84519368  0.90067053  0.90067053  0.87241330  0.99254303  0.99254303  0.96063698  0.99254303  1.06079575  0.67837171  0.65733241  0.61696453  
66_15_0    0.67837171  0.72233100  0.49082175  0.50758044  0.59757602  0.47443354  0.47443354  0.57868168  0.41227971  0.50758044  0.24014107  0.25205279  0.25205279  0.28898123  0.27646625  0.28898123  0.00000000  0.61696453  0.84519368  0.84519368  0.79358076  0.65733241  0.59757602  0.61696453  0.65733241  0.50758044  0.67837171  0.57868168  0.57868168  0.52472674  0.52472674  0.61696453  0.65733241  0.65733241  0.59757602  0.74532839  0.65733241  0.67837171  0.59757602  0.70002558  0.61696453  0.61696453  0.61696453  0.63687375  0.56025693  0.59757602  0.59757602  0.65733241  0.63687375  0.63687375  0.50758044  0.52472674  0.63687375  0.59757602  0.50758044  0.61696453  0.70002558  0.57868168  0.70002558  0.81893816  0.81893816  0.72233100  0.72233100  0.65733241  0.52472674  0.70002558  0.81893816  0.72233100  0.84519368  0.67837171  0.61696453  0.61696453  0.70002558  0.67837171  0.70002558  0.59757602  0.63687375  0.63687375  0.67837171  0.70002558  0.70002558  0.70002558  0.72233100  0.61696453  0.65733241  0.72233100  0.70002558  0.70002558  0.67837171  0.59757602  0.72233100  0.67837171  0.61696453  0.61696453  0.61696453  0.59757602  0.61696453  0.63687375  0.72233100  0.70002558  0.74532839  0.74532839  0.74532839  0.74532839  0.63687375  0.74532839  0.84519368  0.70002558  0.72233100  0.59757602  0.67837171  0.70002558  0.70002558  0.67837171  0.74532839  0.72233100  0.76906208  0.74532839  0.72233100  0.70002558  0.87241330  0.70002558  0.74532839  0.72233100  0.87241330  0.84519368  0.81893816  0.76906208  0.72233100  0.70002558  0.81893816  0.72233100  0.72233100  0.70002558  0.84519368  0.84519368  0.84519368  0.87241330  0.90067053  0.84519368  0.81893816  0.81893816  
80_21_0    0.72233100  0.63687375  0.56025693  0.61696453  0.50758044  0.61696453  0.56025693  0.47443354  0.59757602  0.52472674  0.61696453  0.57868168  0.59757602  0.47443354  0.61696453  0.59757602  0.61696453  0.00000000  0.19432053  0.20551291  0.30171111  0.31466341  0.30171111  0.38305356  0.39752262  0.49082175  0.44270546  0.45839978  0.45839978  0.44270546  0.44270546  0.45839978  0.42733651  0.45839978  0.39752262  0.42733651  0.52472674  0.45839978  0.41227971  0.49082175  0.41227971  0.38305356  0.41227971  0.44270546  0.56025693  0.57868168  0.47443354  0.72233100  0.74532839  0.74532839  0.65733241  0.65733241  0.56025693  0.54227900  0.63687375  0.74532839  0.72233100  0.63687375  0.63687375  0.67837171  0.67837171  0.87241330  0.87241330  0.90067053  0.57868168  0.63687375  0.93004761  0.84519368  0.96063698  0.61696453  0.59757602  0.59757602  0.61696453  0.79358076  0.74532839  0.67837171  0.72233100  0.72233100  0.76906208  0.76906208  0.70002558  0.65733241  0.67837171  0.72233100  0.70002558  0.87241330  0.74532839  0.72233100  0.72233100  0.63687375  0.81893816  0.79358076  0.74532839  0.79358076  0.79358076  0.79358076  0.81893816  0.81893816  0.96063698  0.72233100  0.87241330  0.87241330  0.70002558  0.70002558  0.81893816  0.79358076  0.93004761  0.74532839  0.74532839  0.70002558  0.90067053  0.84519368  0.84519368  0.93004761  0.84519368  0.87241330  0.93004761  0.70002558  0.79358076  0.65733241  0.90067053  0.72233100  0.79358076  0.93004761  1.02588421  1.06079575  1.02588421  0.79358076  0.79358076  0.76906208  0.81893816  0.90067053  0.90067053  0.87241330  0.96063698  0.96063698  0.93004761  0.96063698  1.02588421  0.96063698  0.87241330  0.87241330  
86_21_0    0.79358076  0.70002558  0.67837171  0.79358076  0.56025693  0.65733241  0.65733241  0.56025693  0.70002558  0.54227900  0.70002558  0.72233100  0.70002558  0.59757602  0.84519368  0.81893816  0.84519368  0.19432053  0.00000000  0.00859666  0.31466341  0.36886149  0.38305356  0.31466341  0.36886149  0.44270546  0.44270546  0.49082175  0.49082175  0.47443354  0.47443354  0.45839978  0.52472674  0.56025693  0.56025693  0.47443354  0.42733651  0.42733651  0.47443354  0.44270546  0.52472674  0.49082175  0.49082175  0.45839978  0.50758044  0.56025693  0.47443354  0.63687375  0.65733241  0.65733241  0.67837171  0.70002558  0.56025693  0.56025693  0.59757602  0.76906208  0.72233100  0.81893816  0.67837171  0.79358076  0.74532839  0.93004761  0.87241330  0.96063698  0.67837171  0.81893816  0.99254303  0.99254303  0.93004761  0.81893816  0.70002558  0.74532839  0.67837171  0.76906208  0.79358076  0.79358076  0.79358076  0.79358076  0.74532839  0.74532839  0.67837171  0.72233100  0.70002558  0.70002558  0.72233100  0.84519368  0.81893816  0.84519368  0.87241330  0.87241330  0.90067053  0.84519368  0.93004761  0.93004761  0.93004761  0.93004761  0.96063698  0.96063698  0.90067053  0.79358076  0.87241330  0.87241330  0.81893816  0.81893816  0.79358076  0.81893816  0.96063698  0.76906208  0.79358076  0.90067053  0.93004761  0.93004761  0.93004761  1.02588421  0.96063698  0.90067053  0.96063698  0.74532839  0.84519368  0.76906208  0.90067053  0.99254303  0.96063698  0.96063698  0.96063698  1.06079575  1.02588421  0.79358076  0.81893816  0.84519368  0.79358076  1.06079575  1.06079575  1.09743290  1.17663159  1.17663159  1.09743290  1.06079575  1.17663159  0.99254303  1.13597516  1.09743290  
98_21_0    0.79358076  0.70002558  0.67837171  0.79358076  0.56025693  0.65733241  0.65733241  0.56025693  0.70002558  0.54227900  0.70002558  0.72233100  0.70002558  0.59757602  0.84519368  0.81893816  0.84519368  0.20551291  0.00859666  0.00000000  0.32784601  0.36886149  0.38305356  0.31466341  0.36886149  0.44270546  0.44270546  0.49082175  0.49082175  0.47443354  0.47443354  0.45839978  0.52472674  0.56025693  0.56025693  0.47443354  0.42733651  0.42733651  0.47443354  0.44270546  0.52472674  0.49082175  0.49082175  0.45839978  0.50758044  0.56025693  0.47443354  0.63687375  0.65733241  0.65733241  0.67837171  0.70002558  0.56025693  0.56025693  0.59757602  0.76906208  0.72233100  0.81893816  0.67837171  0.79358076  0.74532839  0.93004761  0.87241330  0.96063698  0.67837171  0.81893816  0.99254303  0.99254303  0.93004761  0.81893816  0.70002558  0.74532839  0.67837171  0.76906208  0.79358076  0.79358076  0.79358076  0.79358076  0.74532839  0.74532839  0.67837171  0.72233100  0.70002558  0.70002558  0.72233100  0.84519368  0.81893816  0.84519368  0.87241330  0.87241330  0.90067053  0.84519368  0.93004761  0.93004761  0.93004761  0.93004761  0.96063698  0.93004761  0.90067053  0.79358076  0.87241330  0.87241330  0.81893816  0.81893816  0.79358076  0.81893816  0.96063698  0.76906208  0.79358076  0.90067053  0.93004761  0.93004761  0.93004761  1.02588421  0.96063698  0.90067053  0.96063698  0.74532839  0.84519368  0.76906208  0.90067053  0.99254303  0.96063698  0.96063698  0.96063698  1.06079575  1.02588421  0.79358076  0.84519368  0.87241330  0.79358076  1.06079575  1.06079575  1.09743290  1.17663159  1.17663159  1.09743290  1.06079575  1.17663159  0.99254303  1.13597516  1.09743290  
70_21_0    0.87241330  0.76906208  0.74532839  0.90067053  0.67837171  0.74532839  0.76906208  0.79358076  0.70002558  0.61696453  0.74532839  0.76906208  0.84519368  0.70002558  0.84519368  0.81893816  0.79358076  0.30171111  0.31466341  0.32784601  0.00000000  0.44270546  0.39752262  0.44270546  0.47443354  0.45839978  0.52472674  0.47443354  0.47443354  0.50758044  0.50758044  0.52472674  0.52472674  0.56025693  0.52472674  0.44270546  0.50758044  0.50758044  0.56025693  0.57868168  0.63687375  0.59757602  0.59757602  0.54227900  0.59757602  0.61696453  0.57868168  0.65733241  0.67837171  0.67837171  0.65733241  0.65733241  0.61696453  0.72233100  0.67837171  0.81893816  0.70002558  0.65733241  0.70002558  0.72233100  0.67837171  0.93004761  0.84519368  0.90067053  0.76906208  0.90067053  0.96063698  0.84519368  0.93004761  0.72233100  0.70002558  0.74532839  0.65733241  0.79358076  0.79358076  0.76906208  0.76906208  0.76906208  0.79358076  0.67837171  0.72233100  0.70002558  0.70002558  0.79358076  0.74532839  0.74532839  0.84519368  0.87241330  0.93004761  0.70002558  0.87241330  0.72233100  0.87241330  0.87241330  0.87241330  0.81893816  0.84519368  0.84519368  0.87241330  0.79358076  0.84519368  0.84519368  0.65733241  0.65733241  0.84519368  0.74532839  0.96063698  0.87241330  0.99254303  0.96063698  0.99254303  0.99254303  0.99254303  1.02588421  0.99254303  0.93004761  0.93004761  0.70002558  0.74532839  0.87241330  1.02588421  0.96063698  1.06079575  1.09743290  1.09743290  1.17663159  1.13597516  0.96063698  0.87241330  0.87241330  0.99254303  1.21964766  1.17663159  1.17663159  0.93004761  0.93004761  0.84519368  0.81893816  0.96063698  0.96063698  1.06079575  1.02588421  
60_21_0    0.79358076  0.76906208  0.57868168  0.54227900  0.44270546  0.61696453  0.59757602  0.50758044  0.47443354  0.49082175  0.65733241  0.54227900  0.56025693  0.52472674  0.65733241  0.63687375  0.65733241  0.31466341  0.36886149  0.36886149  0.44270546  0.00000000  0.09081167  0.36886149  0.31466341  0.39752262  0.34126728  0.42733651  0.42733651  0.45839978  0.45839978  0.52472674  0.44270546  0.50758044  0.42733651  0.42733651  0.52472674  0.50758044  0.50758044  0.52472674  0.47443354  0.44270546  0.49082175  0.50758044  0.47443354  0.47443354  0.44270546  0.59757602  0.61696453  0.61696453  0.61696453  0.63687375  0.54227900  0.52472674  0.56025693  0.50758044  0.50758044  0.63687375  0.61696453  0.61696453  0.61696453  0.79358076  0.84519368  0.93004761  0.59757602  0.67837171  0.93004761  0.84519368  1.02588421  0.63687375  0.61696453  0.54227900  0.67837171  0.74532839  0.67837171  0.72233100  0.76906208  0.76906208  0.84519368  0.81893816  0.79358076  0.72233100  0.72233100  0.74532839  0.90067053  0.81893816  0.79358076  0.76906208  0.76906208  0.65733241  0.84519368  0.72233100  0.76906208  0.76906208  0.76906208  0.81893816  0.79358076  0.81893816  0.87241330  0.72233100  0.81893816  0.81893816  0.74532839  0.74532839  0.79358076  0.96063698  0.87241330  0.70002558  0.63687375  0.61696453  0.76906208  0.74532839  0.74532839  0.72233100  0.76906208  0.81893816  0.76906208  0.70002558  0.79358076  0.70002558  0.93004761  0.70002558  0.72233100  0.81893816  1.06079575  1.13597516  1.09743290  0.87241330  0.87241330  0.81893816  0.90067053  0.81893816  0.84519368  0.81893816  0.96063698  0.96063698  0.93004761  0.96063698  0.99254303  0.76906208  0.90067053  0.90067053  
76_21_0    0.70002558  0.63687375  0.50758044  0.50758044  0.47443354  0.61696453  0.56025693  0.59757602  0.44270546  0.44270546  0.65733241  0.57868168  0.59757602  0.56025693  0.70002558  0.67837171  0.59757602  0.30171111  0.38305356  0.38305356  0.39752262  0.09081167  0.00000000  0.32784601  0.24014107  0.31466341  0.35493601  0.39752262  0.39752262  0.36886149  0.36886149  0.42733651  0.41227971  0.44270546  0.41227971  0.41227971  0.47443354  0.45839978  0.45839978  0.47443354  0.42733651  0.39752262  0.44270546  0.49082175  0.42733651  0.42733651  0.39752262  0.56025693  0.57868168  0.57868168  0.56025693  0.57868168  0.49082175  0.50758044  0.50758044  0.52472674  0.59757602  0.59757602  0.65733241  0.61696453  0.61696453  0.67837171  0.67837171  0.96063698  0.56025693  0.67837171  0.93004761  0.90067053  1.17663159  0.63687375  0.65733241  0.61696453  0.61696453  0.72233100  0.67837171  0.70002558  0.74532839  0.74532839  0.81893816  0.79358076  0.76906208  0.65733241  0.67837171  0.63687375  0.76906208  0.74532839  0.67837171  0.65733241  0.65733241  0.59757602  0.76906208  0.74532839  0.74532839  0.84519368  0.79358076  0.79358076  0.76906208  0.79358076  0.74532839  0.70002558  0.84519368  0.84519368  0.67837171  0.67837171  0.72233100  0.87241330  0.96063698  0.76906208  0.76906208  0.65733241  0.76906208  0.79358076  0.79358076  0.76906208  0.84519368  0.81893816  0.76906208  0.67837171  0.72233100  0.70002558  0.84519368  0.67837171  0.79358076  0.84519368  1.02588421  0.99254303  0.96063698  0.79358076  0.76906208  0.72233100  0.81893816  0.81893816  0.84519368  0.81893816  0.81893816  0.81893816  0.84519368  0.87241330  0.84519368  0.81893816  0.87241330  0.87241330  
