119
96_18_0    0.00000000  0.05959270  0.24697516  0.25232694  0.25232694  0.25232694  0.25232694  0.25771778  0.29091624  0.33763790  0.45500907  0.42726742  0.43410575  0.44797536  0.47652128  0.51382882  0.46211041  0.46211041  0.47652128  0.54509404  0.53715278  0.52152192  0.52929600  0.51382882  0.51382882  0.49121894  0.50621503  0.50621503  0.56944336  0.56123740  0.52929600  0.54509404  0.54509404  0.53715278  0.53715278  0.52929600  0.55312161  0.54509404  0.52152192  0.54509404  0.46211041  0.46211041  0.47652128  0.48383355  0.49121894  0.48383355  0.46928070  0.51382882  0.52929600  0.48383355  0.49121894  0.52929600  0.52929600  0.49867892  0.50621503  0.50621503  0.50621503  0.51382882  0.47652128  0.46928070  0.52152192  0.51382882  0.49121894  0.49867892  0.50621503  0.46928070  0.49867892  0.47652128  0.46928070  0.44100800  0.44100800  0.55312161  0.57774152  0.55312161  0.56944336  0.57774152  0.44100800  0.44100800  0.44100800  0.45500907  0.46928070  0.47652128  0.51382882  0.51382882  0.51382882  0.46211041  0.49867892  0.50621503  0.50621503  0.49867892  0.53715278  0.44797536  0.46211041  0.45500907  0.42049181  0.42049181  0.45500907  0.44797536  0.44797536  0.44100800  0.44100800  0.43410575  0.43410575  0.49121894  0.48383355  0.46211041  0.49867892  0.42726742  0.43410575  0.42049181  0.42049181  0.44797536  0.43410575  0.47652128  0.52929600  0.55312161  0.53715278  0.55312161  0.55312161  
96_19_0    0.05959270  0.00000000  0.25771778  0.26314826  0.26314826  0.26314826  0.24697516  0.25232694  0.25771778  0.33763790  0.41377781  0.39399440  0.44100800  0.46928070  0.45500907  0.52152192  0.48383355  0.48383355  0.49121894  0.53715278  0.53715278  0.49867892  0.50621503  0.50621503  0.50621503  0.48383355  0.48383355  0.48383355  0.54509404  0.53715278  0.49121894  0.53715278  0.53715278  0.51382882  0.51382882  0.52152192  0.52929600  0.52152192  0.49867892  0.52152192  0.50621503  0.50621503  0.47652128  0.48383355  0.50621503  0.48383355  0.46928070  0.51382882  0.53715278  0.47652128  0.48383355  0.52152192  0.53715278  0.50621503  0.51382882  0.51382882  0.51382882  0.52152192  0.48383355  0.48383355  0.49867892  0.49121894  0.46928070  0.47652128  0.48383355  0.47652128  0.49121894  0.46928070  0.46211041  0.43410575  0.43410575  0.56944336  0.56944336  0.56123740  0.56944336  0.57774152  0.43410575  0.43410575  0.43410575  0.47652128  0.44797536  0.45500907  0.47652128  0.47652128  0.47652128  0.45500907  0.47652128  0.46928070  0.46928070  0.46211041  0.49867892  0.44100800  0.42726742  0.44100800  0.44100800  0.42726742  0.42726742  0.42049181  0.42049181  0.41377781  0.41377781  0.39399440  0.39399440  0.44797536  0.44100800  0.46211041  0.44100800  0.37472712  0.40712428  0.40712428  0.40712428  0.44797536  0.40712428  0.44797536  0.48383355  0.50621503  0.49121894  0.52152192  0.49867892  
92_20_0    0.24697516  0.25771778  0.00000000  0.00382669  0.11991579  0.11991579  0.22078295  0.22594761  0.23638655  0.29091624  0.34979519  0.36841479  0.40712428  0.39399440  0.38751596  0.42049181  0.42726742  0.42726742  0.38751596  0.45500907  0.40712428  0.45500907  0.42726742  0.43410575  0.43410575  0.42726742  0.42726742  0.42726742  0.44797536  0.44100800  0.43410575  0.42049181  0.42049181  0.40053016  0.40053016  0.41377781  0.40712428  0.41377781  0.40712428  0.42726742  0.39399440  0.39399440  0.40053016  0.39399440  0.40712428  0.40712428  0.39399440  0.46928070  0.42726742  0.41377781  0.42726742  0.42726742  0.42726742  0.40712428  0.39399440  0.40712428  0.42049181  0.42049181  0.38109386  0.38109386  0.40712428  0.38751596  0.38109386  0.38751596  0.39399440  0.35594972  0.36841479  0.40053016  0.40053016  0.36841479  0.37472712  0.46211041  0.44797536  0.44100800  0.46928070  0.46211041  0.37472712  0.37472712  0.37472712  0.38751596  0.44797536  0.44797536  0.43410575  0.43410575  0.42049181  0.42049181  0.40712428  0.40053016  0.40053016  0.39399440  0.44797536  0.40053016  0.44100800  0.42049181  0.38109386  0.37472712  0.39399440  0.39399440  0.37472712  0.40053016  0.40053016  0.38109386  0.37472712  0.36841479  0.36215596  0.40053016  0.42049181  0.38109386  0.36215596  0.36215596  0.36215596  0.40053016  0.36841479  0.39399440  0.41377781  0.40053016  0.40712428  0.45500907  0.44797536  
92_18_0    0.25232694  0.26314826  0.00382669  0.00000000  0.12441914  0.12441914  0.22594761  0.23114864  0.24166188  0.29659735  0.35594972  0.37472712  0.41377781  0.40053016  0.39399440  0.42726742  0.43410575  0.43410575  0.39399440  0.46211041  0.41377781  0.46211041  0.43410575  0.44100800  0.44100800  0.43410575  0.43410575  0.43410575  0.45500907  0.44797536  0.44100800  0.42726742  0.42726742  0.40712428  0.40712428  0.42049181  0.41377781  0.42049181  0.41377781  0.43410575  0.40053016  0.40053016  0.40712428  0.40053016  0.41377781  0.41377781  0.40053016  0.47652128  0.43410575  0.42049181  0.43410575  0.43410575  0.43410575  0.41377781  0.40053016  0.41377781  0.42726742  0.42726742  0.38751596  0.38751596  0.41377781  0.39399440  0.38751596  0.39399440  0.40053016  0.36215596  0.37472712  0.40712428  0.40712428  0.37472712  0.38109386  0.46928070  0.45500907  0.44797536  0.47652128  0.46928070  0.38109386  0.38109386  0.38109386  0.39399440  0.45500907  0.45500907  0.44100800  0.44100800  0.42726742  0.42726742  0.41377781  0.40712428  0.40712428  0.40053016  0.45500907  0.40712428  0.44797536  0.42726742  0.38751596  0.38109386  0.40053016  0.40053016  0.38109386  0.40712428  0.40712428  0.38751596  0.38109386  0.37472712  0.36841479  0.40712428  0.42726742  0.38751596  0.36841479  0.36841479  0.36841479  0.40712428  0.37472712  0.40053016  0.42049181  0.40712428  0.41377781  0.46211041  0.45500907  
93_18_0    0.25232694  0.26314826  0.11991579  0.12441914  0.00000000  0.00000000  0.21056073  0.20550220  0.23638655  0.31390768  0.38751596  0.36841479  0.39399440  0.38751596  0.39399440  0.43410575  0.39399440  0.39399440  0.39399440  0.45500907  0.40712428  0.42726742  0.41377781  0.43410575  0.43410575  0.40053016  0.40053016  0.40053016  0.42726742  0.42049181  0.40712428  0.40053016  0.40053016  0.38751596  0.38751596  0.38751596  0.39399440  0.40053016  0.39399440  0.41377781  0.35594972  0.35594972  0.37472712  0.36841479  0.38751596  0.39399440  0.37472712  0.41377781  0.42049181  0.40053016  0.40053016  0.41377781  0.42726742  0.39399440  0.39399440  0.40053016  0.40053016  0.41377781  0.37472712  0.37472712  0.38109386  0.37472712  0.38109386  0.38109386  0.38109386  0.35594972  0.38109386  0.37472712  0.38109386  0.37472712  0.37472712  0.47652128  0.47652128  0.46211041  0.47652128  0.48383355  0.36841479  0.36841479  0.36841479  0.34979519  0.42049181  0.42049181  0.40053016  0.40053016  0.40053016  0.38109386  0.40053016  0.40712428  0.40712428  0.40712428  0.46928070  0.40053016  0.40053016  0.40712428  0.42726742  0.39399440  0.39399440  0.40053016  0.38109386  0.40712428  0.40712428  0.38751596  0.39399440  0.42726742  0.42049181  0.42726742  0.44100800  0.38751596  0.38109386  0.36841479  0.36841479  0.44100800  0.38109386  0.39399440  0.41377781  0.41377781  0.42049181  0.46211041  0.46928070  
99_18_0    0.25232694  0.26314826  0.11991579  0.12441914  0.00000000  0.00000000  0.21056073  0.20550220  0.23638655  0.31390768  0.38751596  0.36841479  0.39399440  0.38751596  0.39399440  0.43410575  0.39399440  0.39399440  0.39399440  0.45500907  0.40712428  0.42726742  0.41377781  0.43410575  0.43410575  0.40053016  0.40053016  0.40053016  0.42726742  0.42049181  0.40712428  0.40053016  0.40053016  0.38751596  0.38751596  0.38751596  0.39399440  0.40053016  0.39399440  0.41377781  0.35594972  0.35594972  0.37472712  0.36841479  0.38751596  0.39399440  0.37472712  0.41377781  0.42049181  0.40053016  0.40053016  0.41377781  0.42726742  0.39399440  0.39399440  0.40053016  0.40053016  0.41377781  0.37472712  0.37472712  0.38109386  0.37472712  0.38109386  0.38109386  0.38109386  0.35594972  0.38109386  0.37472712  0.38109386  0.37472712  0.37472712  0.47652128  0.47652128  0.46211041  0.47652128  0.48383355  0.36841479  0.36841479  0.36841479  0.34979519  0.42049181  0.42049181  0.40053016  0.40053016  0.40053016  0.38109386  0.40053016  0.40712428  0.40712428  0.40712428  0.46928070  0.40053016  0.40053016  0.40712428  0.42726742  0.39399440  0.39399440  0.40053016  0.38109386  0.40712428  0.40712428  0.38751596  0.39399440  0.42726742  0.42049181  0.42726742  0.44100800  0.38751596  0.38109386  0.36841479  0.36841479  0.44100800  0.38109386  0.39399440  0.41377781  0.41377781  0.42049181  0.46211041  0.46928070  
93_0_0     0.25232694  0.24697516  0.22078295  0.22594761  0.21056073  0.21056073  0.00000000  0.01154007  0.05959270  0.16623477  0.34369153  0.33763790  0.32567749  0.32567749  0.31976914  0.35594972  0.34369153  0.34369153  0.35594972  0.44100800  0.40712428  0.36841479  0.36215596  0.39399440  0.39399440  0.36215596  0.34979519  0.34979519  0.41377781  0.40053016  0.37472712  0.37472712  0.37472712  0.33763790  0.33763790  0.33763790  0.34979519  0.35594972  0.35594972  0.34979519  0.38109386  0.38109386  0.38751596  0.36841479  0.38751596  0.39399440  0.38751596  0.40712428  0.40712428  0.40712428  0.38751596  0.38751596  0.38751596  0.36841479  0.36841479  0.35594972  0.35594972  0.36215596  0.34979519  0.34979519  0.38751596  0.38109386  0.37472712  0.38109386  0.37472712  0.34369153  0.35594972  0.31390768  0.30809238  0.33163349  0.33763790  0.39399440  0.40712428  0.36215596  0.37472712  0.38751596  0.33163349  0.33163349  0.33163349  0.35594972  0.36215596  0.36841479  0.39399440  0.39399440  0.40712428  0.38109386  0.37472712  0.40712428  0.40712428  0.40053016  0.41377781  0.32567749  0.34979519  0.33763790  0.34369153  0.34979519  0.39399440  0.39399440  0.37472712  0.37472712  0.37472712  0.38109386  0.37472712  0.39399440  0.38751596  0.40053016  0.42049181  0.38109386  0.36215596  0.40053016  0.40053016  0.42049181  0.38109386  0.41377781  0.40712428  0.41377781  0.40053016  0.41377781  0.40053016  
99_0_0     0.25771778  0.25232694  0.22594761  0.23114864  0.20550220  0.20550220  0.01154007  0.00000000  0.06374186  0.17103054  0.32567749  0.33163349  0.30809238  0.30809238  0.30232250  0.34979519  0.34979519  0.34979519  0.34979519  0.42049181  0.40053016  0.36841479  0.36215596  0.40712428  0.40712428  0.37472712  0.36215596  0.36215596  0.41377781  0.40053016  0.37472712  0.37472712  0.37472712  0.34979519  0.34979519  0.34979519  0.36215596  0.36841479  0.36841479  0.36215596  0.38109386  0.38109386  0.38109386  0.36215596  0.39399440  0.38751596  0.36841479  0.41377781  0.38751596  0.38751596  0.38109386  0.36841479  0.36841479  0.34979519  0.34979519  0.33763790  0.33763790  0.34369153  0.33163349  0.33163349  0.36841479  0.36215596  0.36841479  0.36215596  0.35594972  0.33763790  0.34979519  0.29659735  0.30232250  0.32567749  0.33163349  0.37472712  0.38751596  0.35594972  0.36841479  0.38109386  0.34369153  0.34369153  0.34369153  0.35594972  0.36215596  0.36841479  0.39399440  0.39399440  0.40712428  0.38109386  0.36841479  0.40053016  0.40053016  0.40712428  0.39399440  0.33163349  0.33163349  0.33163349  0.33763790  0.34369153  0.37472712  0.38751596  0.36841479  0.36841479  0.36841479  0.40053016  0.36841479  0.38751596  0.38109386  0.39399440  0.41377781  0.37472712  0.35594972  0.39399440  0.39399440  0.41377781  0.36215596  0.40053016  0.40053016  0.40712428  0.40712428  0.40712428  0.40712428  
92_0_0     0.29091624  0.25771778  0.23638655  0.24166188  0.23638655  0.23638655  0.05959270  0.06374186  0.00000000  0.17103054  0.34369153  0.33763790  0.36215596  0.37472712  0.33763790  0.38751596  0.34979519  0.34979519  0.36215596  0.44797536  0.40053016  0.36215596  0.36841479  0.40053016  0.40053016  0.36841479  0.35594972  0.35594972  0.42049181  0.40712428  0.38109386  0.38109386  0.38109386  0.34369153  0.34369153  0.35594972  0.35594972  0.36215596  0.36215596  0.35594972  0.38751596  0.38751596  0.41377781  0.39399440  0.42049181  0.42049181  0.41377781  0.43410575  0.41377781  0.41377781  0.40712428  0.38751596  0.38751596  0.37472712  0.38751596  0.37472712  0.37472712  0.37472712  0.36841479  0.36841479  0.39399440  0.38751596  0.36841479  0.37472712  0.38109386  0.33763790  0.33163349  0.31390768  0.31976914  0.35594972  0.35594972  0.38751596  0.40053016  0.34979519  0.36841479  0.38109386  0.34979519  0.34979519  0.34979519  0.38751596  0.36841479  0.37472712  0.39399440  0.39399440  0.40712428  0.35594972  0.40712428  0.41377781  0.41377781  0.40712428  0.40053016  0.33763790  0.35594972  0.34369153  0.36215596  0.35594972  0.42726742  0.42726742  0.42049181  0.41377781  0.41377781  0.43410575  0.40712428  0.42049181  0.41377781  0.46211041  0.44100800  0.40053016  0.39399440  0.43410575  0.43410575  0.43410575  0.41377781  0.42049181  0.40053016  0.42049181  0.42049181  0.40712428  0.39399440  
96_0_0     0.33763790  0.33763790  0.29091624  0.29659735  0.31390768  0.31390768  0.16623477  0.17103054  0.17103054  0.00000000  0.37472712  0.37472712  0.42049181  0.40712428  0.42726742  0.42726742  0.38109386  0.38109386  0.36841479  0.44100800  0.40712428  0.42049181  0.42049181  0.44100800  0.44100800  0.42049181  0.40712428  0.40712428  0.44100800  0.42726742  0.40712428  0.39399440  0.39399440  0.38751596  0.38751596  0.38751596  0.38751596  0.39399440  0.38751596  0.39399440  0.39399440  0.39399440  0.41377781  0.42049181  0.43410575  0.44797536  0.44100800  0.42726742  0.43410575  0.43410575  0.42726742  0.40712428  0.41377781  0.42726742  0.42726742  0.43410575  0.44797536  0.42726742  0.42049181  0.42049181  0.40712428  0.40053016  0.38109386  0.38751596  0.39399440  0.38109386  0.37472712  0.34979519  0.33163349  0.39399440  0.35594972  0.44100800  0.46928070  0.40712428  0.44797536  0.45500907  0.33763790  0.33763790  0.33763790  0.34369153  0.34979519  0.35594972  0.38751596  0.38751596  0.40053016  0.35594972  0.38109386  0.38751596  0.38751596  0.38109386  0.41377781  0.34979519  0.38109386  0.36841479  0.37472712  0.37472712  0.42049181  0.42049181  0.40712428  0.39399440  0.39399440  0.41377781  0.38109386  0.38109386  0.38751596  0.39399440  0.44100800  0.39399440  0.35594972  0.38109386  0.38109386  0.42726742  0.39399440  0.42049181  0.41377781  0.42049181  0.42049181  0.43410575  0.36841479  
98_0_0     0.45500907  0.41377781  0.34979519  0.35594972  0.38751596  0.38751596  0.34369153  0.32567749  0.34369153  0.37472712  0.00000000  0.08484466  0.34979519  0.35594972  0.33763790  0.35594972  0.40712428  0.40712428  0.44100800  0.39399440  0.41377781  0.40053016  0.39399440  0.42049181  0.42049181  0.39399440  0.39399440  0.39399440  0.40053016  0.39399440  0.40053016  0.37472712  0.37472712  0.38751596  0.38751596  0.38751596  0.40053016  0.39399440  0.37472712  0.38109386  0.40053016  0.40053016  0.36841479  0.38109386  0.42049181  0.41377781  0.38109386  0.38751596  0.39399440  0.38751596  0.39399440  0.38751596  0.40053016  0.35594972  0.38751596  0.36841479  0.38109386  0.38109386  0.35594972  0.36215596  0.36215596  0.35594972  0.35594972  0.34979519  0.34979519  0.35594972  0.35594972  0.31390768  0.31976914  0.31390768  0.29659735  0.43410575  0.42726742  0.43410575  0.42726742  0.42049181  0.35594972  0.35594972  0.35594972  0.37472712  0.41377781  0.41377781  0.39399440  0.39399440  0.39399440  0.42049181  0.41377781  0.40712428  0.40053016  0.40712428  0.41377781  0.39399440  0.38751596  0.41377781  0.41377781  0.42726742  0.41377781  0.42049181  0.38751596  0.40712428  0.40712428  0.41377781  0.39399440  0.39399440  0.38751596  0.43410575  0.38751596  0.38109386  0.38109386  0.38751596  0.38751596  0.45500907  0.38751596  0.41377781  0.42049181  0.41377781  0.41377781  0.42049181  0.43410575  
94_0_0     0.42726742  0.39399440  0.36841479  0.37472712  0.36841479  0.36841479  0.33763790  0.33163349  0.33763790  0.37472712  0.08484466  0.00000000  0.35594972  0.38751596  0.34979519  0.36841479  0.38751596  0.38751596  0.40712428  0.40712428  0.39399440  0.40053016  0.37472712  0.39399440  0.39399440  0.36215596  0.36215596  0.36215596  0.41377781  0.40712428  0.40053016  0.38751596  0.38751596  0.39399440  0.39399440  0.39399440  0.40053016  0.39399440  0.38109386  0.37472712  0.41377781  0.41377781  0.38751596  0.39399440  0.43410575  0.43410575  0.41377781  0.42049181  0.40053016  0.40712428  0.40053016  0.39399440  0.41377781  0.36841479  0.38751596  0.37472712  0.38751596  0.37472712  0.34979519  0.35594972  0.36215596  0.35594972  0.35594972  0.36215596  0.34979519  0.34369153  0.34369153  0.33163349  0.33163349  0.37472712  0.31390768  0.44797536  0.43410575  0.43410575  0.44100800  0.44100800  0.36215596  0.36215596  0.36215596  0.40712428  0.42049181  0.42726742  0.41377781  0.41377781  0.42726742  0.40712428  0.43410575  0.40712428  0.40053016  0.39399440  0.41377781  0.41377781  0.43410575  0.43410575  0.44797536  0.44797536  0.39399440  0.40053016  0.38109386  0.38751596  0.38751596  0.40712428  0.37472712  0.40712428  0.40053016  0.44100800  0.40712428  0.35594972  0.37472712  0.39399440  0.39399440  0.45500907  0.38109386  0.40712428  0.40053016  0.39399440  0.39399440  0.40712428  0.43410575  
74_14_0    0.43410575  0.44100800  0.40712428  0.41377781  0.39399440  0.39399440  0.32567749  0.30809238  0.36215596  0.42049181  0.34979519  0.35594972  0.00000000  0.05546673  0.10656820  0.09780196  0.19053120  0.19053120  0.24697516  0.24166188  0.22078295  0.30232250  0.29091624  0.31390768  0.31390768  0.30232250  0.29091624  0.29091624  0.33163349  0.31976914  0.31390768  0.30809238  0.30809238  0.30232250  0.30232250  0.29091624  0.30809238  0.30232250  0.30232250  0.29659735  0.30809238  0.30809238  0.34979519  0.33163349  0.35594972  0.36215596  0.33763790  0.36215596  0.34979519  0.33163349  0.32567749  0.33163349  0.35594972  0.31976914  0.32567749  0.31390768  0.31390768  0.33163349  0.28527850  0.29091624  0.30809238  0.30809238  0.30232250  0.29659735  0.30232250  0.31390768  0.32567749  0.26861896  0.26861896  0.25232694  0.27968346  0.33163349  0.34369153  0.30232250  0.28527850  0.28527850  0.31976914  0.31976914  0.31976914  0.32567749  0.34979519  0.35594972  0.32567749  0.32567749  0.32567749  0.36215596  0.30232250  0.30809238  0.30232250  0.30809238  0.36215596  0.32567749  0.32567749  0.31390768  0.34979519  0.32567749  0.31390768  0.32567749  0.30232250  0.31390768  0.31390768  0.34369153  0.30809238  0.33163349  0.33763790  0.30809238  0.40053016  0.33763790  0.30809238  0.32567749  0.32567749  0.38109386  0.30809238  0.33763790  0.37472712  0.37472712  0.37472712  0.40712428  0.37472712  
82_14_0    0.44797536  0.46928070  0.39399440  0.40053016  0.38751596  0.38751596  0.32567749  0.30809238  0.37472712  0.40712428  0.35594972  0.38751596  0.05546673  0.00000000  0.10656820  0.08913855  0.19548789  0.19548789  0.22594761  0.24697516  0.21056073  0.29659735  0.28527850  0.30809238  0.30809238  0.29659735  0.29659735  0.29659735  0.31390768  0.30232250  0.31390768  0.29091624  0.29091624  0.29659735  0.29659735  0.28527850  0.30232250  0.29659735  0.29659735  0.29091624  0.27968346  0.27968346  0.34979519  0.31976914  0.33163349  0.32567749  0.31390768  0.33163349  0.33163349  0.31390768  0.30809238  0.31390768  0.33763790  0.31390768  0.31976914  0.30809238  0.30809238  0.32567749  0.26861896  0.27413049  0.29659735  0.29659735  0.29091624  0.28527850  0.29091624  0.29091624  0.30232250  0.26861896  0.26861896  0.25771778  0.27413049  0.34979519  0.37472712  0.33163349  0.31390768  0.31390768  0.30809238  0.30809238  0.30809238  0.30232250  0.33763790  0.34369153  0.31390768  0.31390768  0.31390768  0.34979519  0.28527850  0.30232250  0.29659735  0.30232250  0.36841479  0.32567749  0.32567749  0.31390768  0.34979519  0.33763790  0.30809238  0.33163349  0.30232250  0.31390768  0.31390768  0.34369153  0.30809238  0.33163349  0.33763790  0.30232250  0.39399440  0.33763790  0.30809238  0.31976914  0.31976914  0.36841479  0.30809238  0.32567749  0.36841479  0.34369153  0.35594972  0.38751596  0.37472712  
74_17_0    0.47652128  0.45500907  0.38751596  0.39399440  0.39399440  0.39399440  0.31976914  0.30232250  0.33763790  0.42726742  0.33763790  0.34979519  0.10656820  0.10656820  0.00000000  0.07211076  0.22078295  0.22078295  0.27413049  0.29659735  0.25232694  0.27413049  0.26314826  0.30232250  0.30232250  0.29091624  0.28527850  0.28527850  0.29091624  0.27968346  0.27968346  0.27968346  0.27968346  0.27968346  0.27968346  0.29091624  0.29659735  0.29091624  0.29091624  0.28527850  0.33163349  0.33163349  0.38751596  0.35594972  0.36841479  0.37472712  0.36215596  0.36215596  0.33763790  0.33163349  0.32567749  0.33163349  0.34979519  0.32567749  0.33163349  0.31976914  0.31976914  0.33163349  0.29091624  0.29659735  0.30809238  0.30809238  0.30232250  0.29659735  0.30232250  0.29659735  0.30232250  0.26314826  0.26314826  0.25771778  0.28527850  0.38109386  0.38109386  0.33763790  0.33763790  0.33763790  0.30809238  0.30809238  0.30809238  0.31976914  0.36215596  0.36841479  0.33163349  0.33163349  0.33163349  0.38109386  0.31390768  0.31976914  0.31390768  0.31976914  0.35594972  0.34979519  0.36215596  0.34979519  0.37472712  0.36215596  0.32567749  0.33763790  0.33163349  0.33763790  0.33763790  0.36215596  0.32567749  0.33763790  0.34369153  0.34369153  0.40053016  0.35594972  0.33163349  0.36841479  0.36841479  0.39399440  0.33163349  0.33763790  0.34369153  0.33163349  0.34369153  0.37472712  0.38109386  
82_17_0    0.51382882  0.52152192  0.42049181  0.42726742  0.43410575  0.43410575  0.35594972  0.34979519  0.38751596  0.42726742  0.35594972  0.36841479  0.09780196  0.08913855  0.07211076  0.00000000  0.20550220  0.20550220  0.26314826  0.29091624  0.24166188  0.29659735  0.28527850  0.31390768  0.31390768  0.30232250  0.29659735  0.29659735  0.33763790  0.32567749  0.32567749  0.30809238  0.30809238  0.30809238  0.30809238  0.29659735  0.31976914  0.31390768  0.32567749  0.31976914  0.31976914  0.31976914  0.37472712  0.34369153  0.35594972  0.36215596  0.34979519  0.35594972  0.34979519  0.34369153  0.33763790  0.34369153  0.37472712  0.33763790  0.34369153  0.33163349  0.33163349  0.34369153  0.30232250  0.30809238  0.33163349  0.33163349  0.32567749  0.31976914  0.32567749  0.31976914  0.31390768  0.27968346  0.26861896  0.27413049  0.28527850  0.37472712  0.39399440  0.34369153  0.33763790  0.33763790  0.31390768  0.31390768  0.31390768  0.33763790  0.36215596  0.36841479  0.33163349  0.33163349  0.33163349  0.36841479  0.29659735  0.32567749  0.31976914  0.32567749  0.38751596  0.34979519  0.36215596  0.34979519  0.38751596  0.37472712  0.33163349  0.35594972  0.31390768  0.32567749  0.32567749  0.35594972  0.31976914  0.33163349  0.33763790  0.31390768  0.39399440  0.36215596  0.31976914  0.33763790  0.33763790  0.38751596  0.33763790  0.34369153  0.38751596  0.36215596  0.37472712  0.42049181  0.40053016  
28_14_0    0.46211041  0.48383355  0.42726742  0.43410575  0.39399440  0.39399440  0.34369153  0.34979519  0.34979519  0.38109386  0.40712428  0.38751596  0.19053120  0.19548789  0.22078295  0.20550220  0.00000000  0.00000000  0.17103054  0.21056073  0.14735719  0.26861896  0.27968346  0.27413049  0.27413049  0.25771778  0.25771778  0.25771778  0.30232250  0.29091624  0.28527850  0.27413049  0.27413049  0.27968346  0.27968346  0.27413049  0.26861896  0.27413049  0.26861896  0.27413049  0.26314826  0.26314826  0.33763790  0.33163349  0.30232250  0.31390768  0.32567749  0.33763790  0.34369153  0.33163349  0.33763790  0.34369153  0.34979519  0.34369153  0.34979519  0.32567749  0.32567749  0.34979519  0.29659735  0.31390768  0.33763790  0.33163349  0.32567749  0.33163349  0.32567749  0.31976914  0.34369153  0.26314826  0.25232694  0.26861896  0.29659735  0.31976914  0.35594972  0.31976914  0.31976914  0.34369153  0.31976914  0.31976914  0.31976914  0.30809238  0.31976914  0.32567749  0.29659735  0.29659735  0.29659735  0.30232250  0.33763790  0.34369153  0.34979519  0.34369153  0.32567749  0.31976914  0.32567749  0.31976914  0.35594972  0.35594972  0.31976914  0.33163349  0.32567749  0.33763790  0.33763790  0.34369153  0.33163349  0.35594972  0.36215596  0.34369153  0.41377781  0.36841479  0.29659735  0.30809238  0.30809238  0.34979519  0.30232250  0.33163349  0.35594972  0.36841479  0.37472712  0.42049181  0.38751596  
59_14_0    0.46211041  0.48383355  0.42726742  0.43410575  0.39399440  0.39399440  0.34369153  0.34979519  0.34979519  0.38109386  0.40712428  0.38751596  0.19053120  0.19548789  0.22078295  0.20550220  0.00000000  0.00000000  0.17103054  0.21056073  0.14735719  0.26861896  0.27968346  0.27413049  0.27413049  0.25771778  0.25771778  0.25771778  0.30232250  0.29091624  0.28527850  0.27413049  0.27413049  0.27968346  0.27968346  0.27413049  0.26861896  0.27413049  0.26861896  0.27413049  0.26314826  0.26314826  0.33763790  0.33163349  0.30232250  0.31390768  0.32567749  0.33763790  0.34369153  0.33163349  0.33763790  0.34369153  0.34979519  0.34369153  0.34979519  0.32567749  0.32567749  0.34979519  0.29659735  0.31390768  0.33763790  0.33163349  0.32567749  0.33163349  0.32567749  0.31976914  0.34369153  0.26314826  0.25232694  0.26861896  0.29659735  0.31976914  0.35594972  0.31976914  0.31976914  0.34369153  0.31976914  0.31976914  0.31976914  0.30809238  0.31976914  0.32567749  0.29659735  0.29659735  0.29659735  0.30232250  0.33763790  0.34369153  0.34979519  0.34369153  0.32567749  0.31976914  0.32567749  0.31976914  0.35594972  0.35594972  0.31976914  0.33163349  0.32567749  0.33763790  0.33763790  0.34369153  0.33163349  0.35594972  0.36215596  0.34369153  0.41377781  0.36841479  0.29659735  0.30809238  0.30809238  0.34979519  0.30232250  0.33163349  0.35594972  0.36841479  0.37472712  0.42049181  0.38751596  
33_14_0    0.47652128  0.49121894  0.38751596  0.39399440  0.39399440  0.39399440  0.35594972  0.34979519  0.36215596  0.36841479  0.44100800  0.40712428  0.24697516  0.22594761  0.27413049  0.26314826  0.17103054  0.17103054  0.00000000  0.14271223  0.07633105  0.31976914  0.31390768  0.34369153  0.34369153  0.32567749  0.32567749  0.32567749  0.31976914  0.30809238  0.31390768  0.31390768  0.31390768  0.31976914  0.31976914  0.30809238  0.30809238  0.31390768  0.34979519  0.33163349  0.31390768  0.31390768  0.40712428  0.38109386  0.38751596  0.36841479  0.35594972  0.38109386  0.32567749  0.30809238  0.31390768  0.30809238  0.31976914  0.34979519  0.34979519  0.33763790  0.34979519  0.34979519  0.33163349  0.32567749  0.35594972  0.33763790  0.34369153  0.34979519  0.33163349  0.31390768  0.33763790  0.29091624  0.29091624  0.33763790  0.31390768  0.36215596  0.37472712  0.36215596  0.38751596  0.38109386  0.36215596  0.36215596  0.36215596  0.37472712  0.41377781  0.42049181  0.36841479  0.36841479  0.36841479  0.38751596  0.42049181  0.40053016  0.39399440  0.38751596  0.36215596  0.33163349  0.34979519  0.32567749  0.36215596  0.36215596  0.34369153  0.34369153  0.36215596  0.34979519  0.34979519  0.37472712  0.35594972  0.37472712  0.38109386  0.35594972  0.46211041  0.36841479  0.34369153  0.36841479  0.36841479  0.39399440  0.34979519  0.36215596  0.38751596  0.39399440  0.40712428  0.41377781  0.38109386  
13_14_0    0.54509404  0.53715278  0.45500907  0.46211041  0.45500907  0.45500907  0.44100800  0.42049181  0.44797536  0.44100800  0.39399440  0.40712428  0.24166188  0.24697516  0.29659735  0.29091624  0.21056073  0.21056073  0.14271223  0.00000000  0.08913855  0.35594972  0.33763790  0.38109386  0.38109386  0.36215596  0.36215596  0.36215596  0.34369153  0.34979519  0.36841479  0.34369153  0.34369153  0.35594972  0.35594972  0.34979519  0.34979519  0.34369153  0.37472712  0.36841479  0.36841479  0.36841479  0.42049181  0.41377781  0.42049181  0.40053016  0.40053016  0.37472712  0.40053016  0.38751596  0.39399440  0.38751596  0.40712428  0.39399440  0.39399440  0.40712428  0.41377781  0.40712428  0.37472712  0.39399440  0.42049181  0.40053016  0.39399440  0.38751596  0.39399440  0.38751596  0.41377781  0.34369153  0.33763790  0.36215596  0.36215596  0.42726742  0.44100800  0.44797536  0.41377781  0.45500907  0.44797536  0.44797536  0.44797536  0.40053016  0.44797536  0.45500907  0.45500907  0.45500907  0.45500907  0.44797536  0.43410575  0.40712428  0.41377781  0.42049181  0.41377781  0.42726742  0.42049181  0.43410575  0.43410575  0.42049181  0.37472712  0.38751596  0.40053016  0.42049181  0.42049181  0.46211041  0.40053016  0.42049181  0.42726742  0.40053016  0.46928070  0.40053016  0.38751596  0.38109386  0.38109386  0.42726742  0.36841479  0.42049181  0.42049181  0.42049181  0.42049181  0.44100800  0.45500907  
67_14_0    0.53715278  0.53715278  0.40712428  0.41377781  0.40712428  0.40712428  0.40712428  0.40053016  0.40053016  0.40712428  0.41377781  0.39399440  0.22078295  0.21056073  0.25232694  0.24166188  0.14735719  0.14735719  0.07633105  0.08913855  0.00000000  0.30809238  0.30232250  0.33163349  0.33163349  0.31390768  0.31390768  0.31390768  0.30809238  0.30232250  0.30809238  0.29659735  0.29659735  0.30809238  0.30809238  0.30232250  0.29091624  0.29659735  0.32567749  0.31976914  0.31976914  0.31976914  0.38109386  0.36841479  0.37472712  0.35594972  0.36841479  0.35594972  0.34979519  0.33763790  0.34369153  0.33763790  0.34369153  0.34979519  0.34369153  0.36215596  0.37472712  0.36215596  0.33163349  0.33763790  0.36215596  0.34369153  0.34979519  0.34369153  0.33763790  0.31976914  0.34369153  0.29659735  0.29091624  0.31976914  0.31976914  0.35594972  0.37472712  0.34979519  0.34979519  0.36841479  0.38751596  0.38751596  0.38751596  0.36841479  0.37472712  0.38109386  0.36841479  0.36841479  0.36841479  0.39399440  0.40053016  0.37472712  0.36841479  0.37472712  0.40053016  0.40053016  0.40712428  0.42049181  0.44797536  0.43410575  0.36841479  0.39399440  0.36215596  0.38109386  0.38109386  0.40712428  0.36841479  0.39399440  0.40053016  0.38751596  0.46211041  0.36841479  0.34369153  0.36841479  0.36841479  0.40712428  0.36215596  0.36841479  0.40053016  0.40053016  0.41377781  0.43410575  0.42726742  
89_14_0    0.52152192  0.49867892  0.45500907  0.46211041  0.42726742  0.42726742  0.36841479  0.36841479  0.36215596  0.42049181  0.40053016  0.40053016  0.30232250  0.29659735  0.27413049  0.29659735  0.26861896  0.26861896  0.31976914  0.35594972  0.30809238  0.00000000  0.02326332  0.07633105  0.07633105  0.05136367  0.04322531  0.04322531  0.11099065  0.10217207  0.08484466  0.07633105  0.07633105  0.06374186  0.06374186  0.06374186  0.08484466  0.08057559  0.08057559  0.06791446  0.13809631  0.13809631  0.38109386  0.36215596  0.33763790  0.36215596  0.35594972  0.31390768  0.31976914  0.31976914  0.31390768  0.31976914  0.33763790  0.33763790  0.34979519  0.34369153  0.34369153  0.36841479  0.30809238  0.31390768  0.30809238  0.28527850  0.27413049  0.27968346  0.28527850  0.31976914  0.31976914  0.27413049  0.27968346  0.27413049  0.26861896  0.38109386  0.46211041  0.38109386  0.37472712  0.38751596  0.31976914  0.31976914  0.31976914  0.31390768  0.32567749  0.33163349  0.30232250  0.30232250  0.31390768  0.33163349  0.33763790  0.34979519  0.35594972  0.34979519  0.31976914  0.34979519  0.38109386  0.36215596  0.39399440  0.38751596  0.34979519  0.35594972  0.36841479  0.37472712  0.37472712  0.38109386  0.34979519  0.39399440  0.38751596  0.41377781  0.41377781  0.39399440  0.34979519  0.36841479  0.36841479  0.40712428  0.36215596  0.34979519  0.36215596  0.34979519  0.36215596  0.36841479  0.40053016  
41_14_0    0.52929600  0.50621503  0.42726742  0.43410575  0.41377781  0.41377781  0.36215596  0.36215596  0.36841479  0.42049181  0.39399440  0.37472712  0.29091624  0.28527850  0.26314826  0.28527850  0.27968346  0.27968346  0.31390768  0.33763790  0.30232250  0.02326332  0.00000000  0.06791446  0.06791446  0.04322531  0.03517566  0.03517566  0.10217207  0.09345755  0.07633105  0.06791446  0.06791446  0.06374186  0.06374186  0.06374186  0.07633105  0.07211076  0.07211076  0.05959270  0.13809631  0.13809631  0.37472712  0.34369153  0.31976914  0.35594972  0.34979519  0.31976914  0.31976914  0.30809238  0.30232250  0.30809238  0.32567749  0.33163349  0.32567749  0.31390768  0.31390768  0.33763790  0.27968346  0.28527850  0.29091624  0.26861896  0.25771778  0.26314826  0.26861896  0.29091624  0.29091624  0.27413049  0.26861896  0.26314826  0.25232694  0.38751596  0.46928070  0.36841479  0.37472712  0.38751596  0.32567749  0.32567749  0.32567749  0.31976914  0.33163349  0.33763790  0.29659735  0.29659735  0.30809238  0.32567749  0.33163349  0.34369153  0.34979519  0.34369153  0.31390768  0.36215596  0.39399440  0.37472712  0.39399440  0.38109386  0.33163349  0.33163349  0.35594972  0.36841479  0.36841479  0.38751596  0.33763790  0.36841479  0.36215596  0.38751596  0.40053016  0.38109386  0.33763790  0.35594972  0.35594972  0.40053016  0.34979519  0.33763790  0.36215596  0.33763790  0.34979519  0.36841479  0.40053016  
15_14_0    0.51382882  0.50621503  0.43410575  0.44100800  0.43410575  0.43410575  0.39399440  0.40712428  0.40053016  0.44100800  0.42049181  0.39399440  0.31390768  0.30809238  0.30232250  0.31390768  0.27413049  0.27413049  0.34369153  0.38109386  0.33163349  0.07633105  0.06791446  0.00000000  0.00000000  0.02326332  0.03118349  0.03118349  0.10656820  0.09780196  0.08913855  0.06374186  0.06374186  0.07633105  0.07633105  0.07633105  0.08913855  0.08484466  0.06791446  0.05546673  0.13350905  0.13350905  0.36841479  0.34979519  0.31390768  0.34979519  0.34369153  0.31390768  0.32567749  0.31390768  0.29659735  0.30232250  0.31390768  0.34979519  0.35594972  0.34369153  0.34369153  0.36841479  0.30809238  0.31390768  0.33763790  0.31390768  0.30232250  0.30809238  0.31390768  0.31976914  0.33163349  0.29659735  0.29091624  0.30232250  0.27968346  0.44797536  0.53715278  0.42726742  0.42049181  0.43410575  0.32567749  0.32567749  0.32567749  0.31390768  0.30809238  0.31390768  0.32567749  0.32567749  0.32567749  0.33763790  0.34369153  0.34369153  0.34979519  0.34369153  0.34369153  0.41377781  0.43410575  0.41377781  0.44100800  0.42726742  0.37472712  0.38109386  0.40712428  0.41377781  0.41377781  0.42049181  0.38751596  0.40053016  0.39399440  0.40053016  0.43410575  0.44797536  0.38751596  0.39399440  0.39399440  0.44100800  0.39399440  0.39399440  0.37472712  0.36215596  0.36215596  0.41377781  0.43410575  
21_14_0    0.51382882  0.50621503  0.43410575  0.44100800  0.43410575  0.43410575  0.39399440  0.40712428  0.40053016  0.44100800  0.42049181  0.39399440  0.31390768  0.30809238  0.30232250  0.31390768  0.27413049  0.27413049  0.34369153  0.38109386  0.33163349  0.07633105  0.06791446  0.00000000  0.00000000  0.02326332  0.03118349  0.03118349  0.10656820  0.09780196  0.08913855  0.06374186  0.06374186  0.07633105  0.07633105  0.07633105  0.08913855  0.08484466  0.06791446  0.05546673  0.13350905  0.13350905  0.36841479  0.34979519  0.31390768  0.34979519  0.34369153  0.31390768  0.32567749  0.31390768  0.29659735  0.30232250  0.31390768  0.34979519  0.35594972  0.34369153  0.34369153  0.36841479  0.30809238  0.31390768  0.33763790  0.31390768  0.30232250  0.30809238  0.31390768  0.31976914  0.33163349  0.29659735  0.29091624  0.30232250  0.27968346  0.44797536  0.53715278  0.42726742  0.42049181  0.43410575  0.32567749  0.32567749  0.32567749  0.31390768  0.30809238  0.31390768  0.32567749  0.32567749  0.32567749  0.33763790  0.34369153  0.34369153  0.34979519  0.34369153  0.34369153  0.41377781  0.43410575  0.41377781  0.44100800  0.42726742  0.37472712  0.38109386  0.40712428  0.41377781  0.41377781  0.42049181  0.38751596  0.40053016  0.39399440  0.40053016  0.43410575  0.44797536  0.38751596  0.39399440  0.39399440  0.44100800  0.39399440  0.39399440  0.37472712  0.36215596  0.36215596  0.41377781  0.43410575  
71_14_0    0.49121894  0.48383355  0.42726742  0.43410575  0.40053016  0.40053016  0.36215596  0.37472712  0.36841479  0.42049181  0.39399440  0.36215596  0.30232250  0.29659735  0.29091624  0.30232250  0.25771778  0.25771778  0.32567749  0.36215596  0.31390768  0.05136367  0.04322531  0.02326332  0.02326332  0.00000000  0.00767331  0.00767331  0.08913855  0.08057559  0.06374186  0.04728328  0.04728328  0.05136367  0.05136367  0.05136367  0.06374186  0.05959270  0.05136367  0.03918952  0.10656820  0.10656820  0.34979519  0.33163349  0.30809238  0.34369153  0.33763790  0.30809238  0.31390768  0.30232250  0.28527850  0.29091624  0.31390768  0.33763790  0.34369153  0.33163349  0.33163349  0.35594972  0.29659735  0.30232250  0.31976914  0.29659735  0.28527850  0.29091624  0.29659735  0.30809238  0.31976914  0.28527850  0.27968346  0.26861896  0.25232694  0.41377781  0.49867892  0.39399440  0.38751596  0.40053016  0.30809238  0.30809238  0.30809238  0.29659735  0.30232250  0.30809238  0.30232250  0.30232250  0.31390768  0.31976914  0.33763790  0.33763790  0.34369153  0.33763790  0.31390768  0.38109386  0.40053016  0.38109386  0.41377781  0.40053016  0.34979519  0.34979519  0.37472712  0.38109386  0.38109386  0.38751596  0.35594972  0.38109386  0.37472712  0.40712428  0.42049181  0.41377781  0.35594972  0.36215596  0.36215596  0.40712428  0.36215596  0.35594972  0.36841479  0.35594972  0.35594972  0.40053016  0.42049181  
25_14_0    0.50621503  0.48383355  0.42726742  0.43410575  0.40053016  0.40053016  0.34979519  0.36215596  0.35594972  0.40712428  0.39399440  0.36215596  0.29091624  0.29659735  0.28527850  0.29659735  0.25771778  0.25771778  0.32567749  0.36215596  0.31390768  0.04322531  0.03517566  0.03118349  0.03118349  0.00767331  0.00000000  0.00000000  0.08913855  0.08057559  0.05546673  0.04728328  0.04728328  0.04322531  0.04322531  0.04322531  0.05546673  0.05136367  0.04322531  0.03118349  0.10656820  0.10656820  0.35594972  0.33763790  0.31390768  0.34979519  0.34369153  0.31390768  0.31976914  0.30809238  0.29091624  0.29659735  0.31976914  0.33163349  0.33763790  0.32567749  0.32567749  0.34979519  0.29091624  0.29659735  0.31390768  0.29091624  0.27968346  0.28527850  0.29091624  0.31390768  0.31390768  0.27413049  0.26861896  0.26861896  0.25232694  0.40053016  0.48383355  0.38109386  0.37472712  0.38751596  0.29659735  0.29659735  0.29659735  0.29659735  0.29091624  0.29659735  0.29091624  0.29091624  0.30232250  0.30809238  0.32567749  0.32567749  0.33163349  0.32567749  0.30232250  0.36841479  0.38751596  0.36841479  0.40053016  0.38751596  0.33763790  0.33763790  0.36215596  0.36841479  0.36841479  0.37472712  0.34369153  0.37472712  0.36841479  0.39399440  0.40712428  0.40053016  0.34369153  0.36215596  0.36215596  0.40712428  0.34979519  0.34369153  0.35594972  0.34369153  0.34369153  0.38751596  0.40712428  
