11
10_0_0     0.00000000  0.03457102  0.03811772  0.07454211  0.08962380  0.04885989  0.04168132  0.04168132  0.03457102  0.04885989  0.04526199  
7_0_0      0.03457102  0.00000000  0.00338604  0.09728031  0.09728031  0.06342723  0.06342723  0.06342723  0.05610807  0.06342723  0.06711385  
11_0_0     0.03811772  0.00338604  0.00000000  0.09344225  0.10113817  0.05975869  0.06711385  0.06711385  0.05975869  0.06711385  0.07081875  
9_0_0      0.07454211  0.09728031  0.09344225  0.00000000  0.04168132  0.07081875  0.07828410  0.07828410  0.08204492  0.08582475  0.08204492  
1_0_0      0.08962380  0.09728031  0.10113817  0.04168132  0.00000000  0.08582475  0.09344225  0.09344225  0.08204492  0.08582475  0.08962380  
6_0_0      0.04885989  0.06342723  0.05975869  0.07081875  0.08582475  0.00000000  0.06342723  0.06342723  0.04885989  0.05975869  0.05610807  
8_0_0      0.04168132  0.06342723  0.06711385  0.07828410  0.09344225  0.06342723  0.00000000  0.00000000  0.04885989  0.05610807  0.05247520  
2_0_0      0.04168132  0.06342723  0.06711385  0.07828410  0.09344225  0.06342723  0.00000000  0.00000000  0.04885989  0.05610807  0.05247520  
5_0_0      0.03457102  0.05610807  0.05975869  0.08204492  0.08204492  0.04885989  0.04885989  0.04885989  0.00000000  0.02055018  0.01708567  
3_0_0      0.04885989  0.06342723  0.06711385  0.08582475  0.08582475  0.05975869  0.05610807  0.05610807  0.02055018  0.00000000  0.00338604  
4_0_0      0.04526199  0.06711385  0.07081875  0.08204492  0.08962380  0.05610807  0.05247520  0.05247520  0.01708567  0.00338604  0.00000000  

