192
7_0_0      0.00000000  0.26227713  0.54605641  0.56945860  0.63140637  0.55766540  0.51227933  0.51227933  0.47997083  0.51227933  0.49058504  0.49058504  0.55766540  0.50135303  0.49058504  0.49058504  0.55766540  0.54605641  0.55766540  0.55766540  0.55766540  0.54605641  0.55766540  0.63140637  0.52336867  0.50135303  0.51227933  0.51227933  0.53462597  0.51227933  0.51227933  0.51227933  0.51227933  0.52336867  0.54605641  0.53462597  0.87365310  0.54605641  0.55766540  0.53462597  0.53462597  0.54605641  0.54605641  0.53462597  0.54605641  0.54605641  0.52336867  0.53462597  0.54605641  0.54605641  0.53462597  0.61859685  0.61859685  0.58144196  0.58144196  0.61859685  0.64444055  0.65770739  0.61859685  0.43896787  0.43896787  0.38141620  0.41928463  0.41928463  0.53462597  0.51227933  0.59362170  0.52336867  0.51227933  0.54605641  0.43896787  0.49058504  0.52336867  0.53462597  0.51227933  0.54605641  0.53462597  0.55766540  0.56945860  0.54605641  0.54605641  0.54605641  0.54605641  0.69899095  0.60600437  0.68497341  0.60600437  0.64444055  0.60600437  0.60600437  0.68497341  0.71327795  0.44900850  0.53462597  0.51227933  0.50135303  0.46950607  0.47997083  0.47997083  0.59362170  0.64444055  0.60600437  0.56945860  0.56945860  0.50135303  0.68497341  0.68497341  0.59362170  0.58144196  0.64444055  0.59362170  0.64444055  0.67121537  0.59362170  0.60600437  0.69899095  0.60600437  0.61859685  0.55766540  0.58144196  0.61859685  0.58144196  0.59362170  0.56945860  0.56945860  0.77334176  0.87365310  0.91034263  0.94893785  0.71327795  0.77334176  0.75786464  0.75786464  0.72784499  0.72784499  0.78914806  0.69899095  0.68497341  0.69899095  0.69899095  0.87365310  0.87365310  0.87365310  0.85596592  0.91034263  0.55766540  0.59362170  0.61859685  0.61859685  0.60600437  0.59362170  0.60600437  0.59362170  0.72784499  0.71327795  0.63140637  0.63140637  0.71327795  0.71327795  0.71327795  0.72784499  0.74270326  0.71327795  0.64444055  0.64444055  0.67121537  0.68497341  0.69899095  0.63140637  0.59362170  0.60600437  0.75786464  0.71327795  0.92938974  0.96901405  1.17929143  1.15276603  0.53462597  0.56945860  0.58144196  0.58144196  0.50135303  0.52336867  0.51227933  0.53462597  0.53462597  0.85596592  0.87365310  0.87365310  0.94893785  1.05522561  0.92938974  
14_0_0     0.26227713  0.00000000  0.42906109  0.39070396  0.49058504  0.46950607  0.40010925  0.40010925  0.40963510  0.41928463  0.43896787  0.43896787  0.40963510  0.42906109  0.42906109  0.42906109  0.44900850  0.43896787  0.52336867  0.52336867  0.43896787  0.43896787  0.44900850  0.58144196  0.45918662  0.43896787  0.42906109  0.43896787  0.40010925  0.45918662  0.45918662  0.53462597  0.53462597  0.47997083  0.47997083  0.46950607  0.74270326  0.44900850  0.45918662  0.43896787  0.43896787  0.44900850  0.44900850  0.46950607  0.50135303  0.50135303  0.50135303  0.49058504  0.50135303  0.50135303  0.49058504  0.50135303  0.50135303  0.51227933  0.51227933  0.51227933  0.50135303  0.59362170  0.50135303  0.37224307  0.37224307  0.37224307  0.38141620  0.36318179  0.49058504  0.44900850  0.54605641  0.36318179  0.38141620  0.39070396  0.34538405  0.36318179  0.38141620  0.42906109  0.37224307  0.41928463  0.47997083  0.49058504  0.50135303  0.45918662  0.45918662  0.43896787  0.43896787  0.60600437  0.49058504  0.63140637  0.50135303  0.51227933  0.45918662  0.45918662  0.54605641  0.56945860  0.37224307  0.49058504  0.45918662  0.40963510  0.44900850  0.41928463  0.39070396  0.56945860  0.71327795  0.59362170  0.59362170  0.58144196  0.44900850  0.49058504  0.51227933  0.45918662  0.43896787  0.52336867  0.52336867  0.54605641  0.55766540  0.55766540  0.56945860  0.54605641  0.60600437  0.61859685  0.63140637  0.59362170  0.59362170  0.63140637  0.65770739  0.63140637  0.60600437  0.74270326  0.69899095  0.74270326  0.78914806  0.74270326  0.69899095  0.69899095  0.67121537  0.67121537  0.67121537  0.60600437  0.61859685  0.61859685  0.59362170  0.56945860  0.82180634  0.77334176  0.77334176  0.75786464  0.80529783  0.51227933  0.52336867  0.56945860  0.50135303  0.60600437  0.59362170  0.49058504  0.58144196  0.67121537  0.63140637  0.59362170  0.59362170  0.63140637  0.63140637  0.63140637  0.63140637  0.72784499  0.61859685  0.58144196  0.60600437  0.60600437  0.61859685  0.63140637  0.54605641  0.54605641  0.53462597  0.52336867  0.58144196  1.01087048  1.01087048  1.03271721  1.05522561  0.50135303  0.42906109  0.55766540  0.45918662  0.45918662  0.46950607  0.43896787  0.44900850  0.44900850  0.74270326  0.78914806  0.78914806  0.77334176  1.01087048  0.82180634  
34_0_0     0.54605641  0.42906109  0.00000000  0.13272267  0.45918662  0.47997083  0.42906109  0.42906109  0.40963510  0.38141620  0.37224307  0.37224307  0.39070396  0.39070396  0.34538405  0.37224307  0.40010925  0.38141620  0.37224307  0.37224307  0.37224307  0.38141620  0.38141620  0.65770739  0.45918662  0.39070396  0.35422965  0.35422965  0.36318179  0.32800258  0.32800258  0.39070396  0.39070396  0.36318179  0.36318179  0.35422965  0.65770739  0.44900850  0.45918662  0.43896787  0.43896787  0.44900850  0.44900850  0.45918662  0.40963510  0.40963510  0.42906109  0.41928463  0.40963510  0.40963510  0.43896787  0.40963510  0.40963510  0.41928463  0.41928463  0.40010925  0.41928463  0.58144196  0.35422965  0.40963510  0.40963510  0.35422965  0.38141620  0.36318179  0.38141620  0.39070396  0.45918662  0.35422965  0.32800258  0.36318179  0.27018191  0.33664250  0.39070396  0.38141620  0.37224307  0.44900850  0.44900850  0.42906109  0.46950607  0.43896787  0.43896787  0.45918662  0.46950607  0.54605641  0.50135303  0.53462597  0.40010925  0.42906109  0.40010925  0.40010925  0.44900850  0.44900850  0.27817166  0.40010925  0.35422965  0.30266956  0.29441355  0.31946194  0.31946194  0.64444055  0.69899095  0.69899095  0.58144196  0.65770739  0.43896787  0.60600437  0.63140637  0.60600437  0.58144196  0.58144196  0.58144196  0.59362170  0.59362170  0.55766540  0.59362170  0.54605641  0.54605641  0.60600437  0.55766540  0.63140637  0.64444055  0.55766540  0.56945860  0.67121537  0.60600437  0.68497341  0.82180634  0.80529783  0.91034263  0.64444055  0.69899095  0.69899095  0.68497341  0.74270326  0.77334176  0.64444055  0.60600437  0.67121537  0.64444055  0.55766540  0.69899095  0.71327795  0.71327795  0.69899095  0.65770739  0.56945860  0.55766540  0.55766540  0.55766540  0.64444055  0.68497341  0.64444055  0.68497341  0.64444055  0.64444055  0.59362170  0.55766540  0.64444055  0.64444055  0.64444055  0.63140637  0.64444055  0.63140637  0.58144196  0.59362170  0.60600437  0.59362170  0.58144196  0.69899095  0.54605641  0.55766540  0.60600437  0.63140637  1.12715480  1.03271721  1.47362458  1.12715480  0.54605641  0.55766540  0.68497341  0.59362170  0.59362170  0.59362170  0.60600437  0.55766540  0.55766540  0.69899095  0.71327795  0.71327795  0.80529783  0.89177148  0.82180634  
4_0_0      0.56945860  0.39070396  0.13272267  0.00000000  0.43896787  0.40010925  0.35422965  0.35422965  0.37224307  0.34538405  0.33664250  0.33664250  0.33664250  0.35422965  0.32800258  0.39070396  0.39070396  0.39070396  0.36318179  0.36318179  0.38141620  0.39070396  0.37224307  0.65770739  0.43896787  0.42906109  0.39070396  0.38141620  0.40010925  0.32800258  0.32800258  0.37224307  0.37224307  0.40010925  0.36318179  0.37224307  0.60600437  0.43896787  0.44900850  0.44900850  0.44900850  0.43896787  0.43896787  0.42906109  0.41928463  0.41928463  0.43896787  0.40963510  0.43896787  0.43896787  0.40963510  0.36318179  0.36318179  0.40963510  0.40963510  0.37224307  0.39070396  0.53462597  0.38141620  0.35422965  0.35422965  0.35422965  0.32800258  0.32800258  0.33664250  0.34538405  0.36318179  0.31946194  0.29441355  0.32800258  0.27018191  0.35422965  0.39070396  0.39070396  0.35422965  0.35422965  0.39070396  0.37224307  0.40010925  0.42906109  0.42906109  0.42906109  0.43896787  0.52336867  0.43896787  0.60600437  0.44900850  0.40010925  0.39070396  0.39070396  0.41928463  0.41928463  0.23147289  0.41928463  0.37224307  0.27018191  0.28624824  0.30266956  0.28624824  0.59362170  0.69899095  0.61859685  0.51227933  0.55766540  0.41928463  0.58144196  0.63140637  0.54605641  0.52336867  0.56945860  0.56945860  0.56945860  0.55766540  0.53462597  0.54605641  0.54605641  0.55766540  0.67121537  0.56945860  0.68497341  0.64444055  0.59362170  0.61859685  0.65770739  0.59362170  0.58144196  0.75786464  0.74270326  0.78914806  0.64444055  0.63140637  0.61859685  0.65770739  0.71327795  0.77334176  0.61859685  0.60600437  0.69899095  0.67121537  0.59362170  0.74270326  0.75786464  0.75786464  0.74270326  0.68497341  0.54605641  0.55766540  0.53462597  0.55766540  0.59362170  0.60600437  0.55766540  0.68497341  0.69899095  0.64444055  0.65770739  0.64444055  0.68497341  0.68497341  0.68497341  0.69899095  0.68497341  0.69899095  0.67121537  0.63140637  0.69899095  0.68497341  0.67121537  0.69899095  0.53462597  0.54605641  0.71327795  0.67121537  1.12715480  1.03271721  1.39741651  1.23536324  0.55766540  0.52336867  0.61859685  0.54605641  0.55766540  0.52336867  0.53462597  0.51227933  0.51227933  0.72784499  0.71327795  0.71327795  0.83868989  0.98964765  0.82180634  
4_3_0      0.63140637  0.49058504  0.45918662  0.43896787  0.00000000  0.24671543  0.25445555  0.25445555  0.25445555  0.23905508  0.23905508  0.23905508  0.33664250  0.38141620  0.37224307  0.40010925  0.49058504  0.45918662  0.44900850  0.44900850  0.49058504  0.47997083  0.47997083  0.55766540  0.45918662  0.36318179  0.31946194  0.33664250  0.32800258  0.33664250  0.33664250  0.32800258  0.32800258  0.32800258  0.32800258  0.31946194  0.69899095  0.58144196  0.56945860  0.56945860  0.56945860  0.58144196  0.58144196  0.52336867  0.51227933  0.51227933  0.49058504  0.50135303  0.46950607  0.46950607  0.47997083  0.42906109  0.42906109  0.43896787  0.43896787  0.41928463  0.41928463  0.59362170  0.47997083  0.40010925  0.40010925  0.40963510  0.42906109  0.40963510  0.40010925  0.45918662  0.44900850  0.26227713  0.25445555  0.24671543  0.25445555  0.41928463  0.41928463  0.46950607  0.40963510  0.53462597  0.47997083  0.53462597  0.53462597  0.46950607  0.46950607  0.44900850  0.45918662  0.53462597  0.43896787  0.56945860  0.40010925  0.47997083  0.51227933  0.51227933  0.45918662  0.45918662  0.26227713  0.35422965  0.36318179  0.31101832  0.36318179  0.33664250  0.37224307  0.47997083  0.58144196  0.59362170  0.52336867  0.59362170  0.50135303  0.65770739  0.65770739  0.65770739  0.65770739  0.58144196  0.63140637  0.67121537  0.67121537  0.69899095  0.71327795  0.64444055  0.65770739  0.59362170  0.65770739  0.71327795  0.63140637  0.64444055  0.68497341  0.80529783  0.74270326  0.87365310  0.92938974  0.91034263  0.89177148  0.83868989  0.78914806  0.77334176  0.80529783  0.85596592  0.92938974  0.74270326  0.87365310  0.77334176  0.78914806  0.85596592  0.91034263  0.89177148  0.89177148  0.87365310  0.87365310  0.60600437  0.67121537  0.65770739  0.64444055  0.59362170  0.55766540  0.55766540  0.61859685  0.54605641  0.60600437  0.55766540  0.55766540  0.64444055  0.64444055  0.64444055  0.60600437  0.63140637  0.71327795  0.63140637  0.63140637  0.68497341  0.67121537  0.65770739  0.65770739  0.61859685  0.61859685  0.63140637  0.61859685  1.03271721  0.98964765  1.29601312  1.29601312  0.59362170  0.60600437  0.60600437  0.53462597  0.45918662  0.49058504  0.47997083  0.45918662  0.47997083  0.80529783  0.83868989  0.83868989  0.91034263  1.03271721  0.94893785  
34_3_0     0.55766540  0.46950607  0.47997083  0.40010925  0.24671543  0.00000000  0.22396726  0.22396726  0.25445555  0.23905508  0.27018191  0.27018191  0.32800258  0.38141620  0.40010925  0.33664250  0.43896787  0.46950607  0.43896787  0.43896787  0.46950607  0.46950607  0.44900850  0.53462597  0.41928463  0.31101832  0.33664250  0.34538405  0.34538405  0.38141620  0.38141620  0.39070396  0.39070396  0.36318179  0.32800258  0.33664250  0.65770739  0.50135303  0.51227933  0.49058504  0.49058504  0.50135303  0.50135303  0.46950607  0.45918662  0.45918662  0.45918662  0.46950607  0.50135303  0.50135303  0.46950607  0.43896787  0.43896787  0.44900850  0.44900850  0.44900850  0.53462597  0.59362170  0.56945860  0.47997083  0.47997083  0.52336867  0.50135303  0.47997083  0.47997083  0.44900850  0.51227933  0.32800258  0.27817166  0.30266956  0.29441355  0.46950607  0.40963510  0.43896787  0.38141620  0.43896787  0.42906109  0.46950607  0.51227933  0.46950607  0.46950607  0.46950607  0.47997083  0.56945860  0.51227933  0.63140637  0.47997083  0.44900850  0.51227933  0.51227933  0.46950607  0.44900850  0.27817166  0.39070396  0.37224307  0.38141620  0.31946194  0.31946194  0.32800258  0.52336867  0.54605641  0.45918662  0.43896787  0.47997083  0.50135303  0.64444055  0.64444055  0.54605641  0.55766540  0.53462597  0.52336867  0.61859685  0.65770739  0.60600437  0.64444055  0.61859685  0.68497341  0.68497341  0.61859685  0.71327795  0.69899095  0.60600437  0.65770739  0.71327795  0.68497341  0.75786464  0.83868989  0.82180634  0.89177148  0.78914806  0.83868989  0.83868989  0.68497341  0.77334176  0.80529783  0.71327795  0.80529783  0.78914806  0.78914806  0.75786464  0.65770739  0.64444055  0.64444055  0.63140637  0.75786464  0.58144196  0.65770739  0.68497341  0.61859685  0.59362170  0.60600437  0.60600437  0.65770739  0.56945860  0.53462597  0.54605641  0.56945860  0.58144196  0.58144196  0.58144196  0.56945860  0.60600437  0.63140637  0.64444055  0.61859685  0.67121537  0.65770739  0.64444055  0.60600437  0.54605641  0.58144196  0.65770739  0.65770739  1.07843703  1.03271721  1.23536324  1.10239680  0.46950607  0.45918662  0.60600437  0.51227933  0.51227933  0.47997083  0.42906109  0.46950607  0.46950607  0.94893785  1.01087048  1.01087048  0.91034263  0.96901405  0.85596592  
11_3_0     0.51227933  0.40010925  0.42906109  0.35422965  0.25445555  0.22396726  0.00000000  0.00000000  0.07553480  0.06944393  0.08167600  0.08167600  0.35422965  0.36318179  0.33664250  0.39070396  0.39070396  0.42906109  0.40010925  0.40010925  0.41928463  0.40963510  0.40963510  0.58144196  0.40963510  0.39070396  0.36318179  0.37224307  0.38141620  0.37224307  0.37224307  0.40010925  0.40010925  0.37224307  0.35422965  0.34538405  0.68497341  0.45918662  0.44900850  0.46950607  0.46950607  0.45918662  0.45918662  0.42906109  0.40010925  0.40010925  0.41928463  0.42906109  0.43896787  0.43896787  0.40963510  0.32800258  0.32800258  0.31946194  0.31946194  0.31946194  0.43896787  0.58144196  0.52336867  0.38141620  0.38141620  0.38141620  0.40010925  0.40010925  0.46950607  0.44900850  0.37224307  0.29441355  0.24671543  0.24671543  0.23147289  0.36318179  0.38141620  0.39070396  0.32800258  0.47997083  0.49058504  0.50135303  0.43896787  0.43896787  0.43896787  0.43896787  0.42906109  0.45918662  0.41928463  0.52336867  0.36318179  0.39070396  0.40963510  0.40963510  0.40963510  0.40963510  0.27018191  0.42906109  0.44900850  0.28624824  0.30266956  0.33664250  0.29441355  0.44900850  0.60600437  0.53462597  0.49058504  0.53462597  0.45918662  0.69899095  0.67121537  0.67121537  0.67121537  0.56945860  0.55766540  0.56945860  0.59362170  0.64444055  0.63140637  0.64444055  0.58144196  0.56945860  0.52336867  0.68497341  0.59362170  0.54605641  0.60600437  0.61859685  0.65770739  0.78914806  0.83868989  0.78914806  0.89177148  0.67121537  0.68497341  0.68497341  0.65770739  0.82180634  0.82180634  0.68497341  0.63140637  0.63140637  0.63140637  0.67121537  0.64444055  0.61859685  0.61859685  0.60600437  0.85596592  0.53462597  0.54605641  0.55766540  0.54605641  0.54605641  0.55766540  0.51227933  0.65770739  0.54605641  0.49058504  0.49058504  0.56945860  0.55766540  0.55766540  0.55766540  0.52336867  0.52336867  0.60600437  0.58144196  0.55766540  0.63140637  0.61859685  0.60600437  0.63140637  0.45918662  0.46950607  0.56945860  0.54605641  1.01087048  1.03271721  1.29601312  1.23536324  0.64444055  0.55766540  0.56945860  0.50135303  0.49058504  0.44900850  0.45918662  0.47997083  0.47997083  0.80529783  0.82180634  0.82180634  0.87365310  0.92938974  0.91034263  
1_3_0      0.51227933  0.40010925  0.42906109  0.35422965  0.25445555  0.22396726  0.00000000  0.00000000  0.07553480  0.06944393  0.08167600  0.08167600  0.35422965  0.36318179  0.33664250  0.39070396  0.39070396  0.42906109  0.40010925  0.40010925  0.41928463  0.40963510  0.40963510  0.58144196  0.40963510  0.39070396  0.36318179  0.37224307  0.38141620  0.37224307  0.37224307  0.40010925  0.40010925  0.37224307  0.35422965  0.34538405  0.68497341  0.45918662  0.44900850  0.46950607  0.46950607  0.45918662  0.45918662  0.42906109  0.40010925  0.40010925  0.41928463  0.42906109  0.43896787  0.43896787  0.40963510  0.32800258  0.32800258  0.31946194  0.31946194  0.31946194  0.43896787  0.58144196  0.52336867  0.38141620  0.38141620  0.38141620  0.40010925  0.40010925  0.46950607  0.44900850  0.37224307  0.29441355  0.24671543  0.24671543  0.23147289  0.36318179  0.38141620  0.39070396  0.32800258  0.47997083  0.49058504  0.50135303  0.43896787  0.43896787  0.43896787  0.43896787  0.42906109  0.45918662  0.41928463  0.52336867  0.36318179  0.39070396  0.40963510  0.40963510  0.40963510  0.40963510  0.27018191  0.42906109  0.44900850  0.28624824  0.30266956  0.33664250  0.29441355  0.44900850  0.60600437  0.53462597  0.49058504  0.53462597  0.45918662  0.69899095  0.67121537  0.67121537  0.67121537  0.56945860  0.55766540  0.56945860  0.59362170  0.64444055  0.63140637  0.64444055  0.58144196  0.56945860  0.52336867  0.68497341  0.59362170  0.54605641  0.60600437  0.61859685  0.65770739  0.78914806  0.83868989  0.78914806  0.89177148  0.67121537  0.68497341  0.68497341  0.65770739  0.82180634  0.82180634  0.68497341  0.63140637  0.63140637  0.63140637  0.67121537  0.64444055  0.61859685  0.61859685  0.60600437  0.85596592  0.53462597  0.54605641  0.55766540  0.54605641  0.54605641  0.55766540  0.51227933  0.65770739  0.54605641  0.49058504  0.49058504  0.56945860  0.55766540  0.55766540  0.55766540  0.52336867  0.52336867  0.60600437  0.58144196  0.55766540  0.63140637  0.61859685  0.60600437  0.63140637  0.45918662  0.46950607  0.56945860  0.54605641  1.01087048  1.03271721  1.29601312  1.23536324  0.64444055  0.55766540  0.56945860  0.50135303  0.49058504  0.44900850  0.45918662  0.47997083  0.47997083  0.80529783  0.82180634  0.82180634  0.87365310  0.92938974  0.91034263  
8_3_0      0.47997083  0.40963510  0.40963510  0.37224307  0.25445555  0.25445555  0.07553480  0.07553480  0.00000000  0.07553480  0.08786836  0.08786836  0.29441355  0.31101832  0.28624824  0.35422965  0.39070396  0.40010925  0.40963510  0.40963510  0.40010925  0.39070396  0.39070396  0.51227933  0.41928463  0.38141620  0.33664250  0.34538405  0.35422965  0.34538405  0.34538405  0.37224307  0.37224307  0.34538405  0.34538405  0.33664250  0.64444055  0.43896787  0.42906109  0.42906109  0.42906109  0.43896787  0.43896787  0.40963510  0.40010925  0.40010925  0.41928463  0.42906109  0.43896787  0.43896787  0.40963510  0.36318179  0.36318179  0.35422965  0.35422965  0.35422965  0.38141620  0.55766540  0.59362170  0.34538405  0.34538405  0.32800258  0.38141620  0.38141620  0.40963510  0.39070396  0.37224307  0.27018191  0.23905508  0.23905508  0.21653668  0.32800258  0.34538405  0.37224307  0.29441355  0.42906109  0.45918662  0.50135303  0.43896787  0.35422965  0.35422965  0.35422965  0.34538405  0.47997083  0.40010925  0.52336867  0.37224307  0.36318179  0.37224307  0.37224307  0.38141620  0.40010925  0.26227713  0.40963510  0.40010925  0.28624824  0.28624824  0.31101832  0.29441355  0.47997083  0.61859685  0.52336867  0.46950607  0.52336867  0.45918662  0.67121537  0.64444055  0.60600437  0.60600437  0.58144196  0.54605641  0.59362170  0.61859685  0.64444055  0.63140637  0.59362170  0.53462597  0.59362170  0.49058504  0.59362170  0.55766540  0.50135303  0.56945860  0.61859685  0.68497341  0.77334176  0.91034263  0.85596592  0.96901405  0.71327795  0.72784499  0.72784499  0.68497341  0.82180634  0.85596592  0.67121537  0.65770739  0.67121537  0.64444055  0.71327795  0.64444055  0.61859685  0.61859685  0.60600437  0.75786464  0.55766540  0.56945860  0.60600437  0.56945860  0.55766540  0.54605641  0.50135303  0.63140637  0.55766540  0.53462597  0.51227933  0.60600437  0.60600437  0.60600437  0.60600437  0.59362170  0.58144196  0.61859685  0.59362170  0.59362170  0.64444055  0.63140637  0.61859685  0.69899095  0.50135303  0.53462597  0.59362170  0.58144196  1.01087048  1.03271721  1.39741651  1.20679867  0.55766540  0.47997083  0.54605641  0.47997083  0.46950607  0.46950607  0.45918662  0.43896787  0.47997083  0.83868989  0.85596592  0.85596592  0.92938974  0.96901405  0.92938974  
8_4_0      0.51227933  0.41928463  0.38141620  0.34538405  0.23905508  0.23905508  0.06944393  0.06944393  0.07553480  0.00000000  0.05740994  0.05740994  0.31101832  0.31946194  0.32800258  0.33664250  0.40010925  0.39070396  0.38141620  0.38141620  0.37224307  0.37224307  0.37224307  0.51227933  0.38141620  0.36318179  0.31946194  0.31101832  0.33664250  0.32800258  0.32800258  0.39070396  0.39070396  0.32800258  0.32800258  0.31946194  0.65770739  0.42906109  0.41928463  0.43896787  0.43896787  0.42906109  0.42906109  0.40010925  0.37224307  0.37224307  0.37224307  0.40010925  0.39070396  0.39070396  0.38141620  0.33664250  0.33664250  0.31101832  0.31101832  0.32800258  0.42906109  0.59362170  0.51227933  0.38141620  0.38141620  0.38141620  0.38141620  0.38141620  0.43896787  0.43896787  0.37224307  0.26227713  0.23905508  0.25445555  0.19468054  0.33664250  0.36318179  0.35422965  0.29441355  0.46950607  0.45918662  0.46950607  0.40963510  0.42906109  0.42906109  0.42906109  0.41928463  0.46950607  0.42906109  0.53462597  0.36318179  0.38141620  0.40010925  0.40010925  0.40010925  0.40010925  0.23147289  0.41928463  0.41928463  0.26227713  0.23147289  0.26227713  0.23905508  0.43896787  0.63140637  0.49058504  0.47997083  0.53462597  0.42906109  0.65770739  0.60600437  0.60600437  0.61859685  0.54605641  0.53462597  0.52336867  0.56945860  0.56945860  0.55766540  0.64444055  0.51227933  0.52336867  0.47997083  0.63140637  0.51227933  0.50135303  0.55766540  0.65770739  0.67121537  0.82180634  0.92938974  0.87365310  0.94893785  0.67121537  0.68497341  0.68497341  0.71327795  0.85596592  0.85596592  0.65770739  0.65770739  0.65770739  0.65770739  0.63140637  0.60600437  0.58144196  0.58144196  0.56945860  0.77334176  0.52336867  0.55766540  0.54605641  0.55766540  0.60600437  0.59362170  0.55766540  0.67121537  0.60600437  0.53462597  0.55766540  0.64444055  0.63140637  0.63140637  0.63140637  0.59362170  0.56945860  0.65770739  0.65770739  0.63140637  0.71327795  0.69899095  0.68497341  0.67121537  0.47997083  0.49058504  0.59362170  0.59362170  1.03271721  1.01087048  1.23536324  1.23536324  0.58144196  0.52336867  0.55766540  0.51227933  0.51227933  0.47997083  0.46950607  0.49058504  0.51227933  0.80529783  0.82180634  0.82180634  0.94893785  1.01087048  0.96901405  
11_4_0     0.49058504  0.43896787  0.37224307  0.33664250  0.23905508  0.27018191  0.08167600  0.08167600  0.08786836  0.05740994  0.00000000  0.00000000  0.27817166  0.28624824  0.31101832  0.32800258  0.44900850  0.42906109  0.41928463  0.41928463  0.43896787  0.42906109  0.42906109  0.55766540  0.40963510  0.38141620  0.31946194  0.32800258  0.33664250  0.32800258  0.32800258  0.35422965  0.35422965  0.31101832  0.32800258  0.31946194  0.67121537  0.40963510  0.41928463  0.41928463  0.41928463  0.40963510  0.40963510  0.38141620  0.33664250  0.33664250  0.35422965  0.34538405  0.35422965  0.35422965  0.34538405  0.28624824  0.28624824  0.31101832  0.31101832  0.27817166  0.38141620  0.56945860  0.46950607  0.36318179  0.36318179  0.32800258  0.36318179  0.36318179  0.43896787  0.43896787  0.39070396  0.25445555  0.22396726  0.23905508  0.18045888  0.37224307  0.40010925  0.39070396  0.34538405  0.49058504  0.50135303  0.49058504  0.39070396  0.39070396  0.39070396  0.39070396  0.38141620  0.49058504  0.42906109  0.53462597  0.32800258  0.40010925  0.41928463  0.41928463  0.41928463  0.41928463  0.24671543  0.41928463  0.41928463  0.27817166  0.26227713  0.29441355  0.27018191  0.42906109  0.60600437  0.46950607  0.43896787  0.47997083  0.43896787  0.65770739  0.65770739  0.65770739  0.63140637  0.56945860  0.55766540  0.56945860  0.56945860  0.61859685  0.58144196  0.63140637  0.53462597  0.56945860  0.50135303  0.68497341  0.55766540  0.54605641  0.63140637  0.64444055  0.63140637  0.82180634  0.83868989  0.82180634  0.89177148  0.67121537  0.72784499  0.72784499  0.69899095  0.83868989  0.87365310  0.72784499  0.61859685  0.64444055  0.64444055  0.67121537  0.68497341  0.65770739  0.65770739  0.64444055  0.85596592  0.51227933  0.52336867  0.51227933  0.52336867  0.61859685  0.60600437  0.52336867  0.65770739  0.64444055  0.59362170  0.61859685  0.68497341  0.64444055  0.64444055  0.64444055  0.60600437  0.58144196  0.69899095  0.67121537  0.64444055  0.72784499  0.71327795  0.69899095  0.65770739  0.54605641  0.55766540  0.60600437  0.55766540  0.98964765  1.01087048  1.20679867  1.15276603  0.64444055  0.55766540  0.52336867  0.50135303  0.45918662  0.42906109  0.43896787  0.43896787  0.45918662  0.83868989  0.85596592  0.85596592  1.03271721  1.05522561  0.98964765  
1_4_0      0.49058504  0.43896787  0.37224307  0.33664250  0.23905508  0.27018191  0.08167600  0.08167600  0.08786836  0.05740994  0.00000000  0.00000000  0.27817166  0.28624824  0.31101832  0.32800258  0.44900850  0.42906109  0.41928463  0.41928463  0.43896787  0.42906109  0.42906109  0.55766540  0.40963510  0.38141620  0.31946194  0.32800258  0.33664250  0.32800258  0.32800258  0.35422965  0.35422965  0.31101832  0.32800258  0.31946194  0.67121537  0.40963510  0.41928463  0.41928463  0.41928463  0.40963510  0.40963510  0.38141620  0.33664250  0.33664250  0.35422965  0.34538405  0.35422965  0.35422965  0.34538405  0.28624824  0.28624824  0.31101832  0.31101832  0.27817166  0.38141620  0.56945860  0.46950607  0.36318179  0.36318179  0.32800258  0.36318179  0.36318179  0.43896787  0.43896787  0.39070396  0.25445555  0.22396726  0.23905508  0.18045888  0.37224307  0.40010925  0.39070396  0.34538405  0.49058504  0.50135303  0.49058504  0.39070396  0.39070396  0.39070396  0.39070396  0.38141620  0.49058504  0.42906109  0.53462597  0.32800258  0.40010925  0.41928463  0.41928463  0.41928463  0.41928463  0.24671543  0.41928463  0.41928463  0.27817166  0.26227713  0.29441355  0.27018191  0.42906109  0.60600437  0.46950607  0.43896787  0.47997083  0.43896787  0.65770739  0.65770739  0.65770739  0.63140637  0.56945860  0.55766540  0.56945860  0.56945860  0.61859685  0.58144196  0.63140637  0.53462597  0.56945860  0.50135303  0.68497341  0.55766540  0.54605641  0.63140637  0.64444055  0.63140637  0.82180634  0.83868989  0.82180634  0.89177148  0.67121537  0.72784499  0.72784499  0.69899095  0.83868989  0.87365310  0.72784499  0.61859685  0.64444055  0.64444055  0.67121537  0.68497341  0.65770739  0.65770739  0.64444055  0.85596592  0.51227933  0.52336867  0.51227933  0.52336867  0.61859685  0.60600437  0.52336867  0.65770739  0.64444055  0.59362170  0.61859685  0.68497341  0.64444055  0.64444055  0.64444055  0.60600437  0.58144196  0.69899095  0.67121537  0.64444055  0.72784499  0.71327795  0.69899095  0.65770739  0.54605641  0.55766540  0.60600437  0.55766540  0.98964765  1.01087048  1.20679867  1.15276603  0.64444055  0.55766540  0.52336867  0.50135303  0.45918662  0.42906109  0.43896787  0.43896787  0.45918662  0.83868989  0.85596592  0.85596592  1.03271721  1.05522561  0.98964765  
10_5_0     0.55766540  0.40963510  0.39070396  0.33664250  0.33664250  0.32800258  0.35422965  0.35422965  0.29441355  0.31101832  0.27817166  0.27817166  0.00000000  0.06944393  0.10676116  0.12614678  0.40010925  0.35422965  0.38141620  0.38141620  0.35422965  0.35422965  0.33664250  0.49058504  0.40010925  0.24671543  0.25445555  0.26227713  0.26227713  0.26227713  0.26227713  0.27018191  0.27018191  0.26227713  0.29441355  0.28624824  0.52336867  0.34538405  0.35422965  0.35422965  0.35422965  0.34538405  0.34538405  0.31101832  0.30266956  0.30266956  0.31946194  0.32800258  0.31946194  0.31946194  0.31101832  0.28624824  0.28624824  0.32800258  0.32800258  0.29441355  0.26227713  0.43896787  0.44900850  0.27018191  0.27018191  0.29441355  0.27817166  0.29441355  0.31101832  0.31946194  0.40963510  0.18753570  0.18753570  0.23147289  0.17344882  0.29441355  0.22396726  0.31946194  0.23905508  0.32800258  0.31946194  0.34538405  0.42906109  0.37224307  0.37224307  0.38141620  0.39070396  0.52336867  0.47997083  0.44900850  0.38141620  0.32800258  0.36318179  0.36318179  0.31946194  0.33664250  0.24671543  0.31101832  0.30266956  0.32800258  0.27018191  0.28624824  0.27018191  0.53462597  0.54605641  0.54605641  0.53462597  0.53462597  0.40010925  0.53462597  0.53462597  0.45918662  0.45918662  0.50135303  0.46950607  0.49058504  0.46950607  0.50135303  0.51227933  0.65770739  0.51227933  0.59362170  0.49058504  0.58144196  0.55766540  0.46950607  0.50135303  0.58144196  0.60600437  0.74270326  0.69899095  0.72784499  0.74270326  0.61859685  0.56945860  0.56945860  0.56945860  0.67121537  0.72784499  0.55766540  0.55766540  0.55766540  0.55766540  0.63140637  0.74270326  0.74270326  0.74270326  0.72784499  0.77334176  0.53462597  0.59362170  0.53462597  0.54605641  0.52336867  0.51227933  0.52336867  0.56945860  0.51227933  0.55766540  0.52336867  0.58144196  0.54605641  0.54605641  0.54605641  0.58144196  0.55766540  0.51227933  0.53462597  0.55766540  0.55766540  0.54605641  0.51227933  0.56945860  0.58144196  0.61859685  0.49058504  0.56945860  0.91034263  0.89177148  1.03271721  1.03271721  0.49058504  0.44900850  0.53462597  0.50135303  0.40010925  0.40963510  0.39070396  0.38141620  0.41928463  0.80529783  0.78914806  0.78914806  0.91034263  0.85596592  0.85596592  
19_5_0     0.50135303  0.42906109  0.39070396  0.35422965  0.38141620  0.38141620  0.36318179  0.36318179  0.31101832  0.31946194  0.28624824  0.28624824  0.06944393  0.00000000  0.08167600  0.08786836  0.40963510  0.36318179  0.35422965  0.35422965  0.34538405  0.34538405  0.32800258  0.54605641  0.37224307  0.28624824  0.27817166  0.28624824  0.27018191  0.28624824  0.28624824  0.31101832  0.31101832  0.30266956  0.31946194  0.31101832  0.59362170  0.36318179  0.37224307  0.37224307  0.37224307  0.36318179  0.36318179  0.31946194  0.29441355  0.29441355  0.31101832  0.31946194  0.32800258  0.32800258  0.31946194  0.27817166  0.27817166  0.33664250  0.33664250  0.28624824  0.31101832  0.45918662  0.43896787  0.29441355  0.29441355  0.28624824  0.27018191  0.28624824  0.33664250  0.34538405  0.49058504  0.23147289  0.23147289  0.27817166  0.18753570  0.32800258  0.27018191  0.35422965  0.28624824  0.39070396  0.37224307  0.38141620  0.40963510  0.41928463  0.41928463  0.42906109  0.43896787  0.53462597  0.51227933  0.43896787  0.39070396  0.34538405  0.38141620  0.38141620  0.33664250  0.35422965  0.31101832  0.36318179  0.35422965  0.29441355  0.28624824  0.30266956  0.27018191  0.51227933  0.63140637  0.63140637  0.54605641  0.55766540  0.40010925  0.53462597  0.55766540  0.50135303  0.50135303  0.52336867  0.49058504  0.44900850  0.42906109  0.45918662  0.46950607  0.64444055  0.56945860  0.64444055  0.54605641  0.59362170  0.59362170  0.50135303  0.58144196  0.65770739  0.65770739  0.82180634  0.71327795  0.71327795  0.75786464  0.60600437  0.53462597  0.53462597  0.61859685  0.69899095  0.75786464  0.63140637  0.58144196  0.60600437  0.60600437  0.65770739  0.77334176  0.74270326  0.74270326  0.72784499  0.87365310  0.58144196  0.64444055  0.58144196  0.61859685  0.59362170  0.58144196  0.51227933  0.56945860  0.60600437  0.56945860  0.59362170  0.65770739  0.59362170  0.59362170  0.59362170  0.63140637  0.60600437  0.58144196  0.58144196  0.63140637  0.63140637  0.61859685  0.58144196  0.64444055  0.63140637  0.67121537  0.55766540  0.72784499  0.85596592  0.80529783  1.01087048  1.01087048  0.50135303  0.50135303  0.56945860  0.53462597  0.42906109  0.43896787  0.41928463  0.42906109  0.46950607  0.80529783  0.82180634  0.82180634  0.94893785  0.83868989  0.85596592  
35_5_0     0.49058504  0.42906109  0.34538405  0.32800258  0.37224307  0.40010925  0.33664250  0.33664250  0.28624824  0.32800258  0.31101832  0.31101832  0.10676116  0.08167600  0.00000000  0.13935727  0.36318179  0.29441355  0.30266956  0.30266956  0.28624824  0.27817166  0.26227713  0.50135303  0.38141620  0.26227713  0.25445555  0.26227713  0.26227713  0.24671543  0.24671543  0.25445555  0.25445555  0.27817166  0.27817166  0.27018191  0.54605641  0.38141620  0.37224307  0.37224307  0.37224307  0.38141620  0.38141620  0.35422965  0.34538405  0.34538405  0.36318179  0.37224307  0.36318179  0.36318179  0.37224307  0.32800258  0.32800258  0.37224307  0.37224307  0.33664250  0.30266956  0.47997083  0.46950607  0.26227713  0.26227713  0.27018191  0.28624824  0.27018191  0.31946194  0.29441355  0.40963510  0.20189474  0.19468054  0.21653668  0.17344882  0.27817166  0.23147289  0.31101832  0.24671543  0.36318179  0.37224307  0.36318179  0.44900850  0.40963510  0.40963510  0.41928463  0.42906109  0.52336867  0.44900850  0.45918662  0.37224307  0.32800258  0.32800258  0.32800258  0.33664250  0.35422965  0.29441355  0.32800258  0.30266956  0.23147289  0.23905508  0.27018191  0.23905508  0.49058504  0.58144196  0.65770739  0.54605641  0.58144196  0.39070396  0.53462597  0.55766540  0.54605641  0.54605641  0.54605641  0.51227933  0.49058504  0.46950607  0.47997083  0.46950607  0.58144196  0.56945860  0.53462597  0.56945860  0.61859685  0.61859685  0.52336867  0.60600437  0.60600437  0.65770739  0.77334176  0.78914806  0.78914806  0.83868989  0.55766540  0.54605641  0.54605641  0.59362170  0.69899095  0.78914806  0.56945860  0.56945860  0.61859685  0.59362170  0.60600437  0.74270326  0.74270326  0.74270326  0.72784499  0.75786464  0.61859685  0.63140637  0.61859685  0.60600437  0.56945860  0.55766540  0.49058504  0.54605641  0.53462597  0.56945860  0.50135303  0.55766540  0.52336867  0.52336867  0.52336867  0.55766540  0.51227933  0.51227933  0.49058504  0.51227933  0.53462597  0.52336867  0.49058504  0.64444055  0.58144196  0.61859685  0.49058504  0.58144196  0.77334176  0.78914806  1.07843703  0.94893785  0.51227933  0.49058504  0.56945860  0.55766540  0.49058504  0.47997083  0.47997083  0.46950607  0.51227933  0.74270326  0.75786464  0.75786464  0.87365310  0.83868989  0.87365310  
33_5_0     0.49058504  0.42906109  0.37224307  0.39070396  0.40010925  0.33664250  0.39070396  0.39070396  0.35422965  0.33664250  0.32800258  0.32800258  0.12614678  0.08786836  0.13935727  0.00000000  0.37224307  0.37224307  0.40010925  0.40010925  0.35422965  0.35422965  0.33664250  0.50135303  0.36318179  0.24671543  0.24671543  0.25445555  0.23905508  0.30266956  0.30266956  0.31101832  0.31101832  0.28624824  0.30266956  0.29441355  0.63140637  0.39070396  0.40010925  0.40010925  0.40010925  0.39070396  0.39070396  0.34538405  0.33664250  0.33664250  0.35422965  0.36318179  0.37224307  0.37224307  0.36318179  0.32800258  0.32800258  0.37224307  0.37224307  0.33664250  0.35422965  0.47997083  0.43896787  0.35422965  0.35422965  0.33664250  0.31946194  0.33664250  0.36318179  0.33664250  0.47997083  0.22396726  0.22396726  0.27018191  0.19468054  0.35422965  0.28624824  0.33664250  0.28624824  0.37224307  0.36318179  0.36318179  0.45918662  0.46950607  0.46950607  0.47997083  0.49058504  0.63140637  0.49058504  0.51227933  0.40010925  0.41928463  0.45918662  0.45918662  0.40963510  0.42906109  0.28624824  0.32800258  0.33664250  0.29441355  0.27018191  0.28624824  0.23905508  0.50135303  0.68497341  0.60600437  0.54605641  0.55766540  0.38141620  0.53462597  0.55766540  0.50135303  0.50135303  0.47997083  0.49058504  0.45918662  0.43896787  0.46950607  0.47997083  0.61859685  0.56945860  0.61859685  0.55766540  0.65770739  0.60600437  0.49058504  0.60600437  0.65770739  0.68497341  0.74270326  0.78914806  0.78914806  0.83868989  0.59362170  0.60600437  0.60600437  0.56945860  0.72784499  0.78914806  0.65770739  0.58144196  0.63140637  0.60600437  0.69899095  0.75786464  0.72784499  0.72784499  0.71327795  0.87365310  0.53462597  0.59362170  0.54605641  0.56945860  0.63140637  0.61859685  0.50135303  0.56945860  0.65770739  0.58144196  0.59362170  0.65770739  0.59362170  0.59362170  0.59362170  0.60600437  0.60600437  0.58144196  0.60600437  0.63140637  0.63140637  0.61859685  0.58144196  0.65770739  0.59362170  0.60600437  0.58144196  0.72784499  0.83868989  0.78914806  0.98964765  0.94893785  0.45918662  0.45918662  0.56945860  0.51227933  0.40963510  0.43896787  0.40010925  0.40963510  0.44900850  0.78914806  0.83868989  0.83868989  0.87365310  0.94893785  0.80529783  
13_10_0    0.55766540  0.44900850  0.40010925  0.39070396  0.49058504  0.43896787  0.39070396  0.39070396  0.39070396  0.40010925  0.44900850  0.44900850  0.40010925  0.40963510  0.36318179  0.37224307  0.00000000  0.21653668  0.23905508  0.23905508  0.19468054  0.20189474  0.20189474  0.42906109  0.26227713  0.36318179  0.39070396  0.40963510  0.40010925  0.40963510  0.40963510  0.44900850  0.44900850  0.40010925  0.38141620  0.39070396  0.83868989  0.44900850  0.43896787  0.43896787  0.43896787  0.44900850  0.44900850  0.40010925  0.40963510  0.40963510  0.39070396  0.40010925  0.44900850  0.44900850  0.41928463  0.41928463  0.41928463  0.39070396  0.39070396  0.42906109  0.41928463  0.52336867  0.44900850  0.31101832  0.31101832  0.31946194  0.32800258  0.31101832  0.41928463  0.35422965  0.41928463  0.37224307  0.33664250  0.36318179  0.33664250  0.40010925  0.40963510  0.41928463  0.36318179  0.45918662  0.51227933  0.47997083  0.63140637  0.53462597  0.53462597  0.50135303  0.49058504  0.56945860  0.56945860  0.58144196  0.55766540  0.55766540  0.55766540  0.55766540  0.55766540  0.55766540  0.40963510  0.44900850  0.45918662  0.38141620  0.39070396  0.40010925  0.38141620  0.52336867  0.60600437  0.56945860  0.60600437  0.60600437  0.43896787  0.61859685  0.59362170  0.51227933  0.52336867  0.51227933  0.47997083  0.51227933  0.56945860  0.46950607  0.47997083  0.54605641  0.58144196  0.51227933  0.58144196  0.60600437  0.61859685  0.59362170  0.61859685  0.52336867  0.55766540  0.85596592  0.72784499  0.72784499  0.80529783  0.64444055  0.64444055  0.64444055  0.60600437  0.75786464  0.80529783  0.56945860  0.58144196  0.64444055  0.55766540  0.54605641  0.68497341  0.67121537  0.67121537  0.65770739  0.80529783  0.56945860  0.60600437  0.60600437  0.60600437  0.58144196  0.56945860  0.56945860  0.60600437  0.68497341  0.59362170  0.60600437  0.67121537  0.68497341  0.68497341  0.68497341  0.69899095  0.71327795  0.60600437  0.63140637  0.63140637  0.61859685  0.63140637  0.64444055  0.80529783  0.54605641  0.53462597  0.59362170  0.58144196  1.07843703  1.07843703  1.12715480  1.12715480  0.51227933  0.47997083  0.52336867  0.47997083  0.56945860  0.53462597  0.52336867  0.52336867  0.50135303  0.75786464  0.74270326  0.74270326  0.80529783  1.07843703  0.71327795  
