146
40_91_0    0.00000000  0.02592656  0.02592656  0.02592656  0.13979818  0.55092019  0.55092019  0.55092019  0.55092019  0.43912858  0.47454887  0.47454887  0.39439346  0.42768876  0.42768876  0.41642308  0.55092019  0.56445160  0.55092019  0.65128741  0.55092019  0.48674261  0.41642308  0.46255277  0.45074801  0.46255277  0.45074801  0.43912858  0.42768876  0.38361977  0.39439346  0.36253176  0.51174988  0.51174988  0.45074801  0.47454887  0.46255277  0.62119580  0.62119580  0.59228001  0.60659670  0.57823502  0.63608868  0.63608868  0.65128741  0.57823502  0.65128741  0.73234811  0.65128741  0.84302572  0.71541013  0.76743329  0.59228001  0.56445160  0.62119580  0.62119580  0.55092019  0.71541013  0.71541013  0.76743329  0.80426483  0.71541013  0.66680482  0.66680482  0.74968281  0.66680482  0.65128741  0.69885114  0.68265455  0.66680482  0.66680482  0.68265455  0.66680482  0.69885114  0.66680482  0.73234811  0.60659670  0.60659670  0.65128741  0.69885114  0.63608868  0.60659670  0.60659670  0.62119580  0.60659670  0.66680482  0.68265455  0.60659670  0.60659670  0.59228001  0.59228001  0.60659670  0.57823502  0.55092019  0.59228001  0.62119580  0.63608868  0.63608868  0.62119580  0.62119580  0.63608868  0.63608868  0.62119580  0.68265455  0.66680482  0.68265455  0.68265455  0.68265455  0.71541013  0.63608868  0.66680482  0.66680482  0.57823502  0.65128741  0.63608868  0.66680482  0.66680482  0.62119580  0.63608868  0.59228001  0.59228001  0.68265455  0.74968281  0.65128741  0.68265455  0.60659670  0.60659670  0.66680482  0.68265455  0.66680482  0.60659670  0.60659670  0.59228001  0.59228001  0.59228001  0.62119580  0.62119580  0.59228001  0.60659670  0.65128741  0.62119580  0.60659670  0.59228001  0.62119580  0.63608868  0.66680482  
40_98_0    0.02592656  0.00000000  0.01284976  0.01284976  0.12456861  0.53763174  0.53763174  0.53763174  0.53763174  0.43912858  0.47454887  0.45074801  0.37300066  0.40532631  0.40532631  0.39439346  0.49914063  0.53763174  0.49914063  0.59228001  0.52457768  0.43912858  0.39439346  0.43912858  0.42768876  0.41642308  0.40532631  0.39439346  0.38361977  0.34202800  0.35220888  0.32207700  0.47454887  0.47454887  0.41642308  0.43912858  0.42768876  0.59228001  0.59228001  0.55092019  0.56445160  0.53763174  0.60659670  0.60659670  0.62119580  0.55092019  0.62119580  0.69885114  0.62119580  0.80426483  0.68265455  0.73234811  0.56445160  0.53763174  0.62119580  0.62119580  0.55092019  0.66680482  0.66680482  0.71541013  0.74968281  0.66680482  0.62119580  0.62119580  0.69885114  0.65128741  0.60659670  0.65128741  0.63608868  0.62119580  0.62119580  0.63608868  0.62119580  0.69885114  0.66680482  0.73234811  0.59228001  0.59228001  0.63608868  0.65128741  0.59228001  0.56445160  0.56445160  0.57823502  0.59228001  0.65128741  0.66680482  0.59228001  0.59228001  0.57823502  0.57823502  0.59228001  0.56445160  0.53763174  0.57823502  0.60659670  0.60659670  0.62119580  0.60659670  0.60659670  0.62119580  0.62119580  0.60659670  0.66680482  0.65128741  0.63608868  0.63608868  0.63608868  0.69885114  0.62119580  0.65128741  0.65128741  0.56445160  0.62119580  0.60659670  0.63608868  0.62119580  0.57823502  0.59228001  0.55092019  0.55092019  0.66680482  0.69885114  0.60659670  0.63608868  0.56445160  0.56445160  0.62119580  0.63608868  0.62119580  0.57823502  0.57823502  0.56445160  0.56445160  0.56445160  0.59228001  0.59228001  0.56445160  0.57823502  0.62119580  0.59228001  0.56445160  0.55092019  0.57823502  0.59228001  0.62119580  
78_91_0    0.02592656  0.01284976  0.00000000  0.01284976  0.12456861  0.53763174  0.53763174  0.53763174  0.53763174  0.41642308  0.45074801  0.45074801  0.37300066  0.40532631  0.40532631  0.39439346  0.51174988  0.52457768  0.51174988  0.60659670  0.53763174  0.45074801  0.40532631  0.45074801  0.43912858  0.41642308  0.40532631  0.39439346  0.40532631  0.34202800  0.35220888  0.32207700  0.46255277  0.46255277  0.42768876  0.45074801  0.43912858  0.57823502  0.57823502  0.56445160  0.57823502  0.52457768  0.62119580  0.62119580  0.63608868  0.56445160  0.63608868  0.71541013  0.63608868  0.82339156  0.69885114  0.74968281  0.57823502  0.55092019  0.63608868  0.63608868  0.56445160  0.65128741  0.65128741  0.69885114  0.73234811  0.65128741  0.63608868  0.63608868  0.71541013  0.66680482  0.62119580  0.66680482  0.65128741  0.63608868  0.63608868  0.65128741  0.63608868  0.71541013  0.68265455  0.74968281  0.60659670  0.60659670  0.62119580  0.66680482  0.60659670  0.57823502  0.57823502  0.57823502  0.60659670  0.66680482  0.68265455  0.60659670  0.60659670  0.59228001  0.56445160  0.57823502  0.55092019  0.55092019  0.56445160  0.60659670  0.60659670  0.63608868  0.62119580  0.62119580  0.63608868  0.63608868  0.62119580  0.68265455  0.66680482  0.65128741  0.65128741  0.65128741  0.68265455  0.60659670  0.63608868  0.63608868  0.57823502  0.63608868  0.62119580  0.65128741  0.60659670  0.59228001  0.57823502  0.56445160  0.56445160  0.68265455  0.71541013  0.62119580  0.62119580  0.57823502  0.55092019  0.60659670  0.62119580  0.60659670  0.56445160  0.56445160  0.55092019  0.55092019  0.55092019  0.57823502  0.57823502  0.55092019  0.56445160  0.60659670  0.57823502  0.57823502  0.56445160  0.59228001  0.60659670  0.63608868  
41_91_0    0.02592656  0.01284976  0.01284976  0.00000000  0.10964612  0.52457768  0.52457768  0.52457768  0.52457768  0.41642308  0.45074801  0.45074801  0.35220888  0.38361977  0.38361977  0.37300066  0.49914063  0.51174988  0.49914063  0.59228001  0.52457768  0.46255277  0.41642308  0.46255277  0.45074801  0.41642308  0.40532631  0.39439346  0.38361977  0.34202800  0.35220888  0.32207700  0.46255277  0.46255277  0.40532631  0.42768876  0.41642308  0.60659670  0.60659670  0.53763174  0.55092019  0.52457768  0.59228001  0.59228001  0.60659670  0.53763174  0.60659670  0.68265455  0.60659670  0.78561997  0.66680482  0.71541013  0.57823502  0.55092019  0.63608868  0.63608868  0.56445160  0.68265455  0.68265455  0.73234811  0.76743329  0.68265455  0.63608868  0.63608868  0.71541013  0.66680482  0.62119580  0.66680482  0.65128741  0.63608868  0.63608868  0.62119580  0.60659670  0.71541013  0.65128741  0.74968281  0.60659670  0.57823502  0.62119580  0.65128741  0.60659670  0.57823502  0.57823502  0.59228001  0.60659670  0.66680482  0.68265455  0.60659670  0.60659670  0.59228001  0.59228001  0.57823502  0.57823502  0.55092019  0.59228001  0.60659670  0.63608868  0.60659670  0.62119580  0.62119580  0.60659670  0.60659670  0.62119580  0.65128741  0.63608868  0.62119580  0.62119580  0.62119580  0.68265455  0.63608868  0.63608868  0.63608868  0.55092019  0.60659670  0.59228001  0.62119580  0.60659670  0.59228001  0.57823502  0.56445160  0.56445160  0.65128741  0.68265455  0.59228001  0.65128741  0.57823502  0.55092019  0.63608868  0.65128741  0.63608868  0.56445160  0.56445160  0.55092019  0.55092019  0.55092019  0.57823502  0.57823502  0.55092019  0.56445160  0.60659670  0.57823502  0.57823502  0.56445160  0.59228001  0.57823502  0.60659670  
59_91_0    0.13979818  0.12456861  0.12456861  0.10964612  0.00000000  0.47454887  0.47454887  0.47454887  0.47454887  0.45074801  0.46255277  0.46255277  0.43912858  0.47454887  0.47454887  0.46255277  0.43912858  0.45074801  0.43912858  0.52457768  0.46255277  0.41642308  0.43912858  0.46255277  0.45074801  0.37300066  0.36253176  0.33198527  0.32207700  0.28371938  0.27443273  0.26526118  0.45074801  0.47454887  0.40532631  0.38361977  0.41642308  0.63608868  0.56445160  0.52457768  0.53763174  0.51174988  0.56445160  0.56445160  0.55092019  0.52457768  0.62119580  0.66680482  0.59228001  0.76743329  0.68265455  0.66680482  0.55092019  0.51174988  0.60659670  0.60659670  0.56445160  0.59228001  0.59228001  0.63608868  0.63608868  0.57823502  0.56445160  0.57823502  0.66680482  0.55092019  0.53763174  0.59228001  0.59228001  0.55092019  0.55092019  0.56445160  0.55092019  0.71541013  0.66680482  0.63608868  0.63608868  0.60659670  0.65128741  0.59228001  0.56445160  0.55092019  0.55092019  0.51174988  0.56445160  0.53763174  0.53763174  0.55092019  0.55092019  0.53763174  0.53763174  0.52457768  0.52457768  0.57823502  0.57823502  0.59228001  0.60659670  0.51174988  0.52457768  0.55092019  0.51174988  0.51174988  0.52457768  0.55092019  0.53763174  0.52457768  0.52457768  0.55092019  0.60659670  0.59228001  0.59228001  0.56445160  0.52457768  0.56445160  0.59228001  0.68265455  0.62119580  0.60659670  0.59228001  0.60659670  0.60659670  0.68265455  0.73234811  0.59228001  0.56445160  0.51174988  0.51174988  0.62119580  0.63608868  0.62119580  0.55092019  0.55092019  0.55092019  0.53763174  0.53763174  0.56445160  0.56445160  0.56445160  0.55092019  0.59228001  0.59228001  0.57823502  0.56445160  0.59228001  0.57823502  0.55092019  
78_87_0    0.55092019  0.53763174  0.53763174  0.52457768  0.47454887  0.00000000  0.00000000  0.00000000  0.07360542  0.65128741  0.68265455  0.71541013  0.62119580  0.62119580  0.62119580  0.60659670  0.65128741  0.63608868  0.60659670  0.66680482  0.66680482  0.65128741  0.62119580  0.59228001  0.60659670  0.60659670  0.59228001  0.57823502  0.57823502  0.49914063  0.48674261  0.48674261  0.60659670  0.60659670  0.53763174  0.55092019  0.53763174  0.69885114  0.59228001  0.63608868  0.63608868  0.59228001  0.68265455  0.69885114  0.65128741  0.62119580  0.71541013  0.76743329  0.69885114  0.73234811  0.73234811  0.73234811  0.69885114  0.68265455  0.69885114  0.68265455  0.73234811  0.66680482  0.66680482  0.69885114  0.65128741  0.71541013  0.73234811  0.73234811  0.80426483  0.69885114  0.74968281  0.73234811  0.73234811  0.71541013  0.71541013  0.63608868  0.62119580  0.80426483  0.73234811  0.68265455  0.73234811  0.65128741  0.73234811  0.71541013  0.71541013  0.71541013  0.74968281  0.76743329  0.60659670  0.60659670  0.59228001  0.62119580  0.62119580  0.63608868  0.65128741  0.60659670  0.56445160  0.59228001  0.57823502  0.63608868  0.56445160  0.60659670  0.62119580  0.56445160  0.60659670  0.60659670  0.59228001  0.60659670  0.59228001  0.65128741  0.68265455  0.69885114  0.65128741  0.68265455  0.68265455  0.68265455  0.71541013  0.66680482  0.71541013  0.71541013  0.57823502  0.57823502  0.60659670  0.63608868  0.63608868  0.63608868  0.71541013  0.73234811  0.71541013  0.68265455  0.59228001  0.69885114  0.71541013  0.69885114  0.62119580  0.62119580  0.60659670  0.62119580  0.59228001  0.62119580  0.62119580  0.63608868  0.62119580  0.63608868  0.60659670  0.56445160  0.57823502  0.57823502  0.55092019  0.55092019  
78_100_0   0.55092019  0.53763174  0.53763174  0.52457768  0.47454887  0.00000000  0.00000000  0.00000000  0.07360542  0.65128741  0.68265455  0.71541013  0.62119580  0.62119580  0.62119580  0.60659670  0.65128741  0.63608868  0.60659670  0.66680482  0.66680482  0.65128741  0.62119580  0.59228001  0.60659670  0.60659670  0.59228001  0.57823502  0.57823502  0.49914063  0.48674261  0.48674261  0.60659670  0.60659670  0.53763174  0.55092019  0.53763174  0.69885114  0.59228001  0.63608868  0.63608868  0.59228001  0.68265455  0.69885114  0.65128741  0.62119580  0.71541013  0.76743329  0.69885114  0.73234811  0.73234811  0.73234811  0.69885114  0.68265455  0.69885114  0.68265455  0.73234811  0.66680482  0.66680482  0.69885114  0.65128741  0.71541013  0.73234811  0.73234811  0.80426483  0.69885114  0.74968281  0.73234811  0.73234811  0.71541013  0.71541013  0.63608868  0.62119580  0.80426483  0.73234811  0.68265455  0.73234811  0.65128741  0.73234811  0.71541013  0.71541013  0.71541013  0.74968281  0.76743329  0.60659670  0.60659670  0.59228001  0.62119580  0.62119580  0.63608868  0.65128741  0.60659670  0.56445160  0.59228001  0.57823502  0.63608868  0.56445160  0.60659670  0.62119580  0.56445160  0.60659670  0.60659670  0.59228001  0.60659670  0.59228001  0.65128741  0.68265455  0.69885114  0.65128741  0.68265455  0.68265455  0.68265455  0.71541013  0.66680482  0.71541013  0.71541013  0.57823502  0.57823502  0.60659670  0.63608868  0.63608868  0.63608868  0.71541013  0.73234811  0.71541013  0.68265455  0.59228001  0.69885114  0.71541013  0.69885114  0.62119580  0.62119580  0.60659670  0.62119580  0.59228001  0.62119580  0.62119580  0.63608868  0.62119580  0.63608868  0.60659670  0.56445160  0.57823502  0.57823502  0.55092019  0.55092019  
41_87_0    0.55092019  0.53763174  0.53763174  0.52457768  0.47454887  0.00000000  0.00000000  0.00000000  0.07360542  0.65128741  0.68265455  0.71541013  0.62119580  0.62119580  0.62119580  0.60659670  0.65128741  0.63608868  0.60659670  0.66680482  0.66680482  0.65128741  0.62119580  0.59228001  0.60659670  0.60659670  0.59228001  0.57823502  0.57823502  0.49914063  0.48674261  0.48674261  0.60659670  0.60659670  0.53763174  0.55092019  0.53763174  0.69885114  0.59228001  0.63608868  0.63608868  0.59228001  0.68265455  0.69885114  0.65128741  0.62119580  0.71541013  0.76743329  0.69885114  0.73234811  0.73234811  0.73234811  0.69885114  0.68265455  0.69885114  0.68265455  0.73234811  0.66680482  0.66680482  0.69885114  0.65128741  0.71541013  0.73234811  0.73234811  0.80426483  0.69885114  0.74968281  0.73234811  0.73234811  0.71541013  0.71541013  0.63608868  0.62119580  0.80426483  0.73234811  0.68265455  0.73234811  0.65128741  0.73234811  0.71541013  0.71541013  0.71541013  0.74968281  0.76743329  0.60659670  0.60659670  0.59228001  0.62119580  0.62119580  0.63608868  0.65128741  0.60659670  0.56445160  0.59228001  0.57823502  0.63608868  0.56445160  0.60659670  0.62119580  0.56445160  0.60659670  0.60659670  0.59228001  0.60659670  0.59228001  0.65128741  0.68265455  0.69885114  0.65128741  0.68265455  0.68265455  0.68265455  0.71541013  0.66680482  0.71541013  0.71541013  0.57823502  0.57823502  0.60659670  0.63608868  0.63608868  0.63608868  0.71541013  0.73234811  0.71541013  0.68265455  0.59228001  0.69885114  0.71541013  0.69885114  0.62119580  0.62119580  0.60659670  0.62119580  0.59228001  0.62119580  0.62119580  0.63608868  0.62119580  0.63608868  0.60659670  0.56445160  0.57823502  0.57823502  0.55092019  0.55092019  
59_87_0    0.55092019  0.53763174  0.53763174  0.52457768  0.47454887  0.07360542  0.07360542  0.07360542  0.00000000  0.59228001  0.62119580  0.65128741  0.53763174  0.53763174  0.53763174  0.52457768  0.65128741  0.69885114  0.66680482  0.69885114  0.68265455  0.63608868  0.66680482  0.63608868  0.59228001  0.59228001  0.57823502  0.56445160  0.56445160  0.46255277  0.45074801  0.51174988  0.56445160  0.56445160  0.49914063  0.51174988  0.49914063  0.69885114  0.59228001  0.55092019  0.55092019  0.56445160  0.71541013  0.69885114  0.68265455  0.65128741  0.68265455  0.76743329  0.66680482  0.73234811  0.69885114  0.73234811  0.65128741  0.66680482  0.65128741  0.63608868  0.68265455  0.65128741  0.65128741  0.65128741  0.60659670  0.68265455  0.73234811  0.66680482  0.73234811  0.63608868  0.65128741  0.66680482  0.66680482  0.65128741  0.65128741  0.60659670  0.56445160  0.76743329  0.69885114  0.68265455  0.69885114  0.62119580  0.69885114  0.59228001  0.59228001  0.62119580  0.62119580  0.65128741  0.63608868  0.63608868  0.62119580  0.62119580  0.62119580  0.63608868  0.59228001  0.57823502  0.53763174  0.59228001  0.57823502  0.63608868  0.56445160  0.60659670  0.62119580  0.59228001  0.63608868  0.63608868  0.62119580  0.60659670  0.56445160  0.59228001  0.62119580  0.63608868  0.65128741  0.65128741  0.65128741  0.65128741  0.68265455  0.66680482  0.71541013  0.71541013  0.55092019  0.55092019  0.55092019  0.60659670  0.60659670  0.60659670  0.68265455  0.69885114  0.65128741  0.62119580  0.53763174  0.63608868  0.65128741  0.63608868  0.56445160  0.56445160  0.52457768  0.53763174  0.56445160  0.56445160  0.56445160  0.57823502  0.56445160  0.57823502  0.55092019  0.55092019  0.57823502  0.57823502  0.55092019  0.55092019  
59_94_0    0.43912858  0.43912858  0.41642308  0.41642308  0.45074801  0.65128741  0.65128741  0.65128741  0.59228001  0.00000000  0.09501857  0.10964612  0.24725214  0.25620188  0.25620188  0.24725214  0.47454887  0.46255277  0.47454887  0.46255277  0.48674261  0.47454887  0.47454887  0.48674261  0.47454887  0.39439346  0.37300066  0.36253176  0.37300066  0.37300066  0.36253176  0.34202800  0.55092019  0.55092019  0.52457768  0.52457768  0.51174988  0.59228001  0.57823502  0.53763174  0.52457768  0.49914063  0.68265455  0.66680482  0.65128741  0.59228001  0.68265455  0.69885114  0.65128741  0.74968281  0.66680482  0.73234811  0.57823502  0.59228001  0.60659670  0.60659670  0.56445160  0.71541013  0.71541013  0.69885114  0.71541013  0.71541013  0.71541013  0.73234811  0.78561997  0.82339156  0.78561997  0.78561997  0.76743329  0.73234811  0.73234811  0.78561997  0.74968281  0.74968281  0.65128741  0.69885114  0.71541013  0.68265455  0.62119580  0.65128741  0.68265455  0.69885114  0.71541013  0.76743329  0.59228001  0.59228001  0.60659670  0.56445160  0.53763174  0.57823502  0.55092019  0.51174988  0.53763174  0.59228001  0.57823502  0.62119580  0.60659670  0.66680482  0.68265455  0.68265455  0.66680482  0.66680482  0.65128741  0.65128741  0.66680482  0.68265455  0.71541013  0.71541013  0.65128741  0.62119580  0.62119580  0.57823502  0.62119580  0.65128741  0.65128741  0.68265455  0.49914063  0.52457768  0.52457768  0.53763174  0.53763174  0.66680482  0.65128741  0.62119580  0.51174988  0.52457768  0.49914063  0.68265455  0.69885114  0.68265455  0.52457768  0.52457768  0.56445160  0.53763174  0.52457768  0.53763174  0.53763174  0.53763174  0.52457768  0.57823502  0.53763174  0.59228001  0.59228001  0.63608868  0.65128741  0.66680482  
40_94_0    0.47454887  0.47454887  0.45074801  0.45074801  0.46255277  0.68265455  0.68265455  0.68265455  0.62119580  0.09501857  0.00000000  0.02592656  0.29312402  0.30264972  0.30264972  0.29312402  0.45074801  0.46255277  0.47454887  0.46255277  0.47454887  0.49914063  0.52457768  0.51174988  0.49914063  0.43912858  0.41642308  0.40532631  0.41642308  0.39439346  0.38361977  0.40532631  0.56445160  0.57823502  0.57823502  0.57823502  0.59228001  0.62119580  0.57823502  0.62119580  0.60659670  0.56445160  0.68265455  0.66680482  0.68265455  0.62119580  0.60659670  0.62119580  0.57823502  0.71541013  0.62119580  0.65128741  0.60659670  0.62119580  0.60659670  0.63608868  0.59228001  0.65128741  0.65128741  0.65128741  0.68265455  0.66680482  0.65128741  0.63608868  0.65128741  0.74968281  0.71541013  0.74968281  0.73234811  0.73234811  0.73234811  0.68265455  0.71541013  0.71541013  0.65128741  0.65128741  0.65128741  0.62119580  0.59228001  0.65128741  0.65128741  0.66680482  0.65128741  0.73234811  0.60659670  0.57823502  0.59228001  0.57823502  0.55092019  0.59228001  0.59228001  0.55092019  0.57823502  0.63608868  0.62119580  0.59228001  0.59228001  0.62119580  0.63608868  0.63608868  0.62119580  0.62119580  0.60659670  0.60659670  0.62119580  0.73234811  0.69885114  0.73234811  0.60659670  0.62119580  0.62119580  0.59228001  0.65128741  0.68265455  0.65128741  0.71541013  0.51174988  0.51174988  0.51174988  0.52457768  0.52457768  0.71541013  0.69885114  0.52457768  0.47454887  0.51174988  0.48674261  0.60659670  0.62119580  0.60659670  0.51174988  0.51174988  0.52457768  0.49914063  0.51174988  0.49914063  0.49914063  0.49914063  0.48674261  0.51174988  0.49914063  0.62119580  0.62119580  0.60659670  0.62119580  0.60659670  
40_97_0    0.47454887  0.45074801  0.45074801  0.45074801  0.46255277  0.71541013  0.71541013  0.71541013  0.65128741  0.10964612  0.02592656  0.00000000  0.31229962  0.32207700  0.32207700  0.31229962  0.47454887  0.51174988  0.49914063  0.47454887  0.47454887  0.49914063  0.55092019  0.51174988  0.49914063  0.41642308  0.39439346  0.38361977  0.39439346  0.37300066  0.36253176  0.38361977  0.55092019  0.56445160  0.55092019  0.53763174  0.55092019  0.62119580  0.57823502  0.59228001  0.57823502  0.53763174  0.68265455  0.65128741  0.68265455  0.59228001  0.62119580  0.63608868  0.59228001  0.76743329  0.66680482  0.69885114  0.60659670  0.59228001  0.60659670  0.63608868  0.56445160  0.66680482  0.66680482  0.66680482  0.69885114  0.65128741  0.65128741  0.65128741  0.66680482  0.73234811  0.69885114  0.73234811  0.71541013  0.68265455  0.68265455  0.63608868  0.66680482  0.73234811  0.63608868  0.68265455  0.63608868  0.60659670  0.57823502  0.66680482  0.66680482  0.68265455  0.63608868  0.69885114  0.59228001  0.56445160  0.57823502  0.56445160  0.53763174  0.57823502  0.57823502  0.53763174  0.56445160  0.62119580  0.60659670  0.62119580  0.56445160  0.60659670  0.62119580  0.65128741  0.60659670  0.60659670  0.62119580  0.62119580  0.63608868  0.74968281  0.71541013  0.74968281  0.56445160  0.57823502  0.57823502  0.55092019  0.63608868  0.63608868  0.62119580  0.68265455  0.51174988  0.52457768  0.51174988  0.51174988  0.51174988  0.74968281  0.73234811  0.49914063  0.46255277  0.47454887  0.45074801  0.59228001  0.60659670  0.59228001  0.48674261  0.48674261  0.49914063  0.47454887  0.48674261  0.49914063  0.49914063  0.49914063  0.48674261  0.51174988  0.49914063  0.60659670  0.60659670  0.62119580  0.63608868  0.62119580  
59_86_0    0.39439346  0.37300066  0.37300066  0.35220888  0.43912858  0.62119580  0.62119580  0.62119580  0.53763174  0.24725214  0.29312402  0.31229962  0.00000000  0.01935928  0.01935928  0.01284976  0.45074801  0.49914063  0.48674261  0.51174988  0.49914063  0.46255277  0.49914063  0.49914063  0.46255277  0.38361977  0.40532631  0.37300066  0.36253176  0.36253176  0.37300066  0.35220888  0.55092019  0.55092019  0.51174988  0.51174988  0.49914063  0.71541013  0.65128741  0.53763174  0.52457768  0.53763174  0.57823502  0.53763174  0.55092019  0.53763174  0.74968281  0.66680482  0.69885114  0.78561997  0.69885114  0.76743329  0.71541013  0.73234811  0.76743329  0.73234811  0.73234811  0.71541013  0.71541013  0.69885114  0.74968281  0.80426483  0.76743329  0.68265455  0.69885114  0.82339156  0.78561997  0.80426483  0.78561997  0.76743329  0.76743329  0.69885114  0.76743329  0.86319498  0.80426483  0.84302572  0.71541013  0.73234811  0.69885114  0.63608868  0.63608868  0.63608868  0.63608868  0.69885114  0.59228001  0.62119580  0.60659670  0.59228001  0.56445160  0.60659670  0.60659670  0.56445160  0.62119580  0.56445160  0.57823502  0.56445160  0.65128741  0.65128741  0.66680482  0.63608868  0.65128741  0.65128741  0.63608868  0.62119580  0.60659670  0.60659670  0.60659670  0.60659670  0.69885114  0.71541013  0.71541013  0.66680482  0.65128741  0.66680482  0.69885114  0.66680482  0.52457768  0.51174988  0.52457768  0.53763174  0.53763174  0.69885114  0.63608868  0.55092019  0.55092019  0.51174988  0.48674261  0.60659670  0.62119580  0.60659670  0.49914063  0.49914063  0.51174988  0.48674261  0.52457768  0.51174988  0.51174988  0.48674261  0.49914063  0.49914063  0.48674261  0.60659670  0.63608868  0.65128741  0.63608868  0.65128741  
78_99_0    0.42768876  0.40532631  0.40532631  0.38361977  0.47454887  0.62119580  0.62119580  0.62119580  0.53763174  0.25620188  0.30264972  0.32207700  0.01935928  0.00000000  0.00000000  0.00639699  0.46255277  0.51174988  0.49914063  0.52457768  0.51174988  0.47454887  0.53763174  0.51174988  0.47454887  0.39439346  0.41642308  0.38361977  0.37300066  0.37300066  0.38361977  0.36253176  0.56445160  0.56445160  0.52457768  0.52457768  0.51174988  0.71541013  0.65128741  0.53763174  0.52457768  0.56445160  0.57823502  0.53763174  0.55092019  0.51174988  0.73234811  0.65128741  0.68265455  0.76743329  0.68265455  0.74968281  0.69885114  0.71541013  0.74968281  0.71541013  0.73234811  0.68265455  0.68265455  0.66680482  0.71541013  0.76743329  0.73234811  0.68265455  0.66680482  0.82339156  0.78561997  0.76743329  0.74968281  0.73234811  0.73234811  0.66680482  0.73234811  0.86319498  0.80426483  0.84302572  0.71541013  0.73234811  0.69885114  0.60659670  0.60659670  0.60659670  0.60659670  0.66680482  0.59228001  0.62119580  0.60659670  0.59228001  0.56445160  0.60659670  0.60659670  0.56445160  0.62119580  0.56445160  0.57823502  0.56445160  0.65128741  0.65128741  0.66680482  0.63608868  0.65128741  0.65128741  0.63608868  0.62119580  0.60659670  0.63608868  0.63608868  0.63608868  0.69885114  0.71541013  0.71541013  0.66680482  0.65128741  0.63608868  0.66680482  0.63608868  0.52457768  0.51174988  0.52457768  0.53763174  0.53763174  0.66680482  0.60659670  0.57823502  0.57823502  0.53763174  0.51174988  0.63608868  0.65128741  0.63608868  0.52457768  0.52457768  0.53763174  0.51174988  0.55092019  0.53763174  0.53763174  0.51174988  0.52457768  0.52457768  0.51174988  0.63608868  0.66680482  0.68265455  0.66680482  0.68265455  
78_86_0    0.42768876  0.40532631  0.40532631  0.38361977  0.47454887  0.62119580  0.62119580  0.62119580  0.53763174  0.25620188  0.30264972  0.32207700  0.01935928  0.00000000  0.00000000  0.00639699  0.46255277  0.51174988  0.49914063  0.52457768  0.51174988  0.47454887  0.53763174  0.51174988  0.47454887  0.39439346  0.41642308  0.38361977  0.37300066  0.37300066  0.38361977  0.36253176  0.56445160  0.56445160  0.52457768  0.52457768  0.51174988  0.71541013  0.65128741  0.53763174  0.52457768  0.56445160  0.57823502  0.53763174  0.55092019  0.51174988  0.73234811  0.65128741  0.68265455  0.76743329  0.68265455  0.74968281  0.69885114  0.71541013  0.74968281  0.71541013  0.73234811  0.68265455  0.68265455  0.66680482  0.71541013  0.76743329  0.73234811  0.68265455  0.66680482  0.82339156  0.78561997  0.76743329  0.74968281  0.73234811  0.73234811  0.66680482  0.73234811  0.86319498  0.80426483  0.84302572  0.71541013  0.73234811  0.69885114  0.60659670  0.60659670  0.60659670  0.60659670  0.66680482  0.59228001  0.62119580  0.60659670  0.59228001  0.56445160  0.60659670  0.60659670  0.56445160  0.62119580  0.56445160  0.57823502  0.56445160  0.65128741  0.65128741  0.66680482  0.63608868  0.65128741  0.65128741  0.63608868  0.62119580  0.60659670  0.63608868  0.63608868  0.63608868  0.69885114  0.71541013  0.71541013  0.66680482  0.65128741  0.63608868  0.66680482  0.63608868  0.52457768  0.51174988  0.52457768  0.53763174  0.53763174  0.66680482  0.60659670  0.57823502  0.57823502  0.53763174  0.51174988  0.63608868  0.65128741  0.63608868  0.52457768  0.52457768  0.53763174  0.51174988  0.55092019  0.53763174  0.53763174  0.51174988  0.52457768  0.52457768  0.51174988  0.63608868  0.66680482  0.68265455  0.66680482  0.68265455  
41_86_0    0.41642308  0.39439346  0.39439346  0.37300066  0.46255277  0.60659670  0.60659670  0.60659670  0.52457768  0.24725214  0.29312402  0.31229962  0.01284976  0.00639699  0.00639699  0.00000000  0.45074801  0.49914063  0.48674261  0.51174988  0.49914063  0.46255277  0.52457768  0.49914063  0.46255277  0.38361977  0.40532631  0.37300066  0.36253176  0.36253176  0.37300066  0.35220888  0.55092019  0.55092019  0.51174988  0.51174988  0.49914063  0.69885114  0.63608868  0.52457768  0.51174988  0.55092019  0.59228001  0.55092019  0.56445160  0.52457768  0.73234811  0.65128741  0.68265455  0.76743329  0.68265455  0.74968281  0.69885114  0.71541013  0.74968281  0.71541013  0.73234811  0.69885114  0.69885114  0.68265455  0.73234811  0.78561997  0.74968281  0.69885114  0.68265455  0.84302572  0.80426483  0.78561997  0.76743329  0.74968281  0.74968281  0.68265455  0.74968281  0.84302572  0.78561997  0.82339156  0.69885114  0.71541013  0.68265455  0.62119580  0.62119580  0.62119580  0.62119580  0.68265455  0.57823502  0.60659670  0.59228001  0.57823502  0.55092019  0.59228001  0.59228001  0.55092019  0.60659670  0.55092019  0.56445160  0.55092019  0.63608868  0.63608868  0.65128741  0.62119580  0.63608868  0.63608868  0.62119580  0.60659670  0.59228001  0.62119580  0.62119580  0.62119580  0.68265455  0.69885114  0.69885114  0.65128741  0.66680482  0.65128741  0.68265455  0.65128741  0.51174988  0.49914063  0.51174988  0.52457768  0.52457768  0.68265455  0.62119580  0.56445160  0.56445160  0.52457768  0.49914063  0.62119580  0.63608868  0.62119580  0.51174988  0.51174988  0.52457768  0.49914063  0.53763174  0.52457768  0.52457768  0.49914063  0.51174988  0.51174988  0.49914063  0.62119580  0.65128741  0.66680482  0.65128741  0.66680482  
40_96_0    0.55092019  0.49914063  0.51174988  0.49914063  0.43912858  0.65128741  0.65128741  0.65128741  0.65128741  0.47454887  0.45074801  0.47454887  0.45074801  0.46255277  0.46255277  0.45074801  0.00000000  0.05279443  0.03255264  0.08067452  0.08781180  0.30264972  0.36253176  0.34202800  0.35220888  0.45074801  0.46255277  0.43912858  0.43912858  0.38361977  0.38361977  0.36253176  0.60659670  0.60659670  0.53763174  0.51174988  0.55092019  0.78561997  0.71541013  0.74968281  0.73234811  0.71541013  0.63608868  0.63608868  0.65128741  0.71541013  0.90526133  0.86319498  0.84302572  0.97321481  0.88392933  0.88392933  0.88392933  0.86319498  0.92722648  0.88392933  0.90526133  0.71541013  0.71541013  0.66680482  0.66680482  0.76743329  0.74968281  0.65128741  0.73234811  0.69885114  0.66680482  0.73234811  0.73234811  0.78561997  0.78561997  0.71541013  0.69885114  0.74968281  0.82339156  0.71541013  0.69885114  0.76743329  0.74968281  0.65128741  0.65128741  0.65128741  0.68265455  0.63608868  0.66680482  0.66680482  0.63608868  0.65128741  0.68265455  0.63608868  0.57823502  0.56445160  0.62119580  0.65128741  0.63608868  0.62119580  0.62119580  0.62119580  0.63608868  0.63608868  0.65128741  0.65128741  0.60659670  0.59228001  0.60659670  0.62119580  0.63608868  0.66680482  0.69885114  0.71541013  0.71541013  0.68265455  0.63608868  0.59228001  0.63608868  0.63608868  0.59228001  0.56445160  0.57823502  0.63608868  0.63608868  0.68265455  0.69885114  0.62119580  0.55092019  0.55092019  0.57823502  0.68265455  0.69885114  0.68265455  0.62119580  0.62119580  0.62119580  0.60659670  0.62119580  0.60659670  0.60659670  0.59228001  0.59228001  0.63608868  0.65128741  0.69885114  0.68265455  0.68265455  0.63608868  0.60659670  
40_95_0    0.56445160  0.53763174  0.52457768  0.51174988  0.45074801  0.63608868  0.63608868  0.63608868  0.69885114  0.46255277  0.46255277  0.51174988  0.49914063  0.51174988  0.51174988  0.49914063  0.05279443  0.00000000  0.01935928  0.05279443  0.08781180  0.29312402  0.34202800  0.32207700  0.35220888  0.40532631  0.41642308  0.39439346  0.39439346  0.42768876  0.42768876  0.38361977  0.60659670  0.60659670  0.56445160  0.56445160  0.57823502  0.78561997  0.74968281  0.78561997  0.76743329  0.71541013  0.69885114  0.73234811  0.71541013  0.71541013  0.90526133  0.86319498  0.84302572  0.92722648  0.84302572  0.84302572  0.94986351  0.92722648  0.99732695  0.94986351  0.97321481  0.74968281  0.74968281  0.69885114  0.69885114  0.78561997  0.73234811  0.68265455  0.76743329  0.66680482  0.66680482  0.69885114  0.69885114  0.74968281  0.74968281  0.65128741  0.66680482  0.74968281  0.82339156  0.65128741  0.69885114  0.73234811  0.74968281  0.68265455  0.71541013  0.74968281  0.74968281  0.69885114  0.69885114  0.66680482  0.63608868  0.65128741  0.68265455  0.63608868  0.57823502  0.59228001  0.62119580  0.62119580  0.60659670  0.60659670  0.57823502  0.59228001  0.60659670  0.60659670  0.59228001  0.59228001  0.57823502  0.56445160  0.57823502  0.59228001  0.60659670  0.63608868  0.69885114  0.71541013  0.71541013  0.65128741  0.69885114  0.59228001  0.63608868  0.63608868  0.56445160  0.53763174  0.57823502  0.60659670  0.60659670  0.73234811  0.73234811  0.63608868  0.57823502  0.60659670  0.60659670  0.68265455  0.69885114  0.68265455  0.65128741  0.65128741  0.65128741  0.66680482  0.62119580  0.63608868  0.63608868  0.62119580  0.62119580  0.66680482  0.68265455  0.63608868  0.62119580  0.62119580  0.57823502  0.55092019  
78_95_0    0.55092019  0.49914063  0.51174988  0.49914063  0.43912858  0.60659670  0.60659670  0.60659670  0.66680482  0.47454887  0.47454887  0.49914063  0.48674261  0.49914063  0.49914063  0.48674261  0.03255264  0.01935928  0.00000000  0.05966661  0.06660320  0.27443273  0.33198527  0.31229962  0.34202800  0.41642308  0.42768876  0.40532631  0.40532631  0.39439346  0.39439346  0.35220888  0.62119580  0.62119580  0.55092019  0.55092019  0.56445160  0.80426483  0.73234811  0.80426483  0.78561997  0.73234811  0.68265455  0.71541013  0.69885114  0.69885114  0.90526133  0.86319498  0.84302572  0.92722648  0.84302572  0.84302572  0.94986351  0.92722648  0.99732695  0.94986351  0.97321481  0.73234811  0.73234811  0.68265455  0.68265455  0.76743329  0.74968281  0.66680482  0.74968281  0.65128741  0.65128741  0.68265455  0.68265455  0.73234811  0.73234811  0.63608868  0.65128741  0.73234811  0.80426483  0.66680482  0.68265455  0.71541013  0.73234811  0.69885114  0.69885114  0.73234811  0.73234811  0.68265455  0.68265455  0.68265455  0.65128741  0.66680482  0.69885114  0.65128741  0.56445160  0.57823502  0.60659670  0.63608868  0.62119580  0.63608868  0.57823502  0.57823502  0.59228001  0.59228001  0.60659670  0.60659670  0.56445160  0.55092019  0.56445160  0.57823502  0.59228001  0.62119580  0.68265455  0.69885114  0.69885114  0.66680482  0.68265455  0.57823502  0.62119580  0.65128741  0.55092019  0.52457768  0.56445160  0.59228001  0.59228001  0.69885114  0.71541013  0.65128741  0.59228001  0.59228001  0.62119580  0.69885114  0.71541013  0.69885114  0.66680482  0.66680482  0.66680482  0.68265455  0.63608868  0.65128741  0.65128741  0.63608868  0.63608868  0.68265455  0.69885114  0.65128741  0.63608868  0.63608868  0.59228001  0.56445160  
41_95_0    0.65128741  0.59228001  0.60659670  0.59228001  0.52457768  0.66680482  0.66680482  0.66680482  0.69885114  0.46255277  0.46255277  0.47454887  0.51174988  0.52457768  0.52457768  0.51174988  0.08067452  0.05279443  0.05966661  0.00000000  0.10964612  0.28371938  0.36253176  0.31229962  0.34202800  0.41642308  0.40532631  0.38361977  0.38361977  0.41642308  0.41642308  0.37300066  0.65128741  0.65128741  0.62119580  0.62119580  0.63608868  0.88392933  0.80426483  0.78561997  0.76743329  0.74968281  0.76743329  0.76743329  0.78561997  0.78561997  0.90526133  0.86319498  0.84302572  0.94986351  0.90526133  0.90526133  0.97321481  0.92722648  1.02225118  0.97321481  0.97321481  0.82339156  0.82339156  0.76743329  0.76743329  0.84302572  0.78561997  0.73234811  0.82339156  0.74968281  0.71541013  0.74968281  0.74968281  0.80426483  0.80426483  0.73234811  0.74968281  0.82339156  0.90526133  0.71541013  0.76743329  0.78561997  0.80426483  0.73234811  0.76743329  0.80426483  0.74968281  0.76743329  0.78561997  0.74968281  0.71541013  0.73234811  0.76743329  0.74968281  0.68265455  0.69885114  0.73234811  0.69885114  0.68265455  0.68265455  0.62119580  0.65128741  0.66680482  0.68265455  0.65128741  0.65128741  0.65128741  0.63608868  0.65128741  0.66680482  0.68265455  0.71541013  0.69885114  0.71541013  0.71541013  0.65128741  0.80426483  0.66680482  0.71541013  0.71541013  0.59228001  0.57823502  0.57823502  0.63608868  0.63608868  0.76743329  0.76743329  0.69885114  0.60659670  0.63608868  0.63608868  0.68265455  0.69885114  0.68265455  0.68265455  0.68265455  0.68265455  0.69885114  0.68265455  0.66680482  0.66680482  0.65128741  0.65128741  0.69885114  0.71541013  0.68265455  0.66680482  0.66680482  0.65128741  0.62119580  
59_95_0    0.55092019  0.52457768  0.53763174  0.52457768  0.46255277  0.66680482  0.66680482  0.66680482  0.68265455  0.48674261  0.47454887  0.47454887  0.49914063  0.51174988  0.51174988  0.49914063  0.08781180  0.08781180  0.06660320  0.10964612  0.00000000  0.30264972  0.36253176  0.32207700  0.35220888  0.45074801  0.46255277  0.43912858  0.43912858  0.42768876  0.42768876  0.38361977  0.59228001  0.62119580  0.49914063  0.49914063  0.51174988  0.80426483  0.74968281  0.73234811  0.71541013  0.69885114  0.68265455  0.68265455  0.69885114  0.69885114  0.84302572  0.80426483  0.78561997  0.94986351  0.92722648  0.86319498  0.90526133  0.84302572  0.90526133  0.86319498  0.84302572  0.78561997  0.78561997  0.76743329  0.73234811  0.78561997  0.76743329  0.66680482  0.71541013  0.63608868  0.63608868  0.69885114  0.69885114  0.74968281  0.74968281  0.65128741  0.66680482  0.71541013  0.78561997  0.65128741  0.66680482  0.69885114  0.68265455  0.71541013  0.71541013  0.71541013  0.71541013  0.63608868  0.66680482  0.66680482  0.63608868  0.65128741  0.68265455  0.63608868  0.57823502  0.59228001  0.62119580  0.62119580  0.60659670  0.62119580  0.56445160  0.53763174  0.55092019  0.57823502  0.56445160  0.56445160  0.55092019  0.53763174  0.55092019  0.59228001  0.60659670  0.63608868  0.63608868  0.65128741  0.65128741  0.62119580  0.73234811  0.62119580  0.66680482  0.63608868  0.53763174  0.53763174  0.52457768  0.59228001  0.59228001  0.69885114  0.66680482  0.60659670  0.55092019  0.55092019  0.57823502  0.68265455  0.69885114  0.68265455  0.62119580  0.62119580  0.62119580  0.63608868  0.65128741  0.60659670  0.60659670  0.59228001  0.59228001  0.60659670  0.65128741  0.63608868  0.62119580  0.62119580  0.57823502  0.55092019  
59_92_0    0.48674261  0.43912858  0.45074801  0.46255277  0.41642308  0.65128741  0.65128741  0.65128741  0.63608868  0.47454887  0.49914063  0.49914063  0.46255277  0.47454887  0.47454887  0.46255277  0.30264972  0.29312402  0.27443273  0.28371938  0.30264972  0.00000000  0.13214423  0.08781180  0.09501857  0.22103450  0.22103450  0.19571391  0.19571391  0.23840933  0.22967093  0.21249769  0.59228001  0.56445160  0.60659670  0.57823502  0.62119580  0.73234811  0.59228001  0.71541013  0.69885114  0.69885114  0.71541013  0.76743329  0.73234811  0.76743329  0.68265455  0.73234811  0.66680482  0.78561997  0.68265455  0.71541013  0.66680482  0.65128741  0.73234811  0.69885114  0.68265455  0.57823502  0.57823502  0.53763174  0.57823502  0.55092019  0.59228001  0.59228001  0.63608868  0.62119580  0.65128741  0.55092019  0.53763174  0.55092019  0.55092019  0.60659670  0.62119580  0.56445160  0.65128741  0.60659670  0.57823502  0.55092019  0.63608868  0.65128741  0.62119580  0.66680482  0.63608868  0.56445160  0.55092019  0.55092019  0.53763174  0.55092019  0.55092019  0.56445160  0.57823502  0.62119580  0.59228001  0.51174988  0.53763174  0.60659670  0.55092019  0.52457768  0.51174988  0.53763174  0.55092019  0.55092019  0.53763174  0.53763174  0.57823502  0.56445160  0.57823502  0.57823502  0.59228001  0.60659670  0.63608868  0.60659670  0.73234811  0.66680482  0.69885114  0.65128741  0.56445160  0.53763174  0.53763174  0.53763174  0.53763174  0.69885114  0.59228001  0.60659670  0.52457768  0.49914063  0.55092019  0.56445160  0.57823502  0.56445160  0.59228001  0.59228001  0.62119580  0.60659670  0.59228001  0.57823502  0.57823502  0.57823502  0.56445160  0.62119580  0.63608868  0.60659670  0.62119580  0.59228001  0.62119580  0.62119580  
