101
39_0_0     0.00000000  0.03313154  0.05274536  0.27038813  0.27706719  0.27038813  0.31138896  0.47572828  0.49344363  0.63082907  0.65269363  0.68673960  0.66387072  0.67521763  0.47572828  0.47572828  0.46702574  0.50246141  0.50246141  0.55898178  0.53966248  0.48453343  0.47572828  0.49344363  0.48453343  0.48453343  0.50246141  0.55898178  0.60958644  0.53966248  0.49344363  0.43319547  0.48453343  0.54925966  0.47572828  0.55898178  0.62013223  0.57881411  0.59918748  0.62013223  0.57881411  0.52083035  0.46702574  0.49344363  0.48453343  0.47572828  0.48453343  0.54925966  0.55898178  0.53018706  0.73469175  0.75987407  0.74717678  0.55898178  0.55898178  0.57881411  0.62013223  0.63082907  0.64168134  0.55898178  0.54925966  0.52083035  0.57881411  0.59918748  0.57881411  0.64168134  0.62013223  0.72241200  0.66387072  0.66387072  0.66387072  0.66387072  0.72241200  0.71033089  0.62013223  0.56883212  0.64168134  0.65269363  0.63082907  0.71033089  0.72241200  0.71033089  0.72241200  0.68673960  0.68673960  0.63082907  0.53966248  0.55898178  0.53966248  0.50246141  0.55898178  0.54925966  0.52083035  0.52083035  0.50246141  0.54925966  0.53018706  0.65269363  0.66387072  0.55898178  0.53966248  
80_0_0     0.03313154  0.00000000  0.03798691  0.25720656  0.26376826  0.24425361  0.27706719  0.44991907  0.47572828  0.66387072  0.71033089  0.72241200  0.72241200  0.73469175  0.47572828  0.46702574  0.48453343  0.53018706  0.51158941  0.56883212  0.54925966  0.48453343  0.48453343  0.50246141  0.51158941  0.49344363  0.51158941  0.55898178  0.60958644  0.52083035  0.52083035  0.44991907  0.47572828  0.53966248  0.50246141  0.56883212  0.59918748  0.55898178  0.58893133  0.60958644  0.56883212  0.53966248  0.50246141  0.50246141  0.51158941  0.49344363  0.48453343  0.56883212  0.58893133  0.55898178  0.75987407  0.78593519  0.77279096  0.57881411  0.57881411  0.59918748  0.63082907  0.62013223  0.63082907  0.54925966  0.53966248  0.50246141  0.54925966  0.58893133  0.56883212  0.64168134  0.59918748  0.67521763  0.62013223  0.64168134  0.64168134  0.63082907  0.67521763  0.66387072  0.63082907  0.58893133  0.63082907  0.60958644  0.58893133  0.66387072  0.67521763  0.73469175  0.69844210  0.67521763  0.67521763  0.63082907  0.53966248  0.55898178  0.53966248  0.50246141  0.55898178  0.55898178  0.52083035  0.51158941  0.49344363  0.54925966  0.52083035  0.60958644  0.64168134  0.55898178  0.52083035  
66_0_0     0.05274536  0.03798691  0.00000000  0.25720656  0.26376826  0.27038813  0.29060722  0.44991907  0.47572828  0.66387072  0.66387072  0.69844210  0.67521763  0.66387072  0.46702574  0.45842343  0.46702574  0.51158941  0.51158941  0.54925966  0.53018706  0.49344363  0.48453343  0.50246141  0.53018706  0.47572828  0.50246141  0.53966248  0.58893133  0.53966248  0.53966248  0.44991907  0.47572828  0.55898178  0.48453343  0.54925966  0.59918748  0.55898178  0.57881411  0.60958644  0.58893133  0.53966248  0.46702574  0.50246141  0.47572828  0.47572828  0.50246141  0.56883212  0.58893133  0.55898178  0.77279096  0.79931490  0.78593519  0.54925966  0.54925966  0.56883212  0.55898178  0.60958644  0.64168134  0.55898178  0.54925966  0.50246141  0.56883212  0.56883212  0.58893133  0.58893133  0.59918748  0.65269363  0.59918748  0.60958644  0.60958644  0.64168134  0.68673960  0.67521763  0.57881411  0.54925966  0.60958644  0.60958644  0.59918748  0.69844210  0.71033089  0.78593519  0.73469175  0.72241200  0.69844210  0.60958644  0.55898178  0.57881411  0.55898178  0.52083035  0.57881411  0.57881411  0.53966248  0.50246141  0.48453343  0.53966248  0.51158941  0.66387072  0.65269363  0.56883212  0.49344363  
26_0_0     0.27038813  0.25720656  0.25720656  0.00000000  0.02351446  0.12029979  0.17092638  0.40083142  0.40083142  0.59918748  0.68673960  0.62013223  0.63082907  0.60958644  0.52083035  0.51158941  0.53966248  0.47572828  0.48453343  0.52083035  0.53966248  0.49344363  0.48453343  0.50246141  0.52083035  0.47572828  0.50246141  0.60958644  0.62013223  0.50246141  0.58893133  0.54925966  0.50246141  0.57881411  0.56883212  0.55898178  0.65269363  0.65269363  0.66387072  0.72241200  0.54925966  0.58893133  0.53966248  0.50246141  0.44991907  0.58893133  0.55898178  0.60958644  0.57881411  0.58893133  0.84095525  0.82681560  0.81293868  0.64168134  0.67521763  0.71033089  0.72241200  0.73469175  0.74717678  0.71033089  0.69844210  0.55898178  0.59918748  0.53966248  0.53966248  0.75987407  0.81293868  0.71033089  0.72241200  0.69844210  0.73469175  0.66387072  0.78593519  0.79931490  0.74717678  0.68673960  0.72241200  0.72241200  0.63082907  0.69844210  0.68673960  0.84095525  0.78593519  0.75987407  0.73469175  0.63082907  0.55898178  0.53966248  0.55898178  0.50246141  0.55898178  0.53966248  0.52083035  0.56883212  0.54925966  0.56883212  0.57881411  0.58893133  0.71033089  0.60958644  0.58893133  
78_0_0     0.27706719  0.26376826  0.26376826  0.02351446  0.00000000  0.14800101  0.17676939  0.40879191  0.39295489  0.59918748  0.67521763  0.60958644  0.62013223  0.59918748  0.53966248  0.51158941  0.52083035  0.45842343  0.48453343  0.52083035  0.53966248  0.49344363  0.46702574  0.48453343  0.50246141  0.44151046  0.46702574  0.58893133  0.62013223  0.50246141  0.54925966  0.53966248  0.50246141  0.62013223  0.57881411  0.57881411  0.64168134  0.64168134  0.65269363  0.71033089  0.56883212  0.58893133  0.55898178  0.50246141  0.46702574  0.57881411  0.54925966  0.57881411  0.60958644  0.57881411  0.82681560  0.81293868  0.79931490  0.66387072  0.65269363  0.68673960  0.67521763  0.73469175  0.74717678  0.71033089  0.69844210  0.56883212  0.64168134  0.54925966  0.58893133  0.72241200  0.79931490  0.72241200  0.75987407  0.73469175  0.74717678  0.67521763  0.78593519  0.79931490  0.77279096  0.71033089  0.69844210  0.74717678  0.62013223  0.64168134  0.69844210  0.81293868  0.75987407  0.75987407  0.73469175  0.62013223  0.56883212  0.54925966  0.56883212  0.51158941  0.56883212  0.54925966  0.53018706  0.54925966  0.53018706  0.56883212  0.55898178  0.58893133  0.71033089  0.60958644  0.56883212  
59_0_0     0.27038813  0.24425361  0.27038813  0.12029979  0.14800101  0.00000000  0.12575845  0.44151046  0.45842343  0.66387072  0.66387072  0.64168134  0.67521763  0.67521763  0.46702574  0.47572828  0.54925966  0.55898178  0.51158941  0.53966248  0.55898178  0.50246141  0.55898178  0.53966248  0.57881411  0.48453343  0.50246141  0.67521763  0.68673960  0.53966248  0.58893133  0.57881411  0.51158941  0.57881411  0.59918748  0.60958644  0.63082907  0.63082907  0.65269363  0.71033089  0.54925966  0.58893133  0.54925966  0.49344363  0.48453343  0.62013223  0.58893133  0.66387072  0.63082907  0.60958644  0.88505501  0.87006389  0.85536777  0.66387072  0.72241200  0.73469175  0.73469175  0.68673960  0.72241200  0.64168134  0.63082907  0.60958644  0.59918748  0.62013223  0.59918748  0.72241200  0.73469175  0.79931490  0.78593519  0.75987407  0.77279096  0.65269363  0.79931490  0.78593519  0.78593519  0.72241200  0.69844210  0.72241200  0.65269363  0.73469175  0.65269363  0.82681560  0.71033089  0.75987407  0.81293868  0.69844210  0.55898178  0.57881411  0.59918748  0.52083035  0.59918748  0.59918748  0.55898178  0.58893133  0.56883212  0.58893133  0.59918748  0.58893133  0.74717678  0.63082907  0.60958644  
82_0_0     0.31138896  0.27706719  0.29060722  0.17092638  0.17676939  0.12575845  0.00000000  0.49344363  0.47572828  0.74717678  0.74717678  0.65269363  0.71033089  0.71033089  0.51158941  0.47572828  0.54925966  0.52083035  0.54925966  0.57881411  0.53966248  0.53018706  0.58893133  0.56883212  0.59918748  0.51158941  0.52083035  0.63082907  0.71033089  0.62013223  0.56883212  0.53966248  0.53018706  0.53966248  0.52083035  0.56883212  0.66387072  0.66387072  0.68673960  0.74717678  0.56883212  0.58893133  0.53018706  0.51158941  0.48453343  0.62013223  0.58893133  0.59918748  0.58893133  0.58893133  0.78593519  0.82681560  0.81293868  0.65269363  0.62013223  0.65269363  0.63082907  0.69844210  0.71033089  0.63082907  0.64168134  0.62013223  0.58893133  0.63082907  0.59918748  0.72241200  0.68673960  0.82681560  0.78593519  0.73469175  0.77279096  0.72241200  0.81293868  0.82681560  0.78593519  0.74717678  0.60958644  0.66387072  0.63082907  0.65269363  0.56883212  0.85536777  0.84095525  0.78593519  0.78593519  0.66387072  0.56883212  0.53018706  0.53018706  0.49344363  0.54925966  0.54925966  0.53018706  0.56883212  0.54925966  0.60958644  0.55898178  0.66387072  0.74717678  0.67521763  0.56883212  
36_0_0     0.47572828  0.44991907  0.44991907  0.40083142  0.40879191  0.44151046  0.49344363  0.00000000  0.03798691  0.64168134  0.68673960  0.67521763  0.64168134  0.63082907  0.65269363  0.62013223  0.62013223  0.59918748  0.54925966  0.57881411  0.59918748  0.53018706  0.63082907  0.63082907  0.56883212  0.53966248  0.55898178  0.64168134  0.64168134  0.56883212  0.58893133  0.51158941  0.50246141  0.53018706  0.57881411  0.54925966  0.58893133  0.63082907  0.65269363  0.66387072  0.52083035  0.55898178  0.49344363  0.48453343  0.42497203  0.53966248  0.49344363  0.53966248  0.50246141  0.48453343  0.85536777  0.82681560  0.81293868  0.68673960  0.64168134  0.66387072  0.71033089  0.67521763  0.66387072  0.66387072  0.67521763  0.58893133  0.58893133  0.62013223  0.55898178  0.64168134  0.64168134  0.71033089  0.75987407  0.72241200  0.72241200  0.77279096  0.74717678  0.73469175  0.73469175  0.69844210  0.64168134  0.68673960  0.64168134  0.72241200  0.58893133  0.85536777  0.77279096  0.82681560  0.85536777  0.67521763  0.66387072  0.59918748  0.60958644  0.63082907  0.64168134  0.64168134  0.58893133  0.63082907  0.60958644  0.62013223  0.63082907  0.59918748  0.74717678  0.67521763  0.63082907  
96_0_0     0.49344363  0.47572828  0.47572828  0.40083142  0.39295489  0.45842343  0.47572828  0.03798691  0.00000000  0.66387072  0.68673960  0.65269363  0.66387072  0.65269363  0.63082907  0.62013223  0.63082907  0.58893133  0.52083035  0.56883212  0.56883212  0.52083035  0.62013223  0.62013223  0.55898178  0.54925966  0.56883212  0.63082907  0.63082907  0.55898178  0.55898178  0.49344363  0.53018706  0.55898178  0.58893133  0.55898178  0.56883212  0.60958644  0.63082907  0.64168134  0.53018706  0.53018706  0.50246141  0.49344363  0.44991907  0.56883212  0.52083035  0.56883212  0.51158941  0.49344363  0.87006389  0.81293868  0.79931490  0.71033089  0.67521763  0.69844210  0.74717678  0.71033089  0.69844210  0.72241200  0.73469175  0.62013223  0.62013223  0.64168134  0.62013223  0.65269363  0.65269363  0.69844210  0.74717678  0.71033089  0.71033089  0.75987407  0.73469175  0.74717678  0.69844210  0.68673960  0.67521763  0.72241200  0.63082907  0.68673960  0.58893133  0.84095525  0.78593519  0.84095525  0.87006389  0.63082907  0.66387072  0.59918748  0.60958644  0.60958644  0.62013223  0.62013223  0.56883212  0.64168134  0.62013223  0.63082907  0.62013223  0.58893133  0.72241200  0.67521763  0.65269363  
61_0_0     0.63082907  0.66387072  0.66387072  0.59918748  0.59918748  0.66387072  0.74717678  0.64168134  0.66387072  0.00000000  0.14237796  0.15366672  0.10415919  0.10950072  0.85536777  0.78593519  0.74717678  0.74717678  0.81293868  0.85536777  0.85536777  0.77279096  0.87006389  0.78593519  0.85536777  0.84095525  0.84095525  0.75987407  0.73469175  0.87006389  0.79931490  0.82681560  0.67521763  0.75987407  0.79931490  0.84095525  0.81293868  0.81293868  0.84095525  0.82681560  0.72241200  0.73469175  0.77279096  0.75987407  0.78593519  0.91597132  0.88505501  0.91597132  0.91597132  0.79931490  0.90035320  0.96488643  0.98193027  0.94822289  0.82681560  0.85536777  0.84095525  0.82681560  0.84095525  0.84095525  0.85536777  0.79931490  0.87006389  0.81293868  0.75987407  0.91597132  1.01723114  0.81293868  0.82681560  0.82681560  0.84095525  0.84095525  0.98193027  0.96488643  0.98193027  0.94822289  1.05428366  0.94822289  0.96488643  0.99937216  0.96488643  1.20069573  1.24840133  1.13440574  1.13440574  0.77279096  0.82681560  0.79931490  0.81293868  0.78593519  0.82681560  0.84095525  0.77279096  0.78593519  0.77279096  0.78593519  0.81293868  0.79931490  0.88505501  0.81293868  0.82681560  
43_0_0     0.65269363  0.71033089  0.66387072  0.68673960  0.67521763  0.66387072  0.74717678  0.68673960  0.68673960  0.14237796  0.00000000  0.15366672  0.09358937  0.10950072  0.91597132  0.87006389  0.93192303  0.90035320  0.94822289  0.98193027  0.93192303  0.93192303  0.85536777  0.79931490  0.91597132  0.91597132  0.90035320  0.85536777  0.88505501  0.93192303  0.90035320  0.90035320  0.79931490  0.88505501  0.85536777  0.94822289  0.84095525  0.87006389  0.84095525  0.82681560  0.84095525  0.82681560  0.82681560  0.88505501  0.82681560  0.88505501  0.91597132  0.87006389  0.93192303  0.90035320  1.03552765  1.03552765  1.05428366  0.98193027  0.87006389  0.87006389  0.90035320  0.91597132  0.94822289  0.96488643  0.98193027  0.79931490  0.99937216  0.82681560  0.84095525  0.90035320  0.99937216  0.88505501  0.93192303  0.88505501  0.90035320  0.96488643  1.03552765  1.01723114  1.05428366  1.01723114  1.07352286  0.98193027  1.05428366  0.98193027  0.91597132  1.17793902  1.20069573  1.07352286  1.09327079  0.77279096  0.91597132  0.93192303  0.94822289  0.88505501  0.93192303  0.96488643  0.87006389  0.79931490  0.81293868  0.82681560  0.82681560  0.85536777  0.98193027  0.87006389  0.81293868  
48_0_0     0.68673960  0.72241200  0.69844210  0.62013223  0.60958644  0.64168134  0.65269363  0.67521763  0.65269363  0.15366672  0.15366672  0.00000000  0.10415919  0.12029979  0.88505501  0.84095525  0.79931490  0.79931490  0.77279096  0.79931490  0.84095525  0.75987407  0.75987407  0.69844210  0.78593519  0.84095525  0.81293868  0.88505501  0.87006389  0.85536777  0.78593519  0.81293868  0.72241200  0.82681560  0.77279096  0.77279096  0.93192303  0.93192303  0.93192303  0.96488643  0.73469175  0.77279096  0.79931490  0.77279096  0.77279096  0.93192303  0.93192303  0.90035320  0.90035320  0.78593519  0.87006389  0.96488643  0.98193027  0.98193027  0.85536777  0.85536777  0.81293868  0.84095525  0.87006389  0.88505501  0.90035320  0.74717678  0.79931490  0.74717678  0.75987407  0.84095525  0.94822289  0.82681560  0.85536777  0.85536777  0.84095525  0.81293868  0.88505501  0.90035320  0.98193027  0.98193027  0.91597132  0.94822289  0.90035320  0.84095525  0.91597132  1.24840133  1.29936329  1.13440574  1.20069573  0.78593519  0.79931490  0.81293868  0.82681560  0.79931490  0.84095525  0.84095525  0.78593519  0.75987407  0.77279096  0.75987407  0.78593519  0.75987407  0.96488643  0.74717678  0.77279096  
75_0_0     0.66387072  0.72241200  0.67521763  0.63082907  0.62013223  0.67521763  0.71033089  0.64168134  0.66387072  0.10415919  0.09358937  0.10415919  0.00000000  0.01401965  0.94822289  0.87006389  0.88505501  0.85536777  0.88505501  0.88505501  0.84095525  0.87006389  0.82681560  0.79931490  0.85536777  0.84095525  0.78593519  0.94822289  0.96488643  0.98193027  0.88505501  0.91597132  0.74717678  0.85536777  0.82681560  0.88505501  0.91597132  0.94822289  0.91597132  0.90035320  0.81293868  0.81293868  0.79931490  0.79931490  0.79931490  0.84095525  0.84095525  0.84095525  0.90035320  0.81293868  0.93192303  0.99937216  1.01723114  0.90035320  0.78593519  0.78593519  0.79931490  0.85536777  0.85536777  0.87006389  0.88505501  0.75987407  0.90035320  0.75987407  0.74717678  0.84095525  0.98193027  0.85536777  0.91597132  0.85536777  0.84095525  0.87006389  0.94822289  0.93192303  1.01723114  0.98193027  1.01723114  0.94822289  0.94822289  0.91597132  0.90035320  1.17793902  1.22416770  1.15585524  1.13440574  0.79931490  0.90035320  0.88505501  0.90035320  0.90035320  0.94822289  0.93192303  0.85536777  0.74717678  0.75987407  0.74717678  0.77279096  0.84095525  0.99937216  0.81293868  0.72241200  
93_0_0     0.67521763  0.73469175  0.66387072  0.60958644  0.59918748  0.67521763  0.71033089  0.63082907  0.65269363  0.10950072  0.10950072  0.12029979  0.01401965  0.00000000  0.98193027  0.87006389  0.88505501  0.85536777  0.88505501  0.88505501  0.84095525  0.88505501  0.82681560  0.79931490  0.85536777  0.84095525  0.78593519  0.94822289  0.96488643  0.98193027  0.90035320  0.91597132  0.74717678  0.85536777  0.82681560  0.88505501  0.91597132  0.94822289  0.93192303  0.91597132  0.81293868  0.81293868  0.79931490  0.79931490  0.79931490  0.84095525  0.84095525  0.84095525  0.90035320  0.81293868  0.93192303  0.99937216  1.01723114  0.90035320  0.78593519  0.78593519  0.79931490  0.85536777  0.85536777  0.87006389  0.88505501  0.75987407  0.91597132  0.75987407  0.74717678  0.84095525  0.98193027  0.85536777  0.91597132  0.87006389  0.85536777  0.87006389  0.94822289  0.93192303  1.01723114  0.98193027  1.01723114  0.94822289  0.94822289  0.91597132  0.90035320  1.17793902  1.22416770  1.15585524  1.11355510  0.78593519  0.91597132  0.90035320  0.91597132  0.91597132  0.96488643  0.94822289  0.87006389  0.73469175  0.74717678  0.73469175  0.75987407  0.87006389  0.96488643  0.82681560  0.73469175  
50_0_0     0.47572828  0.47572828  0.46702574  0.52083035  0.53966248  0.46702574  0.51158941  0.65269363  0.63082907  0.85536777  0.91597132  0.88505501  0.94822289  0.98193027  0.00000000  0.07288819  0.54925966  0.57881411  0.53018706  0.51158941  0.53018706  0.54925966  0.53966248  0.53018706  0.57881411  0.51158941  0.52083035  0.59918748  0.57881411  0.54925966  0.55898178  0.51158941  0.53966248  0.53966248  0.53018706  0.50246141  0.59918748  0.57881411  0.59918748  0.64168134  0.50246141  0.52083035  0.48453343  0.48453343  0.52083035  0.53018706  0.53966248  0.53966248  0.53018706  0.55898178  0.75987407  0.73469175  0.72241200  0.66387072  0.71033089  0.71033089  0.66387072  0.71033089  0.69844210  0.74717678  0.73469175  0.59918748  0.66387072  0.62013223  0.68673960  0.79931490  0.81293868  0.71033089  0.68673960  0.67521763  0.67521763  0.71033089  0.94822289  0.96488643  0.64168134  0.60958644  0.71033089  0.72241200  0.69844210  0.75987407  0.64168134  0.88505501  0.84095525  0.84095525  0.82681560  0.62013223  0.65269363  0.62013223  0.64168134  0.57881411  0.62013223  0.62013223  0.62013223  0.64168134  0.62013223  0.63082907  0.63082907  0.66387072  0.71033089  0.58893133  0.63082907  
97_0_0     0.47572828  0.46702574  0.45842343  0.51158941  0.51158941  0.47572828  0.47572828  0.62013223  0.62013223  0.78593519  0.87006389  0.84095525  0.87006389  0.87006389  0.07288819  0.00000000  0.55898178  0.53966248  0.56883212  0.54925966  0.54925966  0.54925966  0.57881411  0.54925966  0.56883212  0.50246141  0.49344363  0.58893133  0.54925966  0.56883212  0.59918748  0.52083035  0.49344363  0.52083035  0.51158941  0.45842343  0.60958644  0.58893133  0.64168134  0.65269363  0.48453343  0.50246141  0.46702574  0.47572828  0.49344363  0.54925966  0.55898178  0.57881411  0.56883212  0.53018706  0.69844210  0.73469175  0.72241200  0.63082907  0.65269363  0.65269363  0.63082907  0.72241200  0.71033089  0.77279096  0.75987407  0.63082907  0.67521763  0.66387072  0.68673960  0.75987407  0.75987407  0.69844210  0.68673960  0.67521763  0.67521763  0.69844210  0.88505501  0.90035320  0.63082907  0.62013223  0.71033089  0.72241200  0.67521763  0.72241200  0.65269363  0.87006389  0.88505501  0.84095525  0.75987407  0.55898178  0.60958644  0.64168134  0.67521763  0.59918748  0.62013223  0.64168134  0.65269363  0.58893133  0.56883212  0.57881411  0.57881411  0.64168134  0.64168134  0.56883212  0.55898178  
60_0_0     0.46702574  0.48453343  0.46702574  0.53966248  0.52083035  0.54925966  0.54925966  0.62013223  0.63082907  0.74717678  0.93192303  0.79931490  0.88505501  0.88505501  0.54925966  0.55898178  0.00000000  0.07288819  0.18265847  0.22523590  0.24425361  0.20669044  0.27038813  0.25070200  0.23786041  0.23152148  0.28380652  0.36981176  0.34736428  0.28380652  0.29060722  0.29060722  0.23152148  0.31138896  0.34002925  0.30439727  0.48453343  0.47572828  0.48453343  0.52083035  0.29747042  0.27038813  0.23786041  0.27038813  0.27706719  0.36981176  0.34002925  0.37744673  0.37744673  0.29747042  0.69844210  0.75987407  0.74717678  0.58893133  0.53018706  0.54925966  0.57881411  0.59918748  0.62013223  0.59918748  0.58893133  0.62013223  0.62013223  0.62013223  0.63082907  0.66387072  0.74717678  0.67521763  0.66387072  0.71033089  0.67521763  0.73469175  0.75987407  0.74717678  0.68673960  0.68673960  0.62013223  0.57881411  0.65269363  0.65269363  0.66387072  0.73469175  0.69844210  0.74717678  0.69844210  0.73469175  0.68673960  0.65269363  0.64168134  0.67521763  0.66387072  0.65269363  0.66387072  0.58893133  0.56883212  0.56883212  0.57881411  0.64168134  0.71033089  0.60958644  0.53018706  
91_0_0     0.50246141  0.53018706  0.51158941  0.47572828  0.45842343  0.55898178  0.52083035  0.59918748  0.58893133  0.74717678  0.90035320  0.79931490  0.85536777  0.85536777  0.57881411  0.53966248  0.07288819  0.00000000  0.18265847  0.21900277  0.23786041  0.20669044  0.23786041  0.24425361  0.23152148  0.23152148  0.27038813  0.33276556  0.33276556  0.26376826  0.29060722  0.28380652  0.22523590  0.32557183  0.31138896  0.24425361  0.48453343  0.47572828  0.48453343  0.50246141  0.28380652  0.26376826  0.24425361  0.27706719  0.27038813  0.37744673  0.34736428  0.38516056  0.37744673  0.30439727  0.79931490  0.81293868  0.79931490  0.58893133  0.51158941  0.54925966  0.63082907  0.56883212  0.58893133  0.60958644  0.62013223  0.62013223  0.66387072  0.64168134  0.63082907  0.66387072  0.72241200  0.67521763  0.71033089  0.73469175  0.74717678  0.73469175  0.74717678  0.75987407  0.68673960  0.68673960  0.64168134  0.64168134  0.64168134  0.66387072  0.68673960  0.74717678  0.73469175  0.73469175  0.66387072  0.66387072  0.64168134  0.58893133  0.59918748  0.63082907  0.59918748  0.58893133  0.62013223  0.55898178  0.55898178  0.55898178  0.56883212  0.59918748  0.69844210  0.56883212  0.55898178  
51_0_0     0.50246141  0.51158941  0.51158941  0.48453343  0.48453343  0.51158941  0.54925966  0.54925966  0.52083035  0.81293868  0.94822289  0.77279096  0.88505501  0.88505501  0.53018706  0.56883212  0.18265847  0.18265847  0.00000000  0.05274536  0.07800994  0.05274536  0.18859436  0.17676939  0.18859436  0.20060956  0.24425361  0.31138896  0.34002925  0.20669044  0.20060956  0.21900277  0.23786041  0.27706719  0.32557183  0.25070200  0.34736428  0.34002925  0.36225406  0.39295489  0.21900277  0.22523590  0.21282123  0.21900277  0.20060956  0.34736428  0.36225406  0.39295489  0.30439727  0.27038813  0.75987407  0.72241200  0.71033089  0.58893133  0.49344363  0.49344363  0.55898178  0.50246141  0.50246141  0.53966248  0.54925966  0.54925966  0.54925966  0.57881411  0.63082907  0.60958644  0.63082907  0.63082907  0.62013223  0.63082907  0.64168134  0.71033089  0.69844210  0.71033089  0.68673960  0.67521763  0.60958644  0.63082907  0.65269363  0.64168134  0.65269363  0.74717678  0.69844210  0.74717678  0.72241200  0.64168134  0.64168134  0.56883212  0.57881411  0.59918748  0.60958644  0.59918748  0.62013223  0.55898178  0.53966248  0.52083035  0.54925966  0.57881411  0.73469175  0.65269363  0.56883212  
40_0_0     0.55898178  0.56883212  0.54925966  0.52083035  0.52083035  0.53966248  0.57881411  0.57881411  0.56883212  0.85536777  0.98193027  0.79931490  0.88505501  0.88505501  0.51158941  0.54925966  0.22523590  0.21900277  0.05274536  0.00000000  0.03313154  0.09885558  0.23786041  0.22523590  0.22523590  0.22523590  0.26376826  0.37744673  0.37744673  0.25070200  0.23786041  0.27038813  0.27706719  0.31138896  0.34736428  0.27038813  0.39295489  0.38516056  0.40083142  0.43319547  0.25720656  0.27706719  0.25070200  0.24425361  0.22523590  0.35477206  0.38516056  0.40083142  0.34736428  0.30439727  0.79931490  0.75987407  0.74717678  0.63082907  0.50246141  0.50246141  0.56883212  0.53018706  0.54925966  0.56883212  0.57881411  0.62013223  0.60958644  0.58893133  0.65269363  0.69844210  0.71033089  0.71033089  0.69844210  0.66387072  0.67521763  0.78593519  0.77279096  0.75987407  0.66387072  0.63082907  0.63082907  0.62013223  0.69844210  0.66387072  0.67521763  0.78593519  0.73469175  0.75987407  0.73469175  0.63082907  0.65269363  0.59918748  0.60958644  0.64168134  0.64168134  0.64168134  0.66387072  0.58893133  0.56883212  0.54925966  0.57881411  0.63082907  0.82681560  0.68673960  0.57881411  
35_0_0     0.53966248  0.54925966  0.53018706  0.53966248  0.53966248  0.55898178  0.53966248  0.59918748  0.56883212  0.85536777  0.93192303  0.84095525  0.84095525  0.84095525  0.53018706  0.54925966  0.24425361  0.23786041  0.07800994  0.03313154  0.00000000  0.12029979  0.25720656  0.23152148  0.25720656  0.25720656  0.29747042  0.38516056  0.43319547  0.29747042  0.27038813  0.29060722  0.29747042  0.30439727  0.34002925  0.29060722  0.40083142  0.40879191  0.41683815  0.44991907  0.27706719  0.27038813  0.25720656  0.26376826  0.24425361  0.34736428  0.37744673  0.39295489  0.34002925  0.31138896  0.81293868  0.79931490  0.78593519  0.62013223  0.51158941  0.51158941  0.57881411  0.57881411  0.55898178  0.59918748  0.60958644  0.60958644  0.63082907  0.62013223  0.62013223  0.66387072  0.67521763  0.69844210  0.68673960  0.66387072  0.67521763  0.77279096  0.73469175  0.72241200  0.66387072  0.63082907  0.59918748  0.56883212  0.68673960  0.67521763  0.59918748  0.73469175  0.73469175  0.75987407  0.68673960  0.60958644  0.67521763  0.59918748  0.60958644  0.64168134  0.64168134  0.64168134  0.66387072  0.55898178  0.53966248  0.52083035  0.53018706  0.64168134  0.79931490  0.69844210  0.56883212  
58_0_0     0.48453343  0.48453343  0.49344363  0.49344363  0.49344363  0.50246141  0.53018706  0.53018706  0.52083035  0.77279096  0.93192303  0.75987407  0.87006389  0.88505501  0.54925966  0.54925966  0.20669044  0.20669044  0.05274536  0.09885558  0.12029979  0.00000000  0.23152148  0.21900277  0.18265847  0.24425361  0.29060722  0.32557183  0.35477206  0.22523590  0.21282123  0.27038813  0.26376826  0.29747042  0.35477206  0.27706719  0.35477206  0.35477206  0.37744673  0.39295489  0.24425361  0.26376826  0.25070200  0.25720656  0.23786041  0.37744673  0.39295489  0.42497203  0.34736428  0.31138896  0.78593519  0.77279096  0.75987407  0.59918748  0.52083035  0.52083035  0.58893133  0.54925966  0.54925966  0.56883212  0.57881411  0.53018706  0.52083035  0.59918748  0.65269363  0.58893133  0.60958644  0.64168134  0.63082907  0.62013223  0.62013223  0.73469175  0.72241200  0.73469175  0.66387072  0.68673960  0.57881411  0.62013223  0.67521763  0.66387072  0.64168134  0.77279096  0.72241200  0.72241200  0.72241200  0.71033089  0.65269363  0.59918748  0.60958644  0.60958644  0.64168134  0.63082907  0.63082907  0.55898178  0.53966248  0.53966248  0.54925966  0.53966248  0.75987407  0.58893133  0.54925966  
34_0_0     0.47572828  0.48453343  0.48453343  0.48453343  0.46702574  0.55898178  0.58893133  0.63082907  0.62013223  0.87006389  0.85536777  0.75987407  0.82681560  0.82681560  0.53966248  0.57881411  0.27038813  0.23786041  0.18859436  0.23786041  0.25720656  0.23152148  0.00000000  0.07800994  0.13679693  0.17092638  0.19457780  0.27038813  0.35477206  0.17676939  0.28380652  0.27038813  0.29747042  0.38516056  0.36225406  0.31138896  0.41683815  0.40879191  0.43319547  0.45842343  0.28380652  0.30439727  0.25720656  0.25720656  0.24425361  0.29060722  0.30439727  0.31844673  0.33276556  0.30439727  0.75987407  0.77279096  0.75987407  0.62013223  0.59918748  0.59918748  0.60958644  0.55898178  0.54925966  0.56883212  0.55898178  0.55898178  0.60958644  0.54925966  0.65269363  0.66387072  0.67521763  0.73469175  0.77279096  0.79931490  0.79931490  0.63082907  0.73469175  0.74717678  0.65269363  0.65269363  0.59918748  0.59918748  0.63082907  0.58893133  0.68673960  0.71033089  0.78593519  0.73469175  0.64168134  0.63082907  0.58893133  0.57881411  0.58893133  0.63082907  0.59918748  0.58893133  0.63082907  0.53018706  0.53018706  0.53018706  0.52083035  0.59918748  0.64168134  0.64168134  0.59918748  
87_0_0     0.49344363  0.50246141  0.50246141  0.50246141  0.48453343  0.53966248  0.56883212  0.63082907  0.62013223  0.78593519  0.79931490  0.69844210  0.79931490  0.79931490  0.53018706  0.54925966  0.25070200  0.24425361  0.17676939  0.22523590  0.23152148  0.21900277  0.07800994  0.00000000  0.15937574  0.19457780  0.21900277  0.25720656  0.34736428  0.18265847  0.29747042  0.29060722  0.29747042  0.36981176  0.36225406  0.32557183  0.43319547  0.40879191  0.44991907  0.48453343  0.28380652  0.31138896  0.27038813  0.25720656  0.24425361  0.34736428  0.33276556  0.34736428  0.36981176  0.30439727  0.78593519  0.79931490  0.81293868  0.64168134  0.62013223  0.62013223  0.60958644  0.58893133  0.57881411  0.62013223  0.60958644  0.60958644  0.65269363  0.54925966  0.65269363  0.65269363  0.66387072  0.72241200  0.73469175  0.73469175  0.73469175  0.64168134  0.68673960  0.69844210  0.67521763  0.67521763  0.66387072  0.64168134  0.68673960  0.66387072  0.63082907  0.66387072  0.74717678  0.69844210  0.60958644  0.63082907  0.58893133  0.57881411  0.58893133  0.60958644  0.58893133  0.60958644  0.63082907  0.54925966  0.56883212  0.54925966  0.55898178  0.60958644  0.64168134  0.68673960  0.58893133  
27_0_0     0.48453343  0.51158941  0.53018706  0.52083035  0.50246141  0.57881411  0.59918748  0.56883212  0.55898178  0.85536777  0.91597132  0.78593519  0.85536777  0.85536777  0.57881411  0.56883212  0.23786041  0.23152148  0.18859436  0.22523590  0.25720656  0.18265847  0.13679693  0.15937574  0.00000000  0.15937574  0.15937574  0.28380652  0.30439727  0.15937574  0.24425361  0.25070200  0.26376826  0.29747042  0.31844673  0.27038813  0.42497203  0.41683815  0.40879191  0.43319547  0.25070200  0.26376826  0.22523590  0.22523590  0.21900277  0.31844673  0.31844673  0.35477206  0.34002925  0.27706719  0.74717678  0.81293868  0.79931490  0.59918748  0.58893133  0.58893133  0.62013223  0.58893133  0.59918748  0.59918748  0.58893133  0.55898178  0.60958644  0.56883212  0.64168134  0.63082907  0.67521763  0.74717678  0.75987407  0.75987407  0.73469175  0.69844210  0.67521763  0.68673960  0.65269363  0.64168134  0.62013223  0.66387072  0.69844210  0.64168134  0.67521763  0.69844210  0.69844210  0.67521763  0.64168134  0.65269363  0.52083035  0.54925966  0.53966248  0.59918748  0.57881411  0.56883212  0.59918748  0.56883212  0.56883212  0.53018706  0.55898178  0.54925966  0.63082907  0.65269363  0.56883212  
44_0_0     0.48453343  0.49344363  0.47572828  0.47572828  0.44151046  0.48453343  0.51158941  0.53966248  0.54925966  0.84095525  0.91597132  0.84095525  0.84095525  0.84095525  0.51158941  0.50246141  0.23152148  0.23152148  0.20060956  0.22523590  0.25720656  0.24425361  0.17092638  0.19457780  0.15937574  0.00000000  0.07288819  0.25720656  0.29747042  0.18265847  0.27038813  0.24425361  0.24425361  0.27038813  0.27706719  0.27038813  0.37744673  0.36981176  0.37744673  0.40879191  0.25070200  0.27706719  0.20669044  0.18265847  0.18265847  0.34736428  0.33276556  0.35477206  0.32557183  0.27706719  0.79931490  0.81293868  0.79931490  0.58893133  0.55898178  0.55898178  0.54925966  0.52083035  0.54925966  0.51158941  0.50246141  0.56883212  0.58893133  0.55898178  0.60958644  0.63082907  0.66387072  0.72241200  0.73469175  0.69844210  0.71033089  0.71033089  0.77279096  0.75987407  0.69844210  0.65269363  0.68673960  0.69844210  0.63082907  0.64168134  0.65269363  0.73469175  0.65269363  0.66387072  0.66387072  0.67521763  0.59918748  0.60958644  0.59918748  0.60958644  0.64168134  0.63082907  0.62013223  0.54925966  0.53018706  0.55898178  0.54925966  0.67521763  0.62013223  0.62013223  0.54925966  
65_0_0     0.50246141  0.51158941  0.50246141  0.50246141  0.46702574  0.50246141  0.52083035  0.55898178  0.56883212  0.84095525  0.90035320  0.81293868  0.78593519  0.78593519  0.52083035  0.49344363  0.28380652  0.27038813  0.24425361  0.26376826  0.29747042  0.29060722  0.19457780  0.21900277  0.15937574  0.07288819  0.00000000  0.30439727  0.31844673  0.23152148  0.29747042  0.27706719  0.27038813  0.32557183  0.31844673  0.31138896  0.44151046  0.44991907  0.45842343  0.47572828  0.29060722  0.30439727  0.22523590  0.21900277  0.21282123  0.36981176  0.34736428  0.36981176  0.34002925  0.27706719  0.78593519  0.77279096  0.75987407  0.66387072  0.55898178  0.55898178  0.52083035  0.53966248  0.53966248  0.53018706  0.52083035  0.59918748  0.62013223  0.57881411  0.67521763  0.65269363  0.68673960  0.75987407  0.77279096  0.74717678  0.74717678  0.72241200  0.74717678  0.73469175  0.71033089  0.68673960  0.68673960  0.72241200  0.66387072  0.68673960  0.71033089  0.79931490  0.69844210  0.71033089  0.68673960  0.67521763  0.57881411  0.60958644  0.59918748  0.60958644  0.64168134  0.65269363  0.62013223  0.53966248  0.53966248  0.54925966  0.53966248  0.68673960  0.60958644  0.63082907  0.57881411  
71_0_0     0.55898178  0.55898178  0.53966248  0.60958644  0.58893133  0.67521763  0.63082907  0.64168134  0.63082907  0.75987407  0.85536777  0.88505501  0.94822289  0.94822289  0.59918748  0.58893133  0.36981176  0.33276556  0.31138896  0.37744673  0.38516056  0.32557183  0.27038813  0.25720656  0.28380652  0.25720656  0.30439727  0.00000000  0.10415919  0.19457780  0.42497203  0.37744673  0.40083142  0.40879191  0.40879191  0.43319547  0.47572828  0.44991907  0.49344363  0.51158941  0.42497203  0.42497203  0.40083142  0.38516056  0.35477206  0.40879191  0.44151046  0.48453343  0.48453343  0.44991907  0.78593519  0.79931490  0.81293868  0.67521763  0.65269363  0.67521763  0.67521763  0.67521763  0.66387072  0.64168134  0.63082907  0.66387072  0.71033089  0.74717678  0.78593519  0.69844210  0.75987407  0.72241200  0.68673960  0.75987407  0.73469175  0.72241200  0.77279096  0.78593519  0.64168134  0.66387072  0.69844210  0.68673960  0.71033089  0.73469175  0.77279096  0.77279096  0.77279096  0.74717678  0.71033089  0.75987407  0.68673960  0.69844210  0.68673960  0.71033089  0.71033089  0.72241200  0.69844210  0.58893133  0.60958644  0.63082907  0.59918748  0.78593519  0.66387072  0.71033089  0.69844210  
47_0_0     0.60958644  0.60958644  0.58893133  0.62013223  0.62013223  0.68673960  0.71033089  0.64168134  0.63082907  0.73469175  0.88505501  0.87006389  0.96488643  0.96488643  0.57881411  0.54925966  0.34736428  0.33276556  0.34002925  0.37744673  0.43319547  0.35477206  0.35477206  0.34736428  0.30439727  0.29747042  0.31844673  0.10415919  0.00000000  0.21282123  0.44151046  0.43319547  0.40083142  0.44151046  0.45842343  0.44991907  0.50246141  0.47572828  0.52083035  0.52083035  0.44151046  0.44151046  0.41683815  0.41683815  0.36981176  0.47572828  0.51158941  0.53966248  0.53018706  0.49344363  0.74717678  0.79931490  0.79931490  0.69844210  0.62013223  0.65269363  0.66387072  0.66387072  0.67521763  0.67521763  0.66387072  0.69844210  0.68673960  0.72241200  0.75987407  0.75987407  0.82681560  0.73469175  0.72241200  0.75987407  0.72241200  0.71033089  0.78593519  0.79931490  0.64168134  0.71033089  0.74717678  0.72241200  0.66387072  0.65269363  0.78593519  0.93192303  0.82681560  0.84095525  0.82681560  0.77279096  0.72241200  0.73469175  0.72241200  0.72241200  0.74717678  0.75987407  0.73469175  0.65269363  0.65269363  0.65269363  0.66387072  0.77279096  0.68673960  0.72241200  0.67521763  
68_0_0     0.53966248  0.52083035  0.53966248  0.50246141  0.50246141  0.53966248  0.62013223  0.56883212  0.55898178  0.87006389  0.93192303  0.85536777  0.98193027  0.98193027  0.54925966  0.56883212  0.28380652  0.26376826  0.20669044  0.25070200  0.29747042  0.22523590  0.17676939  0.18265847  0.15937574  0.18265847  0.23152148  0.19457780  0.21282123  0.00000000  0.29747042  0.33276556  0.33276556  0.40083142  0.38516056  0.33276556  0.40879191  0.40083142  0.42497203  0.44151046  0.32557183  0.33276556  0.30439727  0.28380652  0.26376826  0.37744673  0.40083142  0.44151046  0.40083142  0.37744673  0.81293868  0.72241200  0.73469175  0.59918748  0.65269363  0.65269363  0.68673960  0.67521763  0.68673960  0.71033089  0.69844210  0.59918748  0.62013223  0.64168134  0.71033089  0.69844210  0.75987407  0.64168134  0.67521763  0.72241200  0.69844210  0.69844210  0.72241200  0.73469175  0.72241200  0.72241200  0.73469175  0.73469175  0.69844210  0.66387072  0.67521763  0.75987407  0.66387072  0.68673960  0.69844210  0.71033089  0.63082907  0.64168134  0.65269363  0.67521763  0.65269363  0.66387072  0.68673960  0.57881411  0.57881411  0.59918748  0.58893133  0.65269363  0.65269363  0.71033089  0.67521763  
31_0_0     0.49344363  0.52083035  0.53966248  0.58893133  0.54925966  0.58893133  0.56883212  0.58893133  0.55898178  0.79931490  0.90035320  0.78593519  0.88505501  0.90035320  0.55898178  0.59918748  0.29060722  0.29060722  0.20060956  0.23786041  0.27038813  0.21282123  0.28380652  0.29747042  0.24425361  0.27038813  0.29747042  0.42497203  0.44151046  0.29747042  0.00000000  0.26376826  0.29747042  0.36981176  0.38516056  0.32557183  0.41683815  0.40879191  0.44151046  0.44151046  0.30439727  0.31138896  0.29060722  0.29060722  0.29060722  0.43319547  0.44991907  0.41683815  0.38516056  0.30439727  0.65269363  0.60958644  0.59918748  0.66387072  0.53966248  0.52083035  0.58893133  0.53966248  0.52083035  0.54925966  0.55898178  0.58893133  0.54925966  0.67521763  0.65269363  0.66387072  0.66387072  0.75987407  0.75987407  0.77279096  0.77279096  0.74717678  0.73469175  0.74717678  0.74717678  0.74717678  0.59918748  0.73469175  0.64168134  0.66387072  0.71033089  0.73469175  0.69844210  0.72241200  0.71033089  0.58893133  0.59918748  0.54925966  0.55898178  0.58893133  0.58893133  0.60958644  0.59918748  0.54925966  0.53966248  0.55898178  0.53966248  0.63082907  0.73469175  0.63082907  0.62013223  
70_0_0     0.43319547  0.44991907  0.44991907  0.54925966  0.53966248  0.57881411  0.53966248  0.51158941  0.49344363  0.82681560  0.90035320  0.81293868  0.91597132  0.91597132  0.51158941  0.52083035  0.29060722  0.28380652  0.21900277  0.27038813  0.29060722  0.27038813  0.27038813  0.29060722  0.25070200  0.24425361  0.27706719  0.37744673  0.43319547  0.33276556  0.26376826  0.00000000  0.13679693  0.17676939  0.17092638  0.14800101  0.25720656  0.22523590  0.23152148  0.27038813  0.13125730  0.13125730  0.08836004  0.13679693  0.15937574  0.28380652  0.28380652  0.31844673  0.17092638  0.14800101  0.71033089  0.68673960  0.67521763  0.56883212  0.52083035  0.52083035  0.56883212  0.47572828  0.48453343  0.47572828  0.48453343  0.51158941  0.50246141  0.55898178  0.62013223  0.60958644  0.59918748  0.71033089  0.69844210  0.71033089  0.72241200  0.71033089  0.68673960  0.69844210  0.57881411  0.58893133  0.57881411  0.62013223  0.52083035  0.51158941  0.62013223  0.67521763  0.66387072  0.71033089  0.66387072  0.52083035  0.53018706  0.48453343  0.47572828  0.49344363  0.52083035  0.51158941  0.51158941  0.44151046  0.42497203  0.44151046  0.43319547  0.50246141  0.58893133  0.52083035  0.44151046  
