7
3_1_0      0.00000000  0.13383544  0.31579389  0.58391556  0.61133551  0.63980882  0.57499643  
2_3_0      0.13383544  0.00000000  0.36755647  0.58391556  0.59294331  0.60208237  0.54886542  
3_2_0      0.31579389  0.36755647  0.00000000  0.57499643  0.64954827  0.63980882  0.55747381  
16_0_0     0.58391556  0.58391556  0.57499643  0.00000000  0.08191485  0.07737027  0.07737027  
7_0_0      0.61133551  0.59294331  0.64954827  0.08191485  0.00000000  0.07285338  0.11931082  
18_0_0     0.63980882  0.60208237  0.63980882  0.07737027  0.07285338  0.00000000  0.11453184  
9_0_0      0.57499643  0.54886542  0.55747381  0.07737027  0.11931082  0.11453184  0.00000000  

