102
31_0_0     0.00000000  0.20482841  0.19847101  0.19847101  0.18591896  0.18591896  0.64669068  0.64669068  0.55892034  0.46217232  0.45316320  0.46217232  0.48988240  0.40970445  0.86179073  0.89371418  0.84633475  0.86179073  0.91021186  0.91021186  0.77358756  0.80182769  0.78757189  0.84633475  0.77358756  0.75986455  0.75986455  0.75986455  0.78757189  0.77358756  0.81636572  0.83119737  0.80182769  0.78757189  0.86179073  0.91021186  0.96205242  0.77358756  0.94436249  0.72017019  0.75986455  0.72017019  0.70740162  0.80182769  0.91021186  0.96205242  0.92708868  0.86179073  0.86179073  0.89371418  0.80182769  0.77358756  0.75986455  0.83119737  0.77358756  0.78757189  0.81636572  0.77358756  0.78757189  0.74639329  0.77358756  0.80182769  0.87757900  0.84633475  0.99876438  1.01783233  0.91021186  0.87757900  0.91021186  0.89371418  0.91021186  0.91021186  0.92708868  0.91021186  1.14397785  1.16728165  0.91021186  0.91021186  0.91021186  0.92708868  0.94436249  0.94436249  0.94436249  0.96205242  0.68251180  0.69485127  0.72017019  0.83119737  0.70740162  0.70740162  0.65843797  0.74639329  0.70740162  0.98017902  0.89371418  0.86179073  0.87757900  0.87757900  0.78757189  0.77358756  0.92708868  0.92708868  
25_0_0     0.20482841  0.00000000  0.00484688  0.29291078  0.27865279  0.27865279  0.80182769  0.80182769  0.62374522  0.51867920  0.50895426  0.48052905  0.55892034  0.48988240  0.80182769  0.91021186  0.86179073  1.05752105  1.05752105  0.92708868  0.89371418  0.84633475  0.87757900  0.86179073  0.86179073  0.87757900  0.94436249  0.94436249  0.91021186  0.86179073  0.91021186  0.86179073  0.89371418  0.89371418  0.89371418  0.91021186  0.89371418  0.96205242  0.99876438  0.84633475  0.87757900  0.91021186  0.92708868  0.98017902  1.05752105  1.07819987  0.96205242  0.96205242  0.94436249  0.94436249  0.87757900  0.96205242  0.98017902  0.99876438  0.96205242  0.96205242  1.05752105  0.91021186  0.91021186  0.89371418  0.94436249  0.91021186  0.96205242  0.94436249  1.03740861  1.01783233  1.05752105  1.05752105  1.01783233  1.05752105  1.03740861  1.03740861  1.05752105  1.07819987  1.19134925  1.21623241  0.99876438  1.05752105  1.05752105  1.01783233  1.03740861  1.03740861  1.03740861  0.99876438  0.87757900  0.91021186  0.89371418  0.89371418  0.83119737  0.86179073  0.74639329  0.89371418  0.77358756  0.94436249  0.96205242  0.94436249  0.92708868  0.96205242  0.80182769  0.80182769  1.05752105  1.05752105  
69_0_0     0.19847101  0.00484688  0.00000000  0.28574719  0.27162628  0.27162628  0.78757189  0.78757189  0.61253586  0.52853465  0.51867920  0.47129333  0.56933486  0.48052905  0.81636572  0.89371418  0.84633475  1.03740861  1.03740861  0.91021186  0.87757900  0.83119737  0.86179073  0.87757900  0.87757900  0.86179073  0.96205242  0.96205242  0.92708868  0.87757900  0.92708868  0.87757900  0.91021186  0.91021186  0.91021186  0.92708868  0.91021186  0.98017902  0.98017902  0.86179073  0.89371418  0.92708868  0.94436249  0.99876438  1.03740861  1.05752105  0.98017902  0.94436249  0.96205242  0.96205242  0.89371418  0.94436249  0.96205242  0.98017902  0.94436249  0.94436249  1.03740861  0.89371418  0.89371418  0.87757900  0.92708868  0.89371418  0.94436249  0.96205242  1.05752105  1.03740861  1.03740861  1.03740861  0.99876438  1.03740861  1.01783233  1.01783233  1.03740861  1.05752105  1.16728165  1.19134925  0.98017902  1.03740861  1.03740861  0.99876438  1.01783233  1.01783233  1.01783233  0.98017902  0.86179073  0.89371418  0.87757900  0.87757900  0.81636572  0.87757900  0.73316470  0.87757900  0.78757189  0.92708868  0.94436249  0.92708868  0.91021186  0.94436249  0.80182769  0.80182769  1.05752105  1.05752105  
37_0_0     0.19847101  0.29291078  0.28574719  0.00000000  0.00972596  0.00972596  0.72017019  0.72017019  0.56933486  0.53852417  0.52853465  0.51867920  0.56933486  0.47129333  0.87757900  0.94436249  0.92708868  0.99876438  1.07819987  0.99876438  0.89371418  0.83119737  0.81636572  0.91021186  0.89371418  0.87757900  0.87757900  0.87757900  0.84633475  0.89371418  0.91021186  0.96205242  0.92708868  0.87757900  0.91021186  0.98017902  1.07819987  0.87757900  1.07819987  0.84633475  0.87757900  0.94436249  0.92708868  1.05752105  1.07819987  1.09947788  0.96205242  1.03740861  0.96205242  0.94436249  0.92708868  0.86179073  0.84633475  0.86179073  0.86179073  0.84633475  0.91021186  0.86179073  0.87757900  0.84633475  0.83119737  0.83119737  0.87757900  0.98017902  1.05752105  0.99876438  1.05752105  0.99876438  0.99876438  0.98017902  0.99876438  0.99876438  1.01783233  0.99876438  1.19134925  1.21623241  0.92708868  0.92708868  0.92708868  0.94436249  0.96205242  0.96205242  0.99876438  1.01783233  0.73316470  0.69485127  0.78757189  0.80182769  0.74639329  0.74639329  0.73316470  0.73316470  0.74639329  0.81636572  0.84633475  0.83119737  0.87757900  0.84633475  0.89371418  0.89371418  1.03740861  1.03740861  
40_0_0     0.18591896  0.27865279  0.27162628  0.00972596  0.00000000  0.00000000  0.72017019  0.72017019  0.56933486  0.53852417  0.52853465  0.51867920  0.56933486  0.48988240  0.87757900  0.94436249  0.92708868  0.96205242  1.03740861  0.96205242  0.86179073  0.83119737  0.81636572  0.87757900  0.86179073  0.84633475  0.91021186  0.91021186  0.87757900  0.86179073  0.87757900  0.92708868  0.89371418  0.84633475  0.87757900  0.94436249  1.03740861  0.89371418  1.05752105  0.86179073  0.89371418  0.92708868  0.91021186  1.03740861  1.05752105  1.07819987  0.94436249  1.01783233  0.98017902  0.96205242  0.94436249  0.86179073  0.84633475  0.86179073  0.86179073  0.84633475  0.91021186  0.86179073  0.87757900  0.84633475  0.83119737  0.83119737  0.87757900  0.98017902  1.05752105  0.99876438  1.01783233  0.96205242  0.96205242  0.94436249  0.96205242  0.96205242  0.98017902  0.96205242  1.14397785  1.16728165  0.92708868  0.92708868  0.92708868  0.94436249  0.96205242  0.96205242  0.99876438  1.01783233  0.73316470  0.69485127  0.78757189  0.80182769  0.74639329  0.74639329  0.73316470  0.73316470  0.74639329  0.84633475  0.87757900  0.86179073  0.91021186  0.87757900  0.87757900  0.87757900  0.99876438  0.99876438  
73_0_0     0.18591896  0.27865279  0.27162628  0.00972596  0.00000000  0.00000000  0.72017019  0.72017019  0.56933486  0.53852417  0.52853465  0.51867920  0.56933486  0.48988240  0.87757900  0.94436249  0.92708868  0.96205242  1.03740861  0.96205242  0.86179073  0.83119737  0.81636572  0.87757900  0.86179073  0.84633475  0.91021186  0.91021186  0.87757900  0.86179073  0.87757900  0.92708868  0.89371418  0.84633475  0.87757900  0.94436249  1.03740861  0.89371418  1.05752105  0.86179073  0.89371418  0.92708868  0.91021186  1.03740861  1.05752105  1.07819987  0.94436249  1.01783233  0.98017902  0.96205242  0.94436249  0.86179073  0.84633475  0.86179073  0.86179073  0.84633475  0.91021186  0.86179073  0.87757900  0.84633475  0.83119737  0.83119737  0.87757900  0.98017902  1.05752105  0.99876438  1.01783233  0.96205242  0.96205242  0.94436249  0.96205242  0.96205242  0.98017902  0.96205242  1.14397785  1.16728165  0.92708868  0.92708868  0.92708868  0.94436249  0.96205242  0.96205242  0.99876438  1.01783233  0.73316470  0.69485127  0.78757189  0.80182769  0.74639329  0.74639329  0.73316470  0.73316470  0.74639329  0.84633475  0.87757900  0.86179073  0.91021186  0.87757900  0.87757900  0.87757900  0.99876438  0.99876438  
98_0_0     0.64669068  0.80182769  0.78757189  0.72017019  0.72017019  0.72017019  0.00000000  0.00000000  0.15544656  0.27865279  0.28574719  0.27162628  0.31483063  0.32981600  0.92708868  0.99876438  1.03740861  1.12139085  1.24198837  1.26868057  0.92708868  0.94436249  0.91021186  0.72017019  0.74639329  0.74639329  0.89371418  0.89371418  0.94436249  0.75986455  0.80182769  0.83119737  0.77358756  0.72017019  0.78757189  0.86179073  0.84633475  0.99876438  1.07819987  0.98017902  0.94436249  0.81636572  0.80182769  0.86179073  0.89371418  0.94436249  0.94436249  0.84633475  0.78757189  0.78757189  0.83119737  0.78757189  0.77358756  0.80182769  0.78757189  0.80182769  0.84633475  0.73316470  0.74639329  0.75986455  0.70740162  0.73316470  0.74639329  0.83119737  0.94436249  0.98017902  0.81636572  0.94436249  0.89371418  0.94436249  0.92708868  0.92708868  0.92708868  0.92708868  0.94436249  0.94436249  0.81636572  0.89371418  0.89371418  0.89371418  0.84633475  0.87757900  0.80182769  0.84633475  0.74639329  0.78757189  0.69485127  0.72017019  0.72017019  0.91021186  0.69485127  0.80182769  0.87757900  0.75986455  0.89371418  0.87757900  0.86179073  0.83119737  0.89371418  0.86179073  0.89371418  0.89371418  
72_0_0     0.64669068  0.80182769  0.78757189  0.72017019  0.72017019  0.72017019  0.00000000  0.00000000  0.15544656  0.27865279  0.28574719  0.27162628  0.31483063  0.32981600  0.92708868  0.99876438  1.03740861  1.12139085  1.24198837  1.26868057  0.92708868  0.94436249  0.91021186  0.72017019  0.74639329  0.74639329  0.89371418  0.89371418  0.94436249  0.75986455  0.80182769  0.83119737  0.77358756  0.72017019  0.78757189  0.86179073  0.84633475  0.99876438  1.07819987  0.98017902  0.94436249  0.81636572  0.80182769  0.86179073  0.89371418  0.94436249  0.94436249  0.84633475  0.78757189  0.78757189  0.83119737  0.78757189  0.77358756  0.80182769  0.78757189  0.80182769  0.84633475  0.73316470  0.74639329  0.75986455  0.70740162  0.73316470  0.74639329  0.83119737  0.94436249  0.98017902  0.81636572  0.94436249  0.89371418  0.94436249  0.92708868  0.92708868  0.92708868  0.92708868  0.94436249  0.94436249  0.81636572  0.89371418  0.89371418  0.89371418  0.84633475  0.87757900  0.80182769  0.84633475  0.74639329  0.78757189  0.69485127  0.72017019  0.72017019  0.91021186  0.69485127  0.80182769  0.87757900  0.75986455  0.89371418  0.87757900  0.86179073  0.83119737  0.89371418  0.86179073  0.89371418  0.89371418  
17_0_0     0.55892034  0.62374522  0.61253586  0.56933486  0.56933486  0.56933486  0.15544656  0.15544656  0.00000000  0.26466636  0.25777179  0.27162628  0.32228509  0.28574719  0.83119737  0.87757900  0.84633475  0.92708868  1.01783233  1.09947788  0.86179073  0.84633475  0.84633475  0.64669068  0.72017019  0.80182769  0.78757189  0.78757189  0.84633475  0.73316470  0.77358756  0.77358756  0.74639329  0.70740162  0.74639329  0.87757900  0.89371418  1.01783233  1.01783233  0.98017902  0.94436249  0.87757900  0.86179073  0.87757900  0.89371418  0.94436249  1.03740861  0.86179073  0.87757900  0.84633475  0.81636572  0.78757189  0.80182769  0.83119737  0.78757189  0.83119737  0.89371418  0.75986455  0.77358756  0.75986455  0.75986455  0.80182769  0.81636572  0.83119737  0.89371418  0.86179073  0.80182769  0.84633475  0.91021186  0.83119737  0.84633475  0.84633475  0.84633475  0.84633475  0.92708868  0.92708868  0.75986455  0.80182769  0.80182769  0.80182769  0.83119737  0.83119737  0.83119737  0.84633475  0.70740162  0.77358756  0.65843797  0.68251180  0.74639329  0.84633475  0.65843797  0.74639329  0.83119737  0.75986455  0.78757189  0.86179073  0.89371418  0.84633475  0.86179073  0.83119737  0.86179073  0.83119737  
80_0_0     0.46217232  0.51867920  0.52853465  0.53852417  0.53852417  0.53852417  0.27865279  0.27865279  0.26466636  0.00000000  0.00484688  0.10359315  0.14950092  0.17972249  0.81636572  0.91021186  0.94436249  0.86179073  0.91021186  0.91021186  0.77358756  0.77358756  0.68251180  0.60149503  0.62374522  0.62374522  0.72017019  0.72017019  0.72017019  0.63512834  0.64669068  0.70740162  0.64669068  0.67037624  0.69485127  0.73316470  0.75986455  0.99876438  1.01783233  0.96205242  0.96205242  0.80182769  0.78757189  0.70740162  0.98017902  0.99876438  0.84633475  0.89371418  0.78757189  0.80182769  0.75986455  0.83119737  0.81636572  0.86179073  0.83119737  0.84633475  0.91021186  0.78757189  0.80182769  0.80182769  0.83119737  0.86179073  0.87757900  0.96205242  0.83119737  0.80182769  0.81636572  0.84633475  0.84633475  0.86179073  0.84633475  0.84633475  0.84633475  0.84633475  0.87757900  0.89371418  0.75986455  0.75986455  0.75986455  0.75986455  0.77358756  0.77358756  0.73316470  0.77358756  0.65843797  0.69485127  0.64669068  0.69485127  0.67037624  0.74639329  0.60149503  0.77358756  0.73316470  0.80182769  0.96205242  0.80182769  0.84633475  0.81636572  0.84633475  0.81636572  0.98017902  0.99876438  
54_0_0     0.45316320  0.50895426  0.51867920  0.52853465  0.52853465  0.52853465  0.28574719  0.28574719  0.25777179  0.00484688  0.00000000  0.10917711  0.14950092  0.17357786  0.80182769  0.89371418  0.92708868  0.86179073  0.91021186  0.91021186  0.77358756  0.77358756  0.68251180  0.61253586  0.63512834  0.63512834  0.70740162  0.70740162  0.73316470  0.64669068  0.65843797  0.69485127  0.65843797  0.68251180  0.70740162  0.74639329  0.77358756  1.01783233  1.03740861  0.98017902  0.98017902  0.81636572  0.80182769  0.72017019  0.96205242  0.98017902  0.86179073  0.87757900  0.80182769  0.81636572  0.77358756  0.81636572  0.80182769  0.84633475  0.81636572  0.83119737  0.89371418  0.80182769  0.81636572  0.78757189  0.84633475  0.87757900  0.89371418  0.98017902  0.84633475  0.81636572  0.83119737  0.86179073  0.86179073  0.84633475  0.83119737  0.83119737  0.83119737  0.86179073  0.86179073  0.87757900  0.77358756  0.77358756  0.77358756  0.77358756  0.78757189  0.78757189  0.74639329  0.78757189  0.64669068  0.68251180  0.63512834  0.68251180  0.65843797  0.73316470  0.59061773  0.75986455  0.72017019  0.78757189  0.94436249  0.78757189  0.83119737  0.80182769  0.83119737  0.80182769  0.96205242  0.98017902  
36_0_0     0.46217232  0.48052905  0.47129333  0.51867920  0.51867920  0.51867920  0.27162628  0.27162628  0.27162628  0.10359315  0.10917711  0.00000000  0.08167244  0.08709158  0.75986455  0.81636572  0.84633475  0.91021186  0.94436249  0.94436249  0.77358756  0.80182769  0.74639329  0.67037624  0.69485127  0.64669068  0.78757189  0.78757189  0.75986455  0.70740162  0.72017019  0.78757189  0.72017019  0.68251180  0.68251180  0.73316470  0.70740162  0.89371418  0.86179073  0.89371418  0.86179073  0.74639329  0.73316470  0.69485127  0.92708868  0.98017902  0.86179073  0.87757900  0.74639329  0.75986455  0.74639329  0.74639329  0.70740162  0.80182769  0.74639329  0.74639329  0.84633475  0.68251180  0.69485127  0.77358756  0.74639329  0.80182769  0.81636572  0.92708868  0.78757189  0.75986455  0.81636572  0.89371418  0.89371418  0.91021186  0.86179073  0.86179073  0.89371418  0.89371418  0.87757900  0.89371418  0.78757189  0.75986455  0.75986455  0.75986455  0.80182769  0.80182769  0.73316470  0.74639329  0.62374522  0.68251180  0.64669068  0.64669068  0.62374522  0.78757189  0.57989920  0.72017019  0.69485127  0.67037624  0.84633475  0.74639329  0.78757189  0.73316470  0.78757189  0.78757189  0.91021186  0.92708868  
20_0_0     0.48988240  0.55892034  0.56933486  0.56933486  0.56933486  0.56933486  0.31483063  0.31483063  0.32228509  0.14950092  0.14950092  0.08167244  0.00000000  0.13775214  0.75986455  0.87757900  0.91021186  0.86179073  0.84633475  0.92708868  0.70740162  0.72017019  0.69485127  0.64669068  0.67037624  0.69485127  0.74639329  0.74639329  0.70740162  0.67037624  0.69485127  0.77358756  0.69485127  0.64669068  0.64669068  0.67037624  0.67037624  0.96205242  0.98017902  0.96205242  0.92708868  0.80182769  0.80182769  0.75986455  1.05752105  1.12139085  0.89371418  0.99876438  0.80182769  0.81636572  0.80182769  0.77358756  0.75986455  0.83119737  0.77358756  0.78757189  0.84633475  0.75986455  0.77358756  0.75986455  0.80182769  0.84633475  0.86179073  0.91021186  0.83119737  0.80182769  0.87757900  0.89371418  0.89371418  0.89371418  0.87757900  0.87757900  0.91021186  0.89371418  0.98017902  0.99876438  0.80182769  0.80182769  0.80182769  0.80182769  0.80182769  0.81636572  0.75986455  0.77358756  0.62374522  0.67037624  0.62374522  0.69485127  0.67037624  0.78757189  0.61253586  0.73316470  0.74639329  0.73316470  0.86179073  0.80182769  0.84633475  0.81636572  0.81636572  0.81636572  0.92708868  0.94436249  
20_5_0     0.40970445  0.48988240  0.48052905  0.47129333  0.48988240  0.48988240  0.32981600  0.32981600  0.28574719  0.17972249  0.17357786  0.08709158  0.13775214  0.00000000  0.81636572  0.80182769  0.80182769  0.86179073  0.89371418  0.89371418  0.73316470  0.75986455  0.73316470  0.70740162  0.70740162  0.70740162  0.72017019  0.72017019  0.74639329  0.72017019  0.73316470  0.74639329  0.70740162  0.69485127  0.75986455  0.81636572  0.84633475  0.81636572  0.91021186  0.78757189  0.75986455  0.70740162  0.69485127  0.75986455  0.86179073  0.91021186  0.91021186  0.80182769  0.70740162  0.72017019  0.70740162  0.67037624  0.65843797  0.69485127  0.67037624  0.68251180  0.75986455  0.65843797  0.67037624  0.69485127  0.72017019  0.77358756  0.81636572  0.81636572  0.75986455  0.73316470  0.83119737  0.87757900  0.87757900  0.86179073  0.87757900  0.87757900  0.84633475  0.87757900  0.87757900  0.89371418  0.72017019  0.67037624  0.67037624  0.69485127  0.73316470  0.73316470  0.74639329  0.73316470  0.65843797  0.67037624  0.65843797  0.70740162  0.65843797  0.74639329  0.59061773  0.64669068  0.72017019  0.69485127  0.81636572  0.69485127  0.73316470  0.70740162  0.78757189  0.78757189  0.87757900  0.89371418  
50_0_0     0.86179073  0.80182769  0.81636572  0.87757900  0.87757900  0.87757900  0.92708868  0.92708868  0.83119737  0.81636572  0.80182769  0.75986455  0.75986455  0.81636572  0.00000000  0.16144072  0.17357786  0.70740162  0.63512834  0.67037624  0.59061773  0.48052905  0.60149503  0.36867444  0.43546991  0.43546991  0.40970445  0.40970445  0.47129333  0.40131301  0.42678059  0.44426327  0.43546991  0.33742493  0.45316320  0.42678059  0.44426327  0.77358756  0.81636572  0.73316470  0.74639329  0.74639329  0.75986455  0.80182769  0.86179073  0.91021186  1.05752105  0.86179073  0.74639329  0.74639329  0.72017019  0.81636572  0.83119737  0.84633475  0.81636572  0.80182769  0.91021186  0.80182769  0.80182769  0.77358756  0.75986455  0.75986455  0.72017019  0.94436249  0.92708868  0.94436249  0.83119737  0.92708868  0.91021186  0.91021186  0.92708868  0.92708868  0.91021186  0.94436249  1.01783233  0.99876438  0.91021186  0.89371418  0.89371418  0.89371418  0.94436249  0.94436249  0.98017902  0.94436249  0.64669068  0.70740162  0.69485127  0.64669068  0.67037624  0.70740162  0.64669068  0.74639329  0.65843797  0.92708868  0.94436249  1.05752105  1.03740861  1.03740861  0.77358756  0.80182769  0.77358756  0.80182769  
66_4_0     0.89371418  0.91021186  0.89371418  0.94436249  0.94436249  0.94436249  0.99876438  0.99876438  0.87757900  0.91021186  0.89371418  0.81636572  0.87757900  0.80182769  0.16144072  0.00000000  0.04997144  0.61253586  0.56933486  0.65843797  0.55892034  0.49935642  0.60149503  0.35288348  0.41819289  0.41819289  0.41819289  0.41819289  0.47129333  0.41819289  0.45316320  0.44426327  0.43546991  0.36073651  0.48052905  0.47129333  0.50895426  0.72017019  0.83119737  0.70740162  0.72017019  0.75986455  0.77358756  0.74639329  0.74639329  0.78757189  1.09947788  0.77358756  0.72017019  0.72017019  0.72017019  0.74639329  0.73316470  0.75986455  0.74639329  0.75986455  0.87757900  0.70740162  0.70740162  0.73316470  0.69485127  0.72017019  0.69485127  0.84633475  0.91021186  0.91021186  0.78757189  0.84633475  0.84633475  0.84633475  0.86179073  0.86179073  0.81636572  0.87757900  0.94436249  0.92708868  0.84633475  0.89371418  0.89371418  0.86179073  0.84633475  0.84633475  0.87757900  0.87757900  0.55892034  0.61253586  0.60149503  0.62374522  0.60149503  0.67037624  0.64669068  0.67037624  0.77358756  0.92708868  0.94436249  1.05752105  1.12139085  1.07819987  0.78757189  0.81636572  0.75986455  0.78757189  
66_0_0     0.84633475  0.86179073  0.84633475  0.92708868  0.92708868  0.92708868  1.03740861  1.03740861  0.84633475  0.94436249  0.92708868  0.84633475  0.91021186  0.80182769  0.17357786  0.04997144  0.00000000  0.62374522  0.57989920  0.64669068  0.55892034  0.49935642  0.57989920  0.36073651  0.42678059  0.44426327  0.42678059  0.42678059  0.49935642  0.40970445  0.44426327  0.45316320  0.44426327  0.36867444  0.47129333  0.48052905  0.51867920  0.68251180  0.81636572  0.69485127  0.70740162  0.75986455  0.77358756  0.77358756  0.74639329  0.78757189  1.16728165  0.77358756  0.72017019  0.72017019  0.72017019  0.72017019  0.70740162  0.72017019  0.72017019  0.73316470  0.86179073  0.70740162  0.70740162  0.73316470  0.73316470  0.75986455  0.73316470  0.84633475  0.99876438  0.99876438  0.80182769  0.83119737  0.89371418  0.83119737  0.84633475  0.84633475  0.83119737  0.86179073  0.99876438  0.98017902  0.89371418  0.87757900  0.87757900  0.87757900  0.86179073  0.86179073  0.96205242  0.92708868  0.62374522  0.65843797  0.64669068  0.64669068  0.69485127  0.73316470  0.72017019  0.72017019  0.78757189  0.91021186  0.89371418  1.12139085  1.19134925  1.14397785  0.77358756  0.80182769  0.84633475  0.84633475  
13_3_0     0.86179073  1.05752105  1.03740861  0.99876438  0.96205242  0.96205242  1.12139085  1.12139085  0.92708868  0.86179073  0.86179073  0.91021186  0.86179073  0.86179073  0.70740162  0.61253586  0.62374522  0.00000000  0.07629300  0.17357786  0.26466636  0.28574719  0.30745108  0.41819289  0.42678059  0.42678059  0.48052905  0.48052905  0.56933486  0.43546991  0.47129333  0.44426327  0.42678059  0.46217232  0.61253586  0.54865145  0.59061773  1.05752105  1.07819987  0.96205242  0.96205242  0.92708868  0.92708868  1.03740861  0.83119737  0.81636572  1.21623241  0.83119737  0.92708868  0.94436249  0.84633475  0.84633475  0.84633475  0.89371418  0.84633475  0.86179073  0.92708868  0.84633475  0.83119737  0.87757900  0.80182769  0.84633475  0.86179073  0.91021186  0.92708868  0.96205242  0.80182769  0.83119737  0.86179073  0.78757189  0.80182769  0.80182769  0.78757189  0.80182769  0.80182769  0.80182769  0.89371418  0.91021186  0.91021186  0.89371418  0.91021186  0.91021186  0.99876438  0.98017902  0.73316470  0.81636572  0.75986455  0.74639329  0.74639329  0.75986455  0.72017019  0.73316470  0.81636572  0.99876438  1.21623241  1.05752105  1.05752105  1.05752105  0.81636572  0.87757900  0.94436249  0.98017902  
13_0_0     0.91021186  1.05752105  1.03740861  1.07819987  1.03740861  1.03740861  1.24198837  1.24198837  1.01783233  0.91021186  0.91021186  0.94436249  0.84633475  0.89371418  0.63512834  0.56933486  0.57989920  0.07629300  0.00000000  0.14950092  0.27865279  0.27162628  0.32228509  0.41819289  0.42678059  0.42678059  0.48052905  0.48052905  0.52853465  0.43546991  0.47129333  0.47129333  0.42678059  0.46217232  0.54865145  0.48988240  0.50895426  1.03740861  1.09947788  0.91021186  0.92708868  0.92708868  0.96205242  1.03740861  0.87757900  0.84633475  1.26868057  0.84633475  0.89371418  0.91021186  0.84633475  0.83119737  0.83119737  0.87757900  0.83119737  0.84633475  0.91021186  0.83119737  0.81636572  0.86179073  0.77358756  0.77358756  0.78757189  0.84633475  0.94436249  0.94436249  0.78757189  0.84633475  0.84633475  0.77358756  0.78757189  0.78757189  0.77358756  0.78757189  0.75986455  0.75986455  0.87757900  0.89371418  0.89371418  0.87757900  0.89371418  0.89371418  0.98017902  0.92708868  0.73316470  0.78757189  0.77358756  0.74639329  0.73316470  0.77358756  0.73316470  0.72017019  0.75986455  1.01783233  1.14397785  1.01783233  1.05752105  1.05752105  0.83119737  0.89371418  0.96205242  0.99876438  
82_0_0     0.91021186  0.92708868  0.91021186  0.99876438  0.96205242  0.96205242  1.26868057  1.26868057  1.09947788  0.91021186  0.91021186  0.94436249  0.92708868  0.89371418  0.67037624  0.65843797  0.64669068  0.17357786  0.14950092  0.00000000  0.28574719  0.26466636  0.33742493  0.42678059  0.43546991  0.47129333  0.50895426  0.50895426  0.56933486  0.44426327  0.48052905  0.45316320  0.43546991  0.49935642  0.55892034  0.51867920  0.55892034  0.92708868  0.91021186  0.81636572  0.84633475  0.94436249  0.96205242  0.99876438  0.86179073  0.83119737  1.07819987  0.83119737  0.91021186  0.92708868  0.80182769  0.84633475  0.84633475  0.91021186  0.84633475  0.84633475  0.92708868  0.78757189  0.77358756  0.78757189  0.83119737  0.80182769  0.84633475  1.03740861  1.03740861  1.07819987  0.86179073  0.83119737  0.86179073  0.78757189  0.77358756  0.77358756  0.78757189  0.77358756  0.91021186  0.91021186  1.09947788  0.99876438  0.99876438  0.98017902  1.03740861  1.03740861  1.09947788  1.03740861  0.70740162  0.75986455  0.77358756  0.72017019  0.69485127  0.68251180  0.64669068  0.70740162  0.75986455  0.98017902  0.99876438  0.92708868  0.96205242  0.92708868  0.84633475  0.91021186  0.98017902  0.98017902  
24_0_0     0.77358756  0.89371418  0.87757900  0.89371418  0.86179073  0.86179073  0.92708868  0.92708868  0.86179073  0.77358756  0.77358756  0.77358756  0.70740162  0.73316470  0.59061773  0.55892034  0.55892034  0.26466636  0.27865279  0.28574719  0.00000000  0.12618837  0.17357786  0.29291078  0.31483063  0.32228509  0.38481241  0.38481241  0.42678059  0.34511353  0.35288348  0.32981600  0.31483063  0.34511353  0.48052905  0.46217232  0.45316320  0.78757189  0.86179073  0.72017019  0.70740162  0.70740162  0.70740162  0.77358756  0.75986455  0.75986455  0.94436249  0.73316470  0.72017019  0.70740162  0.65843797  0.64669068  0.63512834  0.70740162  0.64669068  0.65843797  0.74639329  0.72017019  0.70740162  0.73316470  0.64669068  0.69485127  0.69485127  0.84633475  0.78757189  0.78757189  0.73316470  0.75986455  0.81636572  0.75986455  0.77358756  0.77358756  0.75986455  0.74639329  0.80182769  0.78757189  0.80182769  0.81636572  0.81636572  0.77358756  0.78757189  0.78757189  0.87757900  0.83119737  0.57989920  0.63512834  0.62374522  0.65843797  0.56933486  0.62374522  0.56933486  0.62374522  0.67037624  0.84633475  1.01783233  1.01783233  1.07819987  1.01783233  0.83119737  0.86179073  0.84633475  0.84633475  
18_0_0     0.80182769  0.84633475  0.83119737  0.83119737  0.83119737  0.83119737  0.94436249  0.94436249  0.84633475  0.77358756  0.77358756  0.80182769  0.72017019  0.75986455  0.48052905  0.49935642  0.49935642  0.28574719  0.27162628  0.26466636  0.12618837  0.00000000  0.13194749  0.27865279  0.31483063  0.32228509  0.35288348  0.35288348  0.36867444  0.31483063  0.33742493  0.34511353  0.32981600  0.31483063  0.48052905  0.44426327  0.41819289  0.70740162  0.80182769  0.69485127  0.67037624  0.69485127  0.69485127  0.75986455  0.78757189  0.78757189  1.05752105  0.74639329  0.63512834  0.67037624  0.64669068  0.63512834  0.64669068  0.67037624  0.63512834  0.67037624  0.68251180  0.63512834  0.64669068  0.64669068  0.65843797  0.68251180  0.70740162  0.75986455  0.83119737  0.86179073  0.78757189  0.81636572  0.81636572  0.78757189  0.80182769  0.80182769  0.81636572  0.77358756  0.86179073  0.84633475  0.75986455  0.81636572  0.81636572  0.80182769  0.81636572  0.81636572  0.83119737  0.81636572  0.57989920  0.63512834  0.57989920  0.68251180  0.60149503  0.68251180  0.55892034  0.61253586  0.67037624  0.91021186  0.91021186  0.87757900  0.89371418  0.87757900  0.75986455  0.78757189  0.86179073  0.89371418  
59_0_0     0.78757189  0.87757900  0.86179073  0.81636572  0.81636572  0.81636572  0.91021186  0.91021186  0.84633475  0.68251180  0.68251180  0.74639329  0.69485127  0.73316470  0.60149503  0.60149503  0.57989920  0.30745108  0.32228509  0.33742493  0.17357786  0.13194749  0.00000000  0.32981600  0.33742493  0.36073651  0.37669910  0.37669910  0.39301637  0.33742493  0.36073651  0.36867444  0.35288348  0.35288348  0.48988240  0.48988240  0.48052905  0.91021186  0.94436249  0.84633475  0.83119737  0.77358756  0.77358756  0.91021186  0.83119737  0.83119737  1.03740861  0.77358756  0.70740162  0.74639329  0.72017019  0.64669068  0.63512834  0.65843797  0.64669068  0.65843797  0.64669068  0.72017019  0.70740162  0.72017019  0.70740162  0.74639329  0.77358756  0.84633475  0.98017902  0.98017902  0.77358756  0.83119737  0.83119737  0.77358756  0.78757189  0.78757189  0.80182769  0.78757189  0.94436249  0.92708868  0.86179073  0.87757900  0.87757900  0.83119737  0.84633475  0.84633475  0.91021186  0.86179073  0.57989920  0.63512834  0.65843797  0.65843797  0.62374522  0.69485127  0.57989920  0.63512834  0.67037624  0.84633475  1.01783233  0.89371418  0.91021186  0.89371418  0.83119737  0.80182769  0.84633475  0.87757900  
62_0_0     0.84633475  0.86179073  0.87757900  0.91021186  0.87757900  0.87757900  0.72017019  0.72017019  0.64669068  0.60149503  0.61253586  0.67037624  0.64669068  0.70740162  0.36867444  0.35288348  0.36073651  0.41819289  0.41819289  0.42678059  0.29291078  0.27865279  0.32981600  0.00000000  0.06038713  0.10917711  0.21124133  0.21124133  0.25094134  0.08167244  0.08709158  0.11480386  0.07095267  0.07629300  0.22423765  0.20482841  0.26466636  0.61253586  0.73316470  0.57989920  0.55892034  0.63512834  0.63512834  0.62374522  0.68251180  0.69485127  0.92708868  0.68251180  0.62374522  0.63512834  0.60149503  0.57989920  0.59061773  0.63512834  0.57989920  0.61253586  0.67037624  0.56933486  0.55892034  0.60149503  0.54865145  0.56933486  0.56933486  0.64669068  0.84633475  0.87757900  0.74639329  0.73316470  0.75986455  0.72017019  0.70740162  0.70740162  0.69485127  0.72017019  0.78757189  0.77358756  0.70740162  0.74639329  0.74639329  0.70740162  0.69485127  0.69485127  0.69485127  0.68251180  0.45316320  0.50895426  0.48052905  0.52853465  0.44426327  0.48052905  0.48052905  0.48988240  0.60149503  0.70740162  0.80182769  0.80182769  0.87757900  0.84633475  0.78757189  0.78757189  0.78757189  0.78757189  
96_0_0     0.77358756  0.86179073  0.87757900  0.89371418  0.86179073  0.86179073  0.74639329  0.74639329  0.72017019  0.62374522  0.63512834  0.69485127  0.67037624  0.70740162  0.43546991  0.41819289  0.42678059  0.42678059  0.42678059  0.43546991  0.31483063  0.31483063  0.33742493  0.06038713  0.00000000  0.05516082  0.14950092  0.14950092  0.22423765  0.01958245  0.03461977  0.07095267  0.00972596  0.12047405  0.27865279  0.23082310  0.30745108  0.59061773  0.73316470  0.55892034  0.56933486  0.60149503  0.60149503  0.67037624  0.69485127  0.72017019  0.92708868  0.69485127  0.59061773  0.62374522  0.59061773  0.65843797  0.67037624  0.69485127  0.65843797  0.67037624  0.68251180  0.62374522  0.61253586  0.63512834  0.57989920  0.60149503  0.60149503  0.63512834  0.80182769  0.86179073  0.74639329  0.70740162  0.70740162  0.69485127  0.68251180  0.68251180  0.67037624  0.69485127  0.77358756  0.75986455  0.74639329  0.80182769  0.80182769  0.75986455  0.74639329  0.74639329  0.73316470  0.72017019  0.43546991  0.49935642  0.46217232  0.54865145  0.42678059  0.44426327  0.46217232  0.45316320  0.55892034  0.70740162  0.77358756  0.77358756  0.84633475  0.81636572  0.81636572  0.78757189  0.81636572  0.84633475  
23_0_0     0.75986455  0.87757900  0.86179073  0.87757900  0.84633475  0.84633475  0.74639329  0.74639329  0.80182769  0.62374522  0.63512834  0.64669068  0.69485127  0.70740162  0.43546991  0.41819289  0.44426327  0.42678059  0.42678059  0.47129333  0.32228509  0.32228509  0.36073651  0.10917711  0.05516082  0.00000000  0.17972249  0.17972249  0.25777179  0.06565090  0.08167244  0.12047405  0.05516082  0.17357786  0.32981600  0.29291078  0.32981600  0.68251180  0.80182769  0.64669068  0.63512834  0.63512834  0.63512834  0.73316470  0.75986455  0.78757189  0.91021186  0.75986455  0.64669068  0.68251180  0.64669068  0.72017019  0.70740162  0.75986455  0.72017019  0.72017019  0.77358756  0.65843797  0.64669068  0.69485127  0.59061773  0.61253586  0.61253586  0.68251180  0.83119737  0.86179073  0.72017019  0.75986455  0.75986455  0.72017019  0.70740162  0.70740162  0.69485127  0.72017019  0.72017019  0.70740162  0.80182769  0.84633475  0.84633475  0.80182769  0.78757189  0.78757189  0.75986455  0.77358756  0.45316320  0.51867920  0.51867920  0.56933486  0.44426327  0.51867920  0.48052905  0.49935642  0.60149503  0.67037624  0.78757189  0.73316470  0.80182769  0.77358756  0.81636572  0.78757189  0.84633475  0.87757900  
19_0_0     0.75986455  0.94436249  0.96205242  0.87757900  0.91021186  0.91021186  0.89371418  0.89371418  0.78757189  0.72017019  0.70740162  0.78757189  0.74639329  0.72017019  0.40970445  0.41819289  0.42678059  0.48052905  0.48052905  0.50895426  0.38481241  0.35288348  0.37669910  0.21124133  0.14950092  0.17972249  0.00000000  0.00000000  0.12618837  0.14950092  0.17972249  0.18591896  0.14950092  0.25777179  0.39301637  0.36867444  0.47129333  0.67037624  0.81636572  0.65843797  0.67037624  0.69485127  0.69485127  0.80182769  0.75986455  0.78757189  0.99876438  0.75986455  0.65843797  0.67037624  0.61253586  0.73316470  0.74639329  0.77358756  0.73316470  0.74639329  0.78757189  0.70740162  0.72017019  0.72017019  0.68251180  0.73316470  0.73316470  0.78757189  0.84633475  0.87757900  0.81636572  0.77358756  0.74639329  0.70740162  0.69485127  0.69485127  0.70740162  0.73316470  0.80182769  0.78757189  0.83119737  0.86179073  0.86179073  0.84633475  0.86179073  0.86179073  0.87757900  0.89371418  0.55892034  0.61253586  0.59061773  0.62374522  0.59061773  0.50895426  0.56933486  0.56933486  0.63512834  0.78757189  0.78757189  0.86179073  0.86179073  0.87757900  0.94436249  0.91021186  0.92708868  0.96205242  
88_0_0     0.75986455  0.94436249  0.96205242  0.87757900  0.91021186  0.91021186  0.89371418  0.89371418  0.78757189  0.72017019  0.70740162  0.78757189  0.74639329  0.72017019  0.40970445  0.41819289  0.42678059  0.48052905  0.48052905  0.50895426  0.38481241  0.35288348  0.37669910  0.21124133  0.14950092  0.17972249  0.00000000  0.00000000  0.12618837  0.14950092  0.17972249  0.18591896  0.14950092  0.25777179  0.39301637  0.36867444  0.47129333  0.67037624  0.81636572  0.65843797  0.67037624  0.69485127  0.69485127  0.80182769  0.75986455  0.78757189  0.99876438  0.75986455  0.65843797  0.67037624  0.61253586  0.73316470  0.74639329  0.77358756  0.73316470  0.74639329  0.78757189  0.70740162  0.72017019  0.72017019  0.68251180  0.73316470  0.73316470  0.78757189  0.84633475  0.87757900  0.81636572  0.77358756  0.74639329  0.70740162  0.69485127  0.69485127  0.70740162  0.73316470  0.80182769  0.78757189  0.83119737  0.86179073  0.86179073  0.84633475  0.86179073  0.86179073  0.87757900  0.89371418  0.55892034  0.61253586  0.59061773  0.62374522  0.59061773  0.50895426  0.56933486  0.56933486  0.63512834  0.78757189  0.78757189  0.86179073  0.86179073  0.87757900  0.94436249  0.91021186  0.92708868  0.96205242  
32_0_0     0.78757189  0.91021186  0.92708868  0.84633475  0.87757900  0.87757900  0.94436249  0.94436249  0.84633475  0.72017019  0.73316470  0.75986455  0.70740162  0.74639329  0.47129333  0.47129333  0.49935642  0.56933486  0.52853465  0.56933486  0.42678059  0.36867444  0.39301637  0.25094134  0.22423765  0.25777179  0.12618837  0.12618837  0.00000000  0.23746813  0.23082310  0.28574719  0.22423765  0.27865279  0.37669910  0.38481241  0.47129333  0.69485127  0.80182769  0.68251180  0.67037624  0.69485127  0.69485127  0.73316470  0.83119737  0.86179073  0.92708868  0.83119737  0.68251180  0.67037624  0.63512834  0.77358756  0.75986455  0.84633475  0.77358756  0.81636572  0.86179073  0.72017019  0.73316470  0.75986455  0.72017019  0.77358756  0.77358756  0.78757189  0.74639329  0.77358756  0.81636572  0.77358756  0.74639329  0.73316470  0.74639329  0.74639329  0.73316470  0.73316470  0.89371418  0.91021186  0.70740162  0.75986455  0.75986455  0.74639329  0.73316470  0.73316470  0.74639329  0.73316470  0.50895426  0.56933486  0.59061773  0.62374522  0.53852417  0.53852417  0.55892034  0.54865145  0.65843797  0.83119737  0.83119737  0.91021186  0.87757900  0.92708868  0.86179073  0.83119737  0.94436249  0.98017902  
85_0_0     0.77358756  0.86179073  0.87757900  0.89371418  0.86179073  0.86179073  0.75986455  0.75986455  0.73316470  0.63512834  0.64669068  0.70740162  0.67037624  0.72017019  0.40131301  0.41819289  0.40970445  0.43546991  0.43546991  0.44426327  0.34511353  0.31483063  0.33742493  0.08167244  0.01958245  0.06565090  0.14950092  0.14950092  0.23746813  0.00000000  0.03461977  0.08167244  0.01958245  0.13194749  0.27865279  0.23082310  0.32228509  0.57989920  0.72017019  0.54865145  0.55892034  0.61253586  0.61253586  0.70740162  0.73316470  0.75986455  0.94436249  0.73316470  0.60149503  0.63512834  0.62374522  0.64669068  0.65843797  0.68251180  0.64669068  0.65843797  0.67037624  0.61253586  0.60149503  0.62374522  0.54865145  0.56933486  0.59061773  0.63512834  0.84633475  0.91021186  0.74639329  0.70740162  0.70740162  0.69485127  0.68251180  0.68251180  0.69485127  0.69485127  0.81636572  0.80182769  0.78757189  0.78757189  0.78757189  0.77358756  0.75986455  0.75986455  0.77358756  0.75986455  0.45316320  0.51867920  0.48052905  0.54865145  0.46217232  0.46217232  0.48052905  0.48988240  0.56933486  0.68251180  0.74639329  0.77358756  0.84633475  0.81636572  0.83119737  0.80182769  0.83119737  0.86179073  
79_0_0     0.81636572  0.91021186  0.92708868  0.91021186  0.87757900  0.87757900  0.80182769  0.80182769  0.77358756  0.64669068  0.65843797  0.72017019  0.69485127  0.73316470  0.42678059  0.45316320  0.44426327  0.47129333  0.47129333  0.48052905  0.35288348  0.33742493  0.36073651  0.08709158  0.03461977  0.08167244  0.17972249  0.17972249  0.23082310  0.03461977  0.00000000  0.09805133  0.02456076  0.13194749  0.27162628  0.23746813  0.31483063  0.60149503  0.72017019  0.56933486  0.57989920  0.63512834  0.63512834  0.70740162  0.75986455  0.78757189  0.96205242  0.74639329  0.62374522  0.65843797  0.64669068  0.65843797  0.67037624  0.69485127  0.65843797  0.69485127  0.68251180  0.62374522  0.61253586  0.63512834  0.59061773  0.61253586  0.59061773  0.67037624  0.84633475  0.91021186  0.75986455  0.72017019  0.72017019  0.70740162  0.69485127  0.69485127  0.70740162  0.70740162  0.84633475  0.83119737  0.74639329  0.74639329  0.74639329  0.75986455  0.74639329  0.74639329  0.73316470  0.72017019  0.45316320  0.50895426  0.48052905  0.59061773  0.43546991  0.45316320  0.48988240  0.46217232  0.56933486  0.68251180  0.74639329  0.74639329  0.81636572  0.78757189  0.86179073  0.83119737  0.84633475  0.87757900  
29_0_0     0.83119737  0.86179073  0.87757900  0.96205242  0.92708868  0.92708868  0.83119737  0.83119737  0.77358756  0.70740162  0.69485127  0.78757189  0.77358756  0.74639329  0.44426327  0.44426327  0.45316320  0.44426327  0.47129333  0.45316320  0.32981600  0.34511353  0.36867444  0.11480386  0.07095267  0.12047405  0.18591896  0.18591896  0.28574719  0.08167244  0.09805133  0.00000000  0.07095267  0.16748422  0.36867444  0.30014494  0.36867444  0.68251180  0.78757189  0.64669068  0.64669068  0.64669068  0.64669068  0.72017019  0.67037624  0.69485127  0.94436249  0.64669068  0.65843797  0.69485127  0.63512834  0.73316470  0.77358756  0.77358756  0.73316470  0.74639329  0.75986455  0.69485127  0.68251180  0.68251180  0.63512834  0.68251180  0.68251180  0.74639329  0.96205242  1.03740861  0.83119737  0.84633475  0.84633475  0.80182769  0.78757189  0.78757189  0.77358756  0.83119737  0.78757189  0.77358756  0.83119737  0.86179073  0.86179073  0.81636572  0.83119737  0.83119737  0.81636572  0.80182769  0.52853465  0.60149503  0.53852417  0.62374522  0.52853465  0.49935642  0.50895426  0.55892034  0.62374522  0.73316470  0.78757189  0.72017019  0.78757189  0.75986455  0.77358756  0.77358756  0.70740162  0.73316470  
