20
16_0_0     0.00000000  0.22135071  0.12946975  0.14820090  0.18718243  0.20065692  0.20748936  0.21438687  0.37686247  0.35129842  0.32660608  0.40336204  0.39442068  0.36824046  0.35971990  0.31855891  0.43086821  0.41241518  0.38558836  0.43086821  
20_0_0     0.22135071  0.00000000  0.12333216  0.14820090  0.19388834  0.20748936  0.22135071  0.21438687  0.41241518  0.40336204  0.36824046  0.38558836  0.37686247  0.36824046  0.37686247  0.35129842  0.36824046  0.39442068  0.36824046  0.46924772  
13_0_0     0.12946975  0.12333216  0.00000000  0.02091776  0.12333216  0.13565979  0.15455385  0.14820090  0.34297374  0.33474367  0.31060017  0.33474367  0.31060017  0.31060017  0.30272795  0.29494038  0.35129842  0.34297374  0.37686247  0.36824046  
19_0_0     0.14820090  0.14820090  0.02091776  0.00000000  0.12946975  0.14190320  0.17395408  0.16742942  0.35971990  0.35129842  0.31855891  0.35129842  0.32660608  0.32660608  0.31855891  0.31060017  0.35971990  0.35971990  0.39442068  0.38558836  
18_0_0     0.18718243  0.19388834  0.12333216  0.12946975  0.00000000  0.07031609  0.11724616  0.11121087  0.31060017  0.28723567  0.27961206  0.30272795  0.29494038  0.30272795  0.27961206  0.27961206  0.33474367  0.31855891  0.32660608  0.31855891  
14_0_0     0.20065692  0.20748936  0.13565979  0.14190320  0.07031609  0.00000000  0.09340105  0.08756045  0.31855891  0.31060017  0.30272795  0.31060017  0.31855891  0.31855891  0.32660608  0.33474367  0.38558836  0.34297374  0.35129842  0.30272795  
15_0_0     0.20748936  0.22135071  0.15455385  0.17395408  0.11724616  0.09340105  0.00000000  0.00517307  0.33474367  0.35129842  0.35129842  0.32660608  0.33474367  0.31855891  0.32660608  0.36824046  0.42158293  0.37686247  0.38558836  0.37686247  
17_0_0     0.21438687  0.21438687  0.14820090  0.16742942  0.11121087  0.08756045  0.00517307  0.00000000  0.34297374  0.34297374  0.34297374  0.31855891  0.32660608  0.32660608  0.33474367  0.35971990  0.41241518  0.38558836  0.39442068  0.36824046  
1_0_0      0.37686247  0.41241518  0.34297374  0.35971990  0.31060017  0.31855891  0.33474367  0.34297374  0.00000000  0.07031609  0.11724616  0.09928912  0.09340105  0.09928912  0.09928912  0.16742942  0.22135071  0.18718243  0.22135071  0.23548256  
8_0_0      0.35129842  0.40336204  0.33474367  0.35129842  0.28723567  0.31060017  0.35129842  0.34297374  0.07031609  0.00000000  0.12946975  0.10522547  0.09928912  0.12333216  0.11121087  0.17395408  0.27206786  0.23548256  0.25721123  0.23548256  
5_0_0      0.32660608  0.36824046  0.31060017  0.31855891  0.27961206  0.30272795  0.35129842  0.34297374  0.11724616  0.12946975  0.00000000  0.11724616  0.11121087  0.12333216  0.12333216  0.15455385  0.24265326  0.22135071  0.23548256  0.24989566  
2_0_0      0.40336204  0.38558836  0.33474367  0.35129842  0.30272795  0.31060017  0.32660608  0.31855891  0.09928912  0.10522547  0.11724616  0.00000000  0.01563141  0.07031609  0.07031609  0.19388834  0.22838217  0.19388834  0.22135071  0.22135071  
12_0_0     0.39442068  0.37686247  0.31060017  0.32660608  0.29494038  0.31855891  0.33474367  0.32660608  0.09340105  0.09928912  0.11121087  0.01563141  0.00000000  0.06465802  0.06465802  0.18718243  0.23548256  0.20065692  0.22838217  0.23548256  
11_0_0     0.36824046  0.36824046  0.31060017  0.32660608  0.30272795  0.31855891  0.31855891  0.32660608  0.09928912  0.12333216  0.12333216  0.07031609  0.06465802  0.00000000  0.03160766  0.16096302  0.25721123  0.18053805  0.20748936  0.22135071  
4_0_0      0.35971990  0.37686247  0.30272795  0.31855891  0.27961206  0.32660608  0.32660608  0.33474367  0.09928912  0.11121087  0.12333216  0.07031609  0.06465802  0.03160766  0.00000000  0.16096302  0.22838217  0.17395408  0.20065692  0.20748936  
10_0_0     0.31855891  0.35129842  0.29494038  0.31060017  0.27961206  0.33474367  0.36824046  0.35971990  0.16742942  0.17395408  0.15455385  0.19388834  0.18718243  0.16096302  0.16096302  0.00000000  0.22135071  0.16742942  0.16096302  0.24989566  
9_0_0      0.43086821  0.36824046  0.35129842  0.35971990  0.33474367  0.38558836  0.42158293  0.41241518  0.22135071  0.27206786  0.24265326  0.22838217  0.23548256  0.25721123  0.22838217  0.22135071  0.00000000  0.13565979  0.13565979  0.29494038  
3_0_0      0.41241518  0.39442068  0.34297374  0.35971990  0.31855891  0.34297374  0.37686247  0.38558836  0.18718243  0.23548256  0.22135071  0.19388834  0.20065692  0.18053805  0.17395408  0.16742942  0.13565979  0.00000000  0.04245772  0.24265326  
6_0_0      0.38558836  0.36824046  0.37686247  0.39442068  0.32660608  0.35129842  0.38558836  0.39442068  0.22135071  0.25721123  0.23548256  0.22135071  0.22838217  0.20748936  0.20065692  0.16096302  0.13565979  0.04245772  0.00000000  0.27961206  
7_0_0      0.43086821  0.46924772  0.36824046  0.38558836  0.31855891  0.30272795  0.37686247  0.36824046  0.23548256  0.23548256  0.24989566  0.22135071  0.23548256  0.22135071  0.20748936  0.24989566  0.29494038  0.24265326  0.27961206  0.00000000  

