20
20_0_0     0.00000000  0.11280950  0.10071150  0.10472194  0.21288657  0.17650120  0.18993421  0.25611094  0.25611094  0.25611094  0.26107543  0.26607390  0.29159259  0.27110681  0.18542903  0.18095148  0.17650120  0.18095148  0.17207788  0.16768118  
3_0_0      0.11280950  0.00000000  0.01052848  0.00700210  0.23178234  0.18993421  0.19902879  0.28641703  0.28641703  0.28127788  0.27617464  0.26107543  0.28641703  0.28641703  0.17207788  0.15896639  0.16331079  0.16768118  0.18095148  0.17650120  
2_0_0      0.10071150  0.01052848  0.00000000  0.01052848  0.24141676  0.19902879  0.20361890  0.28641703  0.28641703  0.28127788  0.27617464  0.27110681  0.29680509  0.28641703  0.17650120  0.16331079  0.16768118  0.17207788  0.18542903  0.17650120  
1_0_0      0.10472194  0.00700210  0.01052848  0.00000000  0.23178234  0.18993421  0.19902879  0.28641703  0.28641703  0.28127788  0.27617464  0.26107543  0.28641703  0.28641703  0.17207788  0.15896639  0.16331079  0.16768118  0.18095148  0.17650120  
16_0_0     0.21288657  0.23178234  0.24141676  0.23178234  0.00000000  0.14608613  0.17207788  0.25117996  0.25117996  0.25611094  0.26107543  0.27110681  0.25611094  0.26607390  0.16768118  0.17207788  0.16768118  0.16768118  0.15464768  0.15035436  
6_0_0      0.17650120  0.18993421  0.19902879  0.18993421  0.14608613  0.00000000  0.10071150  0.18993421  0.18993421  0.19446734  0.19902879  0.19902879  0.19902879  0.21756489  0.12925832  0.13342907  0.12925832  0.13762376  0.13762376  0.12925832  
15_0_0     0.18993421  0.19902879  0.20361890  0.19902879  0.17207788  0.10071150  0.00000000  0.23178234  0.23178234  0.23658367  0.24141676  0.26607390  0.26107543  0.27110681  0.15896639  0.15464768  0.15896639  0.16768118  0.15035436  0.13762376  
9_0_0      0.25611094  0.28641703  0.28641703  0.28641703  0.25117996  0.18993421  0.23178234  0.00000000  0.00000000  0.01407197  0.02121095  0.08881063  0.07710056  0.08098309  0.20823804  0.20823804  0.21288657  0.20823804  0.20823804  0.20361890  
13_0_0     0.25611094  0.28641703  0.28641703  0.28641703  0.25117996  0.18993421  0.23178234  0.00000000  0.00000000  0.01407197  0.02121095  0.08881063  0.07710056  0.08098309  0.20823804  0.20823804  0.21288657  0.20823804  0.20823804  0.20361890  
7_0_0      0.25611094  0.28127788  0.28127788  0.28127788  0.25611094  0.19446734  0.23658367  0.01407197  0.01407197  0.00000000  0.00700210  0.08881063  0.06939686  0.07323855  0.21288657  0.21288657  0.21756489  0.21288657  0.20823804  0.20361890  
14_0_0     0.26107543  0.27617464  0.27617464  0.27617464  0.26107543  0.19902879  0.24141676  0.02121095  0.02121095  0.00700210  0.00000000  0.09672296  0.06939686  0.08098309  0.20823804  0.20823804  0.21288657  0.20823804  0.21288657  0.20823804  
19_0_0     0.26607390  0.26107543  0.27110681  0.26107543  0.27110681  0.19902879  0.26607390  0.08881063  0.08881063  0.08881063  0.09672296  0.00000000  0.07710056  0.08098309  0.22227336  0.21288657  0.20823804  0.20823804  0.21288657  0.21288657  
18_0_0     0.29159259  0.28641703  0.29680509  0.28641703  0.25611094  0.19902879  0.26107543  0.07710056  0.07710056  0.06939686  0.06939686  0.07710056  0.00000000  0.02480677  0.22227336  0.21288657  0.21756489  0.22227336  0.22701237  0.21756489  
8_0_0      0.27110681  0.28641703  0.28641703  0.28641703  0.26607390  0.21756489  0.27110681  0.08098309  0.08098309  0.07323855  0.08098309  0.08098309  0.02480677  0.00000000  0.24141676  0.23178234  0.23658367  0.24141676  0.22227336  0.20823804  
5_0_0      0.18542903  0.17207788  0.17650120  0.17207788  0.16768118  0.12925832  0.15896639  0.20823804  0.20823804  0.21288657  0.20823804  0.22227336  0.22227336  0.24141676  0.00000000  0.04305633  0.03936975  0.04305633  0.06939686  0.06557527  
12_0_0     0.18095148  0.15896639  0.16331079  0.15896639  0.17207788  0.13342907  0.15464768  0.20823804  0.20823804  0.21288657  0.20823804  0.21288657  0.21288657  0.23178234  0.04305633  0.00000000  0.00349266  0.01052848  0.06557527  0.05799155  
4_0_0      0.17650120  0.16331079  0.16768118  0.16331079  0.16768118  0.12925832  0.15896639  0.21288657  0.21288657  0.21756489  0.21288657  0.20823804  0.21756489  0.23658367  0.03936975  0.00349266  0.00000000  0.00700210  0.06177357  0.05422902  
10_0_0     0.18095148  0.16768118  0.17207788  0.16768118  0.16768118  0.13762376  0.16768118  0.20823804  0.20823804  0.21288657  0.20823804  0.20823804  0.22227336  0.24141676  0.04305633  0.01052848  0.00700210  0.00000000  0.06557527  0.06177357  
17_0_0     0.17207788  0.18095148  0.18542903  0.18095148  0.15464768  0.13762376  0.15035436  0.20823804  0.20823804  0.20823804  0.21288657  0.21288657  0.22701237  0.22227336  0.06939686  0.06557527  0.06177357  0.06557527  0.00000000  0.01052848  
11_0_0     0.16768118  0.17650120  0.17650120  0.17650120  0.15035436  0.12925832  0.13762376  0.20361890  0.20361890  0.20361890  0.20823804  0.21288657  0.21756489  0.20823804  0.06557527  0.05799155  0.05422902  0.06177357  0.01052848  0.00000000  

