20
20_0_0     0.00000000  0.10601957  0.10183687  0.10601957  0.27488535  0.24449398  0.23420696  0.29221183  0.29221183  0.28724148  0.28724148  0.28592397  0.28592397  0.30296400  0.22696525  0.23618561  0.24141385  0.23618561  0.24201809  0.24733221  
3_0_0      0.10601957  0.00000000  0.00349680  0.00349680  0.23564228  0.23213930  0.19702125  0.26574142  0.26574142  0.26636142  0.26636142  0.23888323  0.25447689  0.25978736  0.21144095  0.20503314  0.21010322  0.20503314  0.19944326  0.20443510  
2_0_0      0.10183687  0.00349680  0.00000000  0.00701881  0.23564228  0.23213930  0.19702125  0.27120084  0.27120084  0.27185216  0.27185216  0.24402602  0.24922352  0.25447689  0.21144095  0.20503314  0.21010322  0.20503314  0.19944326  0.20443510  
1_0_0      0.10601957  0.00349680  0.00701881  0.00000000  0.23049719  0.23213930  0.19702125  0.26034232  0.26034232  0.26093170  0.26093170  0.23379399  0.24922352  0.25447689  0.21661962  0.20001514  0.20503314  0.20001514  0.20443510  0.20947846  
16_0_0     0.27488535  0.23564228  0.23564228  0.23049719  0.00000000  0.15409163  0.17187617  0.28327570  0.28327570  0.27749446  0.27749446  0.27218886  0.29292231  0.28750021  0.22563692  0.19013111  0.19504813  0.19013111  0.21075741  0.21590822  
6_0_0      0.24449398  0.23213930  0.23213930  0.23213930  0.15409163  0.00000000  0.08223347  0.24833284  0.24833284  0.25310717  0.25310717  0.24282471  0.24725485  0.25753502  0.14536800  0.13634601  0.14083618  0.13634601  0.15409163  0.15873055  
15_0_0     0.23420696  0.19702125  0.19702125  0.19702125  0.17187617  0.08223347  0.00000000  0.27830618  0.27830618  0.27254646  0.27254646  0.27254646  0.27714490  0.27714490  0.16203200  0.13937788  0.14382546  0.13937788  0.14350445  0.15248064  
9_0_0      0.29221183  0.26574142  0.27120084  0.26034232  0.28327570  0.24833284  0.27830618  0.00000000  0.00000000  0.02129675  0.01768388  0.07001469  0.07797362  0.08200224  0.25813703  0.25813703  0.26363037  0.25813703  0.25744280  0.26290479  
13_0_0     0.29221183  0.26574142  0.27120084  0.26034232  0.28327570  0.24833284  0.27830618  0.00000000  0.00000000  0.02129675  0.01768388  0.07001469  0.07797362  0.08200224  0.25813703  0.25813703  0.26363037  0.25813703  0.25744280  0.26290479  
7_0_0      0.28724148  0.26636142  0.27185216  0.26093170  0.27749446  0.25310717  0.27254646  0.02129675  0.02129675  0.00000000  0.00349680  0.07019565  0.07818782  0.07417540  0.26290479  0.24669862  0.25204118  0.24669862  0.25678207  0.26221307  
14_0_0     0.28724148  0.26636142  0.27185216  0.26093170  0.27749446  0.25310717  0.27254646  0.01768388  0.01768388  0.00349680  0.00000000  0.06624806  0.07417540  0.07019565  0.26290479  0.25204118  0.25744280  0.25204118  0.25141077  0.25678207  
19_0_0     0.28592397  0.23888323  0.24402602  0.23379399  0.27218886  0.24282471  0.27254646  0.07001469  0.07001469  0.07019565  0.06624806  0.00000000  0.05877800  0.05877800  0.25081364  0.23001371  0.23513128  0.23001371  0.26093170  0.26636142  
18_0_0     0.28592397  0.25447689  0.24922352  0.24922352  0.29292231  0.24725485  0.27714490  0.07797362  0.07797362  0.07818782  0.07417540  0.05877800  0.00000000  0.02870118  0.25615497  0.24030301  0.24553007  0.24030301  0.27185216  0.27740530  
8_0_0      0.30296400  0.25978736  0.25447689  0.25447689  0.28750021  0.25753502  0.27714490  0.08200224  0.08200224  0.07417540  0.07019565  0.05877800  0.02870118  0.00000000  0.25615497  0.24030301  0.24553007  0.24030301  0.25024995  0.25556164  
5_0_0      0.22696525  0.21144095  0.21144095  0.21661962  0.22563692  0.14536800  0.16203200  0.25813703  0.25813703  0.26290479  0.26290479  0.25081364  0.25615497  0.25615497  0.00000000  0.03965237  0.04341808  0.03965237  0.06250258  0.07842425  
12_0_0     0.23618561  0.20503314  0.20503314  0.20001514  0.19013111  0.13634601  0.13937788  0.25813703  0.25813703  0.24669862  0.25204118  0.23001371  0.24030301  0.24030301  0.03965237  0.00000000  0.00349680  0.00000000  0.04355357  0.05507405  
4_0_0      0.24141385  0.21010322  0.21010322  0.20503314  0.19504813  0.14083618  0.14382546  0.26363037  0.26363037  0.25204118  0.25744280  0.23513128  0.24553007  0.24553007  0.04341808  0.00349680  0.00000000  0.00349680  0.04736363  0.05897537  
10_0_0     0.23618561  0.20503314  0.20503314  0.20001514  0.19013111  0.13634601  0.13937788  0.25813703  0.25813703  0.24669862  0.25204118  0.23001371  0.24030301  0.24030301  0.03965237  0.00000000  0.00349680  0.00000000  0.04355357  0.05507405  
17_0_0     0.24201809  0.19944326  0.19944326  0.20443510  0.21075741  0.15409163  0.14350445  0.25744280  0.25744280  0.25678207  0.25141077  0.26093170  0.27185216  0.25024995  0.06250258  0.04355357  0.04736363  0.04355357  0.00000000  0.01773975  
11_0_0     0.24733221  0.20443510  0.20443510  0.20947846  0.21590822  0.15873055  0.15248064  0.26290479  0.26290479  0.26221307  0.25678207  0.26636142  0.27740530  0.25556164  0.07842425  0.05507405  0.05897537  0.05507405  0.01773975  0.00000000  

