20
20_0_0     0.00000000  0.11973202  0.11973202  0.12411347  0.25574713  0.20256214  0.20751200  0.29422829  0.29422829  0.30488961  0.30488961  0.28870129  0.30040468  0.29478270  0.19766150  0.20751200  0.20256214  0.20306594  0.21198635  0.20751200  
3_0_0      0.11973202  0.00000000  0.00000000  0.01056539  0.23240206  0.19043537  0.20415921  0.26318798  0.26318798  0.27338232  0.27338232  0.25271826  0.27338232  0.26803441  0.14817924  0.17120637  0.17594376  0.17644031  0.18504018  0.18555734  
2_0_0      0.11973202  0.00000000  0.00000000  0.01056539  0.23240206  0.19043537  0.20415921  0.26318798  0.26318798  0.27338232  0.27338232  0.25271826  0.27338232  0.26803441  0.14817924  0.17120637  0.17594376  0.17644031  0.18504018  0.18555734  
1_0_0      0.12411347  0.01056539  0.01056539  0.00000000  0.23764090  0.19043537  0.20415921  0.26318798  0.26318798  0.27338232  0.27338232  0.25792532  0.27338232  0.26803441  0.14817924  0.17120637  0.17594376  0.17644031  0.19479583  0.19536215  
16_0_0     0.25574713  0.23240206  0.23240206  0.23764090  0.00000000  0.17696343  0.18555734  0.30231986  0.30231986  0.28975389  0.28975389  0.31029705  0.30327027  0.29733885  0.19043537  0.20536595  0.20536595  0.20474845  0.22391312  0.22982096  
6_0_0      0.20256214  0.19043537  0.19043537  0.19043537  0.17696343  0.00000000  0.06621978  0.18722653  0.18722653  0.18219027  0.18219027  0.19678908  0.19639593  0.20122361  0.11075399  0.11075399  0.11503994  0.11471394  0.11839876  0.11441128  
15_0_0     0.20751200  0.20415921  0.20415921  0.20415921  0.18555734  0.06621978  0.00000000  0.21469981  0.21469981  0.21925075  0.21925075  0.22969487  0.23432120  0.22924635  0.15439151  0.15439151  0.14978573  0.14934642  0.15766783  0.14441142  
9_0_0      0.29422829  0.26318798  0.26318798  0.26318798  0.30231986  0.18722653  0.21469981  0.00000000  0.00000000  0.01768188  0.01768188  0.06621978  0.03954311  0.04706942  0.19603169  0.22053318  0.22053318  0.22007518  0.21510204  0.20083553  
13_0_0     0.29422829  0.26318798  0.26318798  0.26318798  0.30231986  0.18722653  0.21469981  0.00000000  0.00000000  0.01768188  0.01768188  0.06621978  0.03954311  0.04706942  0.19603169  0.22053318  0.22053318  0.22007518  0.21510204  0.20083553  
7_0_0      0.30488961  0.27338232  0.27338232  0.27338232  0.28975389  0.18219027  0.21925075  0.01768188  0.01768188  0.00000000  0.00000000  0.07793492  0.05075379  0.05842613  0.20047676  0.22509900  0.22509900  0.22464566  0.21469981  0.21510204  
14_0_0     0.30488961  0.27338232  0.27338232  0.27338232  0.28975389  0.18219027  0.21925075  0.01768188  0.01768188  0.00000000  0.00000000  0.07793492  0.05075379  0.05842613  0.20047676  0.22509900  0.22509900  0.22464566  0.21469981  0.21510204  
19_0_0     0.28870129  0.25271826  0.25271826  0.25792532  0.31029705  0.19678908  0.22969487  0.06621978  0.06621978  0.07793492  0.07793492  0.00000000  0.06247580  0.06640382  0.21553448  0.23068526  0.23068526  0.23530292  0.23530292  0.24105083  
18_0_0     0.30040468  0.27338232  0.27338232  0.27338232  0.30327027  0.19639593  0.23432120  0.03954311  0.03954311  0.05075379  0.05075379  0.06247580  0.00000000  0.00701837  0.20047676  0.21510204  0.21510204  0.21964765  0.21469981  0.21510204  
8_0_0      0.29478270  0.26803441  0.26803441  0.26803441  0.29733885  0.20122361  0.22924635  0.04706942  0.04706942  0.05842613  0.05842613  0.06640382  0.00701837  0.00000000  0.20530380  0.22007518  0.22007518  0.22464566  0.21964765  0.22007518  
5_0_0      0.19766150  0.14817924  0.14817924  0.14817924  0.19043537  0.11075399  0.15439151  0.19603169  0.19603169  0.20047676  0.20047676  0.21553448  0.20047676  0.20530380  0.00000000  0.03613596  0.03240080  0.03601157  0.07036340  0.06660897  
12_0_0     0.20751200  0.17120637  0.17120637  0.17120637  0.20536595  0.11075399  0.15439151  0.22053318  0.22053318  0.22509900  0.22509900  0.23068526  0.21510204  0.22007518  0.03613596  0.00000000  0.00349669  0.01053668  0.07036340  0.06660897  
4_0_0      0.20256214  0.17594376  0.17594376  0.17594376  0.20536595  0.11503994  0.14978573  0.22053318  0.22053318  0.22509900  0.22509900  0.23068526  0.21510204  0.22007518  0.03240080  0.00349669  0.00000000  0.00700255  0.06640382  0.06266502  
10_0_0     0.20306594  0.17644031  0.17644031  0.17644031  0.20474845  0.11471394  0.14934642  0.22007518  0.22007518  0.22464566  0.22464566  0.23530292  0.21964765  0.22464566  0.03601157  0.01053668  0.00700255  0.00000000  0.07016331  0.06640382  
17_0_0     0.21198635  0.18504018  0.18504018  0.19479583  0.22391312  0.11839876  0.15766783  0.21510204  0.21510204  0.21469981  0.21469981  0.23530292  0.21469981  0.21964765  0.07036340  0.07036340  0.06640382  0.07016331  0.00000000  0.02493217  
11_0_0     0.20751200  0.18555734  0.18555734  0.19536215  0.22982096  0.11441128  0.14441142  0.20083553  0.20083553  0.21510204  0.21510204  0.24105083  0.21510204  0.22007518  0.06660897  0.06660897  0.06266502  0.06640382  0.02493217  0.00000000  

