20
20_0_0     0.00000000  0.11704046  0.10437169  0.10871288  0.21691429  0.18000116  0.19457791  0.26324804  0.26324804  0.26399240  0.26958493  0.27443051  0.30263015  0.27853507  0.19075326  0.18640251  0.18151561  0.18640251  0.17616974  0.17140615  
3_0_0      0.11704046  0.00000000  0.01053870  0.00700322  0.23893251  0.19571539  0.20579750  0.29957777  0.29957777  0.29459691  0.28865215  0.27039966  0.29857728  0.29761539  0.17721585  0.16340874  0.16815184  0.17294266  0.18699220  0.18207894  
2_0_0      0.10437169  0.01053870  0.00000000  0.01056939  0.24899541  0.20515816  0.21025177  0.29857728  0.29857728  0.29359737  0.28769115  0.28097096  0.30964532  0.29669213  0.18151561  0.16763616  0.17240191  0.17721585  0.19134009  0.18151561  
1_0_0      0.10871288  0.00700322  0.01056939  0.00000000  0.23824608  0.19513153  0.20515816  0.29857728  0.29857728  0.29359737  0.28769115  0.26958493  0.29761539  0.29669213  0.17667834  0.16291762  0.16763616  0.17240191  0.18640251  0.18151561  
16_0_0     0.21691429  0.23893251  0.24899541  0.23824608  0.00000000  0.14990390  0.17721585  0.25921123  0.25921123  0.26399240  0.26958493  0.28185728  0.26399240  0.27443051  0.16976078  0.17481856  0.17012853  0.17012853  0.15739476  0.15281443  
6_0_0      0.18000116  0.19571539  0.20515816  0.19513153  0.14990390  0.00000000  0.10395923  0.19266818  0.19266818  0.19709593  0.20197374  0.20155274  0.20197374  0.22147001  0.13083001  0.13628120  0.13182553  0.14077894  0.14120755  0.13305688  
15_0_0     0.19457791  0.20579750  0.21025177  0.20515816  0.17721585  0.10395923  0.00000000  0.23697440  0.23697440  0.24164130  0.24695178  0.27365385  0.26880645  0.27930978  0.16245452  0.15920713  0.16392779  0.17351186  0.15406194  0.14120755  
9_0_0      0.26324804  0.29957777  0.29857728  0.29857728  0.25921123  0.19266818  0.23697440  0.00000000  0.00000000  0.01410063  0.02130541  0.09059258  0.07855438  0.08236514  0.21055514  0.21096497  0.21594242  0.21096497  0.21238861  0.20738142  
13_0_0     0.26324804  0.29957777  0.29857728  0.29857728  0.25921123  0.19266818  0.23697440  0.00000000  0.00000000  0.01410063  0.02130541  0.09059258  0.07855438  0.08236514  0.21055514  0.21096497  0.21594242  0.21096497  0.21238861  0.20738142  
7_0_0      0.26399240  0.29459691  0.29359737  0.29359737  0.26399240  0.19709593  0.24164130  0.01410063  0.01410063  0.00000000  0.00702013  0.09089836  0.07073692  0.07450982  0.21594242  0.21641206  0.22147001  0.21641206  0.21292739  0.20789253  
14_0_0     0.26958493  0.28865215  0.28769115  0.28769115  0.26958493  0.20197374  0.24695178  0.02130541  0.02130541  0.00702013  0.00000000  0.09930909  0.07073692  0.08263359  0.21096497  0.21140726  0.21641206  0.21140726  0.21801605  0.21292739  
19_0_0     0.27443051  0.27039966  0.28097096  0.26958493  0.28185728  0.20155274  0.27365385  0.09059258  0.09059258  0.09089836  0.09930909  0.00000000  0.07855438  0.08236514  0.22556348  0.21594242  0.21096497  0.21096497  0.21744900  0.21744900  
18_0_0     0.30263015  0.29857728  0.30964532  0.29761539  0.26399240  0.20197374  0.26880645  0.07855438  0.07855438  0.07073692  0.07073692  0.07855438  0.00000000  0.02494909  0.22510431  0.21641206  0.22147001  0.22658226  0.23233879  0.22315967  
8_0_0      0.27853507  0.29761539  0.29669213  0.29669213  0.27443051  0.22147001  0.27930978  0.08236514  0.08236514  0.07450982  0.08263359  0.08236514  0.02494909  0.00000000  0.24522102  0.23638938  0.24164130  0.24695178  0.22658226  0.21238861  
5_0_0      0.19075326  0.17721585  0.18151561  0.17667834  0.16976078  0.13083001  0.16245452  0.21055514  0.21055514  0.21594242  0.21096497  0.22556348  0.22510431  0.24522102  0.00000000  0.04333341  0.03957604  0.04333341  0.06965556  0.06576349  
12_0_0     0.18640251  0.16340874  0.16763616  0.16291762  0.17481856  0.13628120  0.15920713  0.21096497  0.21096497  0.21641206  0.21140726  0.21594242  0.21641206  0.23638938  0.04333341  0.00000000  0.00349713  0.01056939  0.06586921  0.05836138  
4_0_0      0.18151561  0.16815184  0.17240191  0.16763616  0.17012853  0.13182553  0.16392779  0.21594242  0.21594242  0.22147001  0.21641206  0.21096497  0.22147001  0.24164130  0.03957604  0.00349713  0.00000000  0.00702013  0.06199227  0.05451434  
10_0_0     0.18640251  0.17294266  0.17721585  0.17240191  0.17012853  0.14077894  0.17351186  0.21096497  0.21096497  0.21641206  0.21140726  0.21096497  0.22658226  0.24695178  0.04333341  0.01056939  0.00702013  0.00000000  0.06586921  0.06223976  
17_0_0     0.17616974  0.18699220  0.19134009  0.18640251  0.15739476  0.14120755  0.15406194  0.21238861  0.21238861  0.21292739  0.21801605  0.21744900  0.23233879  0.22658226  0.06965556  0.06586921  0.06199227  0.06586921  0.00000000  0.01052848  
11_0_0     0.17140615  0.18207894  0.18151561  0.18151561  0.15281443  0.13305688  0.14120755  0.20738142  0.20738142  0.20789253  0.21292739  0.21744900  0.22315967  0.21238861  0.06576349  0.05836138  0.05451434  0.06223976  0.01052848  0.00000000  

