183
13_18_0    0.00000000  0.08312598  0.08312598  0.17671805  0.25951868  0.16260531  0.16962823  0.14875523  0.19110358  0.18387606  0.22833313  0.23600786  0.16260531  0.12180514  0.22833313  0.16260531  0.15564805  0.15564805  0.17671805  0.19110358  0.19840199  0.16260531  0.15564805  0.14875523  0.14192566  0.14192566  0.22073674  0.22833313  0.20577268  0.20577268  0.19840199  0.20577268  0.24376257  0.25159893  0.24376257  0.25159893  0.20577268  0.21321710  0.21321710  0.16962823  0.17671805  0.16962823  0.17671805  0.18387606  0.19840199  0.18387606  0.18387606  0.16962823  0.22073674  0.19110358  0.22073674  0.22833313  0.21321710  0.21321710  0.24376257  0.17671805  0.18387606  0.19840199  0.19840199  0.19840199  0.20577268  0.19840199  0.19840199  0.21321710  0.22073674  0.23600786  0.22073674  0.25951868  0.25159893  0.23600786  0.25159893  0.23600786  0.22073674  0.22073674  0.25159893  0.24376257  0.22833313  0.24376257  0.23600786  0.24376257  0.22073674  0.20577268  0.19840199  0.22073674  0.27561560  0.24376257  0.25159893  0.29206840  0.31745036  0.29206840  0.27561560  0.27561560  0.24376257  0.19110358  0.19110358  0.20577268  0.25159893  0.25159893  0.19840199  0.26752362  0.26752362  0.28379653  0.23600786  0.23600786  0.23600786  0.25951868  0.23600786  0.25159893  0.25159893  0.21321710  0.21321710  0.22073674  0.31745036  0.21321710  0.23600786  0.24376257  0.24376257  0.23600786  0.23600786  0.20577268  0.21321710  0.21321710  0.22833313  0.20577268  0.20577268  0.22833313  0.20577268  0.19840199  0.19840199  0.19840199  0.19110358  0.17671805  0.22073674  0.19110358  0.24376257  0.25951868  0.19840199  0.20577268  0.19840199  0.20577268  0.21321710  0.20577268  0.22833313  0.19840199  0.20577268  0.20577268  0.20577268  0.19110358  0.20577268  0.20577268  0.20577268  0.23600786  0.23600786  0.21321710  0.22833313  0.21321710  0.21321710  0.21321710  0.18387606  0.22073674  0.24376257  0.19110358  0.19110358  0.19840199  0.17671805  0.17671805  0.19110358  0.17671805  0.17671805  0.40891322  0.40891322  0.45923730  0.45923730  0.45923730  0.33486573  0.33486573  0.34372866  0.38027517  0.38969927  0.37096891  0.39924424  0.39924424  0.40891322  
82_22_0    0.08312598  0.00000000  0.01132164  0.14192566  0.20577268  0.11521739  0.11521739  0.11521739  0.12845172  0.12845172  0.17671805  0.16962823  0.10221430  0.10868745  0.22073674  0.14192566  0.14875523  0.12180514  0.14192566  0.15564805  0.12845172  0.12845172  0.12180514  0.12845172  0.14192566  0.14192566  0.17671805  0.18387606  0.19110358  0.19110358  0.21321710  0.20577268  0.23600786  0.23600786  0.22833313  0.23600786  0.24376257  0.25159893  0.25159893  0.19110358  0.19840199  0.19110358  0.17671805  0.19110358  0.17671805  0.16260531  0.16260531  0.15564805  0.20577268  0.17671805  0.19840199  0.22073674  0.22073674  0.22073674  0.21321710  0.20577268  0.19840199  0.19110358  0.19110358  0.19840199  0.20577268  0.16962823  0.18387606  0.19840199  0.20577268  0.22073674  0.18387606  0.22073674  0.21321710  0.21321710  0.22833313  0.21321710  0.18387606  0.18387606  0.23600786  0.22833313  0.24376257  0.26752362  0.25951868  0.25159893  0.23600786  0.22833313  0.23600786  0.25951868  0.29206840  0.24376257  0.27561560  0.27561560  0.28379653  0.25951868  0.25159893  0.26752362  0.26752362  0.21321710  0.21321710  0.23600786  0.25951868  0.25951868  0.22073674  0.28379653  0.25951868  0.29206840  0.25951868  0.25951868  0.22833313  0.28379653  0.22073674  0.22073674  0.24376257  0.22073674  0.22073674  0.21321710  0.30043323  0.22073674  0.22833313  0.25159893  0.25159893  0.22833313  0.22833313  0.17671805  0.23600786  0.19840199  0.22073674  0.20577268  0.20577268  0.22073674  0.20577268  0.18387606  0.18387606  0.18387606  0.16962823  0.15564805  0.22073674  0.19110358  0.24376257  0.25951868  0.16260531  0.16962823  0.16962823  0.17671805  0.18387606  0.17671805  0.20577268  0.19840199  0.20577268  0.20577268  0.20577268  0.20577268  0.19840199  0.19110358  0.20577268  0.22833313  0.21321710  0.21321710  0.21321710  0.20577268  0.20577268  0.20577268  0.19110358  0.21321710  0.20577268  0.17671805  0.16962823  0.17671805  0.16962823  0.16962823  0.16260531  0.16260531  0.16260531  0.42863641  0.43869754  0.51321269  0.51321269  0.51321269  0.36177760  0.36177760  0.37096891  0.37096891  0.38027517  0.38969927  0.40891322  0.40891322  0.39924424  
82_18_0    0.08312598  0.01132164  0.00000000  0.14192566  0.20577268  0.11521739  0.12845172  0.11521739  0.14192566  0.14192566  0.19110358  0.18387606  0.11521739  0.10868745  0.22073674  0.12845172  0.13515820  0.13515820  0.15564805  0.16962823  0.14192566  0.12845172  0.13515820  0.12845172  0.14192566  0.14192566  0.19110358  0.19840199  0.19110358  0.19110358  0.21321710  0.22073674  0.25159893  0.25159893  0.24376257  0.25159893  0.25159893  0.25951868  0.25951868  0.19840199  0.20577268  0.19840199  0.18387606  0.19840199  0.18387606  0.16962823  0.16962823  0.14875523  0.19840199  0.16962823  0.19840199  0.22073674  0.22073674  0.22073674  0.22833313  0.20577268  0.19840199  0.19110358  0.19110358  0.20577268  0.21321710  0.16260531  0.17671805  0.19110358  0.19840199  0.21321710  0.17671805  0.21321710  0.20577268  0.20577268  0.22073674  0.20577268  0.17671805  0.17671805  0.22833313  0.22073674  0.25159893  0.27561560  0.26752362  0.26752362  0.24376257  0.22833313  0.23600786  0.26752362  0.30889316  0.22833313  0.27561560  0.27561560  0.28379653  0.25951868  0.25159893  0.28379653  0.28379653  0.21321710  0.21321710  0.23600786  0.27561560  0.27561560  0.22073674  0.28379653  0.27561560  0.30889316  0.25951868  0.25951868  0.24376257  0.28379653  0.22073674  0.22073674  0.24376257  0.22073674  0.22073674  0.22833313  0.30043323  0.22073674  0.22833313  0.25159893  0.25159893  0.22833313  0.22833313  0.19110358  0.23600786  0.18387606  0.20577268  0.20577268  0.20577268  0.22073674  0.20577268  0.18387606  0.18387606  0.18387606  0.16962823  0.15564805  0.22073674  0.19110358  0.25951868  0.26752362  0.16260531  0.16962823  0.18387606  0.19110358  0.19840199  0.19110358  0.22073674  0.19840199  0.22073674  0.22073674  0.22073674  0.22073674  0.21321710  0.20577268  0.20577268  0.22833313  0.22833313  0.21321710  0.22833313  0.20577268  0.20577268  0.20577268  0.19110358  0.21321710  0.20577268  0.17671805  0.18387606  0.19110358  0.16962823  0.16962823  0.16260531  0.16260531  0.16260531  0.42863641  0.43869754  0.53594885  0.53594885  0.53594885  0.36177760  0.36177760  0.37096891  0.38969927  0.38027517  0.38969927  0.38969927  0.38969927  0.39924424  
97_18_0    0.17671805  0.14192566  0.14192566  0.00000000  0.14875523  0.08943451  0.23600786  0.21321710  0.25159893  0.23600786  0.27561560  0.26752362  0.20577268  0.18387606  0.28379653  0.22073674  0.22833313  0.21321710  0.22073674  0.25159893  0.22073674  0.22073674  0.22073674  0.21321710  0.23600786  0.23600786  0.30043323  0.29206840  0.28379653  0.28379653  0.27561560  0.28379653  0.30889316  0.31745036  0.30889316  0.32610711  0.32610711  0.33486573  0.33486573  0.27561560  0.28379653  0.27561560  0.26752362  0.25951868  0.25159893  0.25159893  0.25159893  0.23600786  0.26752362  0.24376257  0.31745036  0.31745036  0.27561560  0.27561560  0.30889316  0.24376257  0.22073674  0.23600786  0.23600786  0.29206840  0.26752362  0.28379653  0.30043323  0.25159893  0.25159893  0.26752362  0.25159893  0.28379653  0.27561560  0.29206840  0.28379653  0.27561560  0.28379653  0.28379653  0.30043323  0.29206840  0.25159893  0.26752362  0.27561560  0.26752362  0.27561560  0.25951868  0.26752362  0.32610711  0.33486573  0.30043323  0.29206840  0.27561560  0.30889316  0.28379653  0.30043323  0.30043323  0.31745036  0.27561560  0.27561560  0.27561560  0.28379653  0.30043323  0.25951868  0.31745036  0.33486573  0.35269842  0.31745036  0.31745036  0.30889316  0.30889316  0.29206840  0.29206840  0.30043323  0.29206840  0.29206840  0.30043323  0.31745036  0.29206840  0.29206840  0.35269842  0.35269842  0.30043323  0.30043323  0.27561560  0.30043323  0.27561560  0.26752362  0.25951868  0.25951868  0.29206840  0.28379653  0.27561560  0.27561560  0.27561560  0.26752362  0.23600786  0.27561560  0.26752362  0.30889316  0.31745036  0.22833313  0.22833313  0.24376257  0.25159893  0.25159893  0.25951868  0.30889316  0.24376257  0.28379653  0.28379653  0.28379653  0.28379653  0.27561560  0.26752362  0.26752362  0.26752362  0.27561560  0.27561560  0.25159893  0.26752362  0.26752362  0.26752362  0.25951868  0.22833313  0.26752362  0.25951868  0.27561560  0.28379653  0.25951868  0.25951868  0.24376257  0.24376257  0.24376257  0.48036006  0.46972374  0.49115060  0.49115060  0.49115060  0.41870948  0.43869754  0.42863641  0.41870948  0.42863641  0.41870948  0.46972374  0.46972374  0.48036006  
15_18_0    0.25951868  0.20577268  0.20577268  0.14875523  0.00000000  0.16260531  0.25951868  0.24376257  0.29206840  0.28379653  0.30043323  0.32610711  0.25951868  0.22073674  0.36177760  0.28379653  0.28379653  0.25951868  0.28379653  0.25951868  0.25159893  0.27561560  0.28379653  0.27561560  0.27561560  0.27561560  0.30889316  0.30043323  0.30043323  0.30043323  0.30889316  0.30043323  0.36177760  0.34372866  0.33486573  0.34372866  0.30043323  0.29206840  0.29206840  0.28379653  0.27561560  0.28379653  0.25951868  0.29206840  0.30043323  0.30043323  0.30043323  0.26752362  0.30043323  0.30043323  0.30889316  0.30043323  0.30043323  0.30043323  0.31745036  0.32610711  0.31745036  0.31745036  0.31745036  0.30889316  0.30889316  0.31745036  0.29206840  0.24376257  0.23600786  0.23600786  0.24376257  0.25159893  0.24376257  0.25951868  0.26752362  0.27561560  0.22833313  0.22833313  0.27561560  0.26752362  0.30889316  0.32610711  0.32610711  0.33486573  0.31745036  0.32610711  0.33486573  0.32610711  0.35269842  0.30889316  0.33486573  0.37096891  0.41870948  0.32610711  0.36177760  0.35269842  0.30889316  0.28379653  0.28379653  0.29206840  0.34372866  0.36177760  0.33486573  0.31745036  0.30043323  0.31745036  0.33486573  0.33486573  0.36177760  0.36177760  0.31745036  0.31745036  0.29206840  0.31745036  0.30043323  0.29206840  0.31745036  0.36177760  0.33486573  0.35269842  0.35269842  0.32610711  0.32610711  0.30889316  0.31745036  0.30889316  0.31745036  0.32610711  0.32610711  0.33486573  0.30043323  0.30043323  0.30043323  0.30043323  0.29206840  0.29206840  0.29206840  0.29206840  0.34372866  0.38027517  0.28379653  0.27561560  0.27561560  0.28379653  0.29206840  0.28379653  0.33486573  0.29206840  0.31745036  0.31745036  0.31745036  0.31745036  0.29206840  0.30043323  0.33486573  0.27561560  0.26752362  0.29206840  0.24376257  0.25951868  0.25951868  0.25951868  0.26752362  0.31745036  0.27561560  0.28379653  0.29206840  0.30043323  0.30043323  0.30043323  0.28379653  0.28379653  0.28379653  0.51321269  0.52449395  0.51321269  0.51321269  0.51321269  0.48036006  0.48036006  0.49115060  0.48036006  0.46972374  0.50209990  0.52449395  0.52449395  0.51321269  
93_18_0    0.16260531  0.11521739  0.11521739  0.08943451  0.16260531  0.00000000  0.16962823  0.21321710  0.21321710  0.19840199  0.26752362  0.25951868  0.19840199  0.17671805  0.27561560  0.21321710  0.22073674  0.20577268  0.21321710  0.25159893  0.20577268  0.22833313  0.21321710  0.20577268  0.20577268  0.20577268  0.27561560  0.28379653  0.25951868  0.25951868  0.24376257  0.25159893  0.25951868  0.33486573  0.32610711  0.31745036  0.27561560  0.28379653  0.28379653  0.23600786  0.24376257  0.23600786  0.24376257  0.22073674  0.24376257  0.24376257  0.24376257  0.21321710  0.25951868  0.23600786  0.30889316  0.31745036  0.25951868  0.25951868  0.28379653  0.24376257  0.25159893  0.22833313  0.22833313  0.29206840  0.28379653  0.25951868  0.27561560  0.23600786  0.23600786  0.25159893  0.21321710  0.28379653  0.27561560  0.24376257  0.25951868  0.24376257  0.23600786  0.23600786  0.28379653  0.27561560  0.30889316  0.30889316  0.31745036  0.29206840  0.28379653  0.26752362  0.27561560  0.30043323  0.30043323  0.27561560  0.30043323  0.29206840  0.32610711  0.28379653  0.30043323  0.32610711  0.32610711  0.26752362  0.26752362  0.25951868  0.28379653  0.30043323  0.24376257  0.29206840  0.29206840  0.30889316  0.27561560  0.27561560  0.28379653  0.32610711  0.25951868  0.25951868  0.28379653  0.27561560  0.25951868  0.26752362  0.30043323  0.24376257  0.25159893  0.28379653  0.28379653  0.23600786  0.23600786  0.22833313  0.23600786  0.23600786  0.24376257  0.22833313  0.22833313  0.25951868  0.24376257  0.25951868  0.25951868  0.25951868  0.25159893  0.22073674  0.24376257  0.22073674  0.30889316  0.28379653  0.19110358  0.19840199  0.21321710  0.22073674  0.22073674  0.22833313  0.25951868  0.21321710  0.23600786  0.23600786  0.23600786  0.23600786  0.22833313  0.23600786  0.23600786  0.23600786  0.26752362  0.26752362  0.20577268  0.24376257  0.24376257  0.24376257  0.24376257  0.26752362  0.25951868  0.24376257  0.23600786  0.24376257  0.23600786  0.23600786  0.22833313  0.22833313  0.22833313  0.43869754  0.42863641  0.49115060  0.49115060  0.49115060  0.38969927  0.40891322  0.39924424  0.43869754  0.42863641  0.41870948  0.43869754  0.43869754  0.44889656  
82_0_0     0.16962823  0.11521739  0.12845172  0.23600786  0.25951868  0.16962823  0.00000000  0.12180514  0.12180514  0.13515820  0.16260531  0.16260531  0.12180514  0.15564805  0.19840199  0.16260531  0.16962823  0.15564805  0.18387606  0.16260531  0.16260531  0.14875523  0.11521739  0.10868745  0.16260531  0.16260531  0.20577268  0.21321710  0.23600786  0.23600786  0.23600786  0.22833313  0.24376257  0.23600786  0.24376257  0.23600786  0.23600786  0.22833313  0.22833313  0.23600786  0.24376257  0.23600786  0.23600786  0.22073674  0.21321710  0.21321710  0.21321710  0.16962823  0.23600786  0.19840199  0.22073674  0.22073674  0.25159893  0.23600786  0.22073674  0.19110358  0.21321710  0.19110358  0.19110358  0.20577268  0.19840199  0.16260531  0.19110358  0.16260531  0.17671805  0.19110358  0.19840199  0.20577268  0.19840199  0.18387606  0.19840199  0.19840199  0.19110358  0.19110358  0.26752362  0.25951868  0.27561560  0.27561560  0.27561560  0.25951868  0.25159893  0.22073674  0.22833313  0.24376257  0.27561560  0.27561560  0.30889316  0.30889316  0.32610711  0.28379653  0.27561560  0.30043323  0.30889316  0.25951868  0.25951868  0.27561560  0.29206840  0.28379653  0.27561560  0.35269842  0.27561560  0.30043323  0.30043323  0.30043323  0.29206840  0.34372866  0.24376257  0.22833313  0.25159893  0.24376257  0.22833313  0.22073674  0.29206840  0.25951868  0.23600786  0.26752362  0.26752362  0.22073674  0.22073674  0.18387606  0.22833313  0.22833313  0.23600786  0.22833313  0.22833313  0.29206840  0.22833313  0.23600786  0.23600786  0.23600786  0.23600786  0.22833313  0.25159893  0.19840199  0.25159893  0.23600786  0.21321710  0.22073674  0.19110358  0.19840199  0.20577268  0.21321710  0.24376257  0.20577268  0.22073674  0.22073674  0.22073674  0.20577268  0.22833313  0.19840199  0.22833313  0.24376257  0.25159893  0.25951868  0.21321710  0.25159893  0.25159893  0.25159893  0.25159893  0.27561560  0.28379653  0.22073674  0.22833313  0.22073674  0.24376257  0.24376257  0.23600786  0.23600786  0.23600786  0.34372866  0.36177760  0.46972374  0.46972374  0.46972374  0.33486573  0.35269842  0.34372866  0.35269842  0.34372866  0.36177760  0.38969927  0.38969927  0.38027517  
13_0_0     0.14875523  0.11521739  0.11521739  0.21321710  0.24376257  0.21321710  0.12180514  0.00000000  0.13515820  0.13515820  0.16962823  0.17671805  0.10868745  0.11521739  0.18387606  0.13515820  0.13515820  0.12845172  0.15564805  0.16962823  0.14875523  0.12180514  0.10221430  0.09579697  0.14192566  0.14192566  0.19110358  0.19840199  0.19110358  0.19110358  0.18387606  0.19110358  0.22073674  0.23600786  0.22833313  0.22073674  0.24376257  0.23600786  0.23600786  0.20577268  0.21321710  0.20577268  0.20577268  0.19840199  0.21321710  0.19840199  0.19840199  0.17671805  0.22833313  0.20577268  0.22073674  0.22073674  0.20577268  0.19110358  0.20577268  0.17671805  0.16962823  0.17671805  0.17671805  0.19840199  0.20577268  0.18387606  0.18387606  0.18387606  0.18387606  0.19840199  0.22073674  0.21321710  0.20577268  0.22073674  0.22073674  0.22073674  0.19110358  0.19110358  0.25951868  0.25159893  0.22073674  0.23600786  0.23600786  0.22833313  0.21321710  0.18387606  0.19110358  0.20577268  0.27561560  0.20577268  0.29206840  0.25159893  0.26752362  0.27561560  0.28379653  0.23600786  0.22833313  0.16260531  0.16260531  0.18387606  0.25951868  0.25951868  0.20577268  0.25951868  0.25951868  0.26752362  0.23600786  0.23600786  0.28379653  0.23600786  0.17671805  0.19110358  0.21321710  0.19110358  0.19110358  0.19840199  0.25951868  0.21321710  0.19110358  0.22833313  0.22833313  0.21321710  0.21321710  0.19110358  0.23600786  0.19110358  0.19840199  0.22073674  0.22073674  0.22833313  0.18387606  0.16962823  0.16962823  0.16962823  0.15564805  0.16260531  0.20577268  0.19840199  0.24376257  0.28379653  0.19110358  0.18387606  0.16962823  0.17671805  0.18387606  0.17671805  0.20577268  0.18387606  0.21321710  0.21321710  0.21321710  0.21321710  0.20577268  0.20577268  0.22073674  0.19110358  0.18387606  0.19110358  0.20577268  0.16962823  0.16962823  0.16962823  0.15564805  0.19110358  0.19840199  0.15564805  0.18387606  0.17671805  0.16962823  0.16962823  0.15564805  0.15564805  0.15564805  0.38969927  0.38969927  0.46972374  0.46972374  0.46972374  0.36177760  0.34372866  0.37096891  0.39924424  0.40891322  0.38969927  0.39924424  0.39924424  0.40891322  
15_0_0     0.19110358  0.12845172  0.14192566  0.25159893  0.29206840  0.21321710  0.12180514  0.13515820  0.00000000  0.07687047  0.12845172  0.10868745  0.04635815  0.14192566  0.16962823  0.14875523  0.15564805  0.14192566  0.15564805  0.16260531  0.16962823  0.16962823  0.14192566  0.13515820  0.17671805  0.17671805  0.23600786  0.24376257  0.24376257  0.24376257  0.25159893  0.24376257  0.22833313  0.26752362  0.25951868  0.26752362  0.23600786  0.22833313  0.22833313  0.22833313  0.23600786  0.22833313  0.22833313  0.22833313  0.22833313  0.21321710  0.21321710  0.16962823  0.24376257  0.19840199  0.25951868  0.26752362  0.27561560  0.25951868  0.24376257  0.22073674  0.21321710  0.22833313  0.22833313  0.22073674  0.22833313  0.20577268  0.19840199  0.21321710  0.22833313  0.22833313  0.25159893  0.24376257  0.25159893  0.23600786  0.23600786  0.23600786  0.21321710  0.21321710  0.27561560  0.26752362  0.28379653  0.28379653  0.28379653  0.29206840  0.28379653  0.25159893  0.25159893  0.26752362  0.30043323  0.25951868  0.30043323  0.29206840  0.30043323  0.26752362  0.28379653  0.25159893  0.23600786  0.22073674  0.22073674  0.24376257  0.28379653  0.25951868  0.23600786  0.27561560  0.25159893  0.25159893  0.25159893  0.25159893  0.25159893  0.30043323  0.22833313  0.22073674  0.25951868  0.22833313  0.22833313  0.22073674  0.24376257  0.26752362  0.25159893  0.20577268  0.20577268  0.16962823  0.16962823  0.16260531  0.22833313  0.19110358  0.21321710  0.19840199  0.19840199  0.26752362  0.19840199  0.19110358  0.19110358  0.19110358  0.19840199  0.19110358  0.19840199  0.17671805  0.23600786  0.24376257  0.19110358  0.19840199  0.16962823  0.17671805  0.18387606  0.17671805  0.19110358  0.19110358  0.22073674  0.22073674  0.22073674  0.20577268  0.20577268  0.22073674  0.22833313  0.22073674  0.22833313  0.21321710  0.20577268  0.19840199  0.19840199  0.19840199  0.20577268  0.22073674  0.24376257  0.22833313  0.20577268  0.19840199  0.21321710  0.21321710  0.21321710  0.20577268  0.20577268  0.35269842  0.37096891  0.46972374  0.46972374  0.46972374  0.36177760  0.34372866  0.35269842  0.35269842  0.36177760  0.38027517  0.38027517  0.38027517  0.37096891  
97_0_0     0.18387606  0.12845172  0.14192566  0.23600786  0.28379653  0.19840199  0.13515820  0.13515820  0.07687047  0.00000000  0.12180514  0.11521739  0.06451502  0.14192566  0.18387606  0.14875523  0.14875523  0.14192566  0.16260531  0.15564805  0.15564805  0.15564805  0.12845172  0.13515820  0.19110358  0.19110358  0.19840199  0.20577268  0.21321710  0.21321710  0.25159893  0.24376257  0.24376257  0.29206840  0.28379653  0.25951868  0.25951868  0.25159893  0.25159893  0.26752362  0.27561560  0.26752362  0.25951868  0.25159893  0.20577268  0.20577268  0.20577268  0.17671805  0.25159893  0.20577268  0.27561560  0.28379653  0.25159893  0.25159893  0.27561560  0.20577268  0.18387606  0.22833313  0.22833313  0.22073674  0.21321710  0.18387606  0.21321710  0.19110358  0.19840199  0.19840199  0.23600786  0.24376257  0.23600786  0.19110358  0.19110358  0.19110358  0.20577268  0.20577268  0.25951868  0.25159893  0.25951868  0.28379653  0.27561560  0.25159893  0.23600786  0.21321710  0.21321710  0.27561560  0.32610711  0.30043323  0.32610711  0.30043323  0.30043323  0.29206840  0.30043323  0.25951868  0.23600786  0.21321710  0.21321710  0.24376257  0.30043323  0.27561560  0.25159893  0.27561560  0.26752362  0.27561560  0.27561560  0.27561560  0.25159893  0.30043323  0.23600786  0.22073674  0.23600786  0.20577268  0.20577268  0.19840199  0.26752362  0.21321710  0.21321710  0.22073674  0.22073674  0.20577268  0.20577268  0.18387606  0.22073674  0.21321710  0.20577268  0.22073674  0.22073674  0.25159893  0.18387606  0.19840199  0.19840199  0.19840199  0.19110358  0.19840199  0.22073674  0.20577268  0.22073674  0.22073674  0.21321710  0.20577268  0.17671805  0.18387606  0.19110358  0.19840199  0.22833313  0.19840199  0.21321710  0.21321710  0.21321710  0.21321710  0.22833313  0.23600786  0.24376257  0.20577268  0.22073674  0.22073674  0.19110358  0.19840199  0.19840199  0.19840199  0.19840199  0.22073674  0.23600786  0.20577268  0.22073674  0.21321710  0.21321710  0.21321710  0.20577268  0.19840199  0.19840199  0.35269842  0.34372866  0.45923730  0.45923730  0.45923730  0.35269842  0.35269842  0.34372866  0.35269842  0.34372866  0.34372866  0.38969927  0.38969927  0.38027517  
93_0_0     0.22833313  0.17671805  0.19110358  0.27561560  0.30043323  0.26752362  0.16260531  0.16962823  0.12845172  0.12180514  0.00000000  0.02863373  0.07687047  0.16260531  0.22833313  0.18387606  0.18387606  0.16260531  0.19110358  0.19110358  0.19840199  0.18387606  0.14192566  0.14875523  0.19840199  0.19840199  0.26752362  0.25951868  0.25951868  0.25951868  0.27561560  0.26752362  0.28379653  0.26752362  0.27561560  0.28379653  0.26752362  0.25951868  0.25951868  0.27561560  0.28379653  0.27561560  0.27561560  0.25951868  0.19840199  0.21321710  0.21321710  0.22833313  0.29206840  0.24376257  0.30889316  0.30043323  0.31745036  0.32610711  0.31745036  0.24376257  0.24376257  0.27561560  0.27561560  0.24376257  0.22073674  0.25951868  0.25951868  0.22073674  0.23600786  0.22073674  0.27561560  0.26752362  0.25951868  0.25951868  0.25159893  0.25951868  0.25951868  0.25951868  0.33486573  0.32610711  0.31745036  0.33486573  0.34372866  0.31745036  0.30889316  0.27561560  0.27561560  0.34372866  0.38027517  0.36177760  0.38969927  0.36177760  0.36177760  0.36177760  0.39924424  0.28379653  0.28379653  0.25951868  0.25951868  0.28379653  0.35269842  0.34372866  0.33486573  0.33486573  0.32610711  0.32610711  0.32610711  0.32610711  0.30043323  0.36177760  0.30889316  0.30043323  0.30043323  0.28379653  0.28379653  0.27561560  0.32610711  0.29206840  0.29206840  0.26752362  0.26752362  0.28379653  0.28379653  0.24376257  0.25159893  0.25951868  0.25159893  0.26752362  0.26752362  0.28379653  0.24376257  0.25159893  0.25159893  0.25159893  0.24376257  0.25159893  0.28379653  0.25159893  0.25159893  0.26752362  0.25951868  0.26752362  0.23600786  0.22833313  0.23600786  0.24376257  0.26752362  0.25951868  0.29206840  0.29206840  0.29206840  0.28379653  0.29206840  0.28379653  0.30043323  0.29206840  0.29206840  0.29206840  0.25951868  0.26752362  0.26752362  0.26752362  0.26752362  0.28379653  0.28379653  0.28379653  0.28379653  0.27561560  0.27561560  0.27561560  0.28379653  0.27561560  0.27561560  0.37096891  0.35269842  0.40891322  0.40891322  0.40891322  0.42863641  0.44889656  0.41870948  0.43869754  0.44889656  0.46972374  0.46972374  0.46972374  0.45923730  
93_27_0    0.23600786  0.16962823  0.18387606  0.26752362  0.32610711  0.25951868  0.16260531  0.17671805  0.10868745  0.11521739  0.02863373  0.00000000  0.05841338  0.15564805  0.19840199  0.15564805  0.16260531  0.14875523  0.16260531  0.19840199  0.18387606  0.19840199  0.15564805  0.16260531  0.20577268  0.20577268  0.28379653  0.27561560  0.27561560  0.27561560  0.26752362  0.25951868  0.25951868  0.25159893  0.25951868  0.26752362  0.27561560  0.26752362  0.26752362  0.27561560  0.28379653  0.27561560  0.27561560  0.25951868  0.22833313  0.22833313  0.22833313  0.20577268  0.26752362  0.22073674  0.30043323  0.29206840  0.30889316  0.31745036  0.30889316  0.25159893  0.22833313  0.25951868  0.25951868  0.25159893  0.22833313  0.25951868  0.25951868  0.23600786  0.25159893  0.25159893  0.30889316  0.30043323  0.29206840  0.27561560  0.26752362  0.27561560  0.27561560  0.27561560  0.34372866  0.33486573  0.32610711  0.34372866  0.35269842  0.32610711  0.31745036  0.28379653  0.28379653  0.36177760  0.39924424  0.33486573  0.36177760  0.34372866  0.34372866  0.35269842  0.38969927  0.28379653  0.28379653  0.28379653  0.28379653  0.30889316  0.35269842  0.34372866  0.32610711  0.35269842  0.32610711  0.32610711  0.32610711  0.32610711  0.29206840  0.36177760  0.30043323  0.29206840  0.30889316  0.29206840  0.29206840  0.28379653  0.31745036  0.30043323  0.30043323  0.25951868  0.25951868  0.25951868  0.25951868  0.22833313  0.24376257  0.24376257  0.25159893  0.25159893  0.25159893  0.29206840  0.23600786  0.24376257  0.24376257  0.24376257  0.25159893  0.24376257  0.27561560  0.25159893  0.24376257  0.25159893  0.24376257  0.25159893  0.22833313  0.22073674  0.22833313  0.23600786  0.25951868  0.25159893  0.28379653  0.28379653  0.28379653  0.28379653  0.28379653  0.26752362  0.28379653  0.28379653  0.30043323  0.29206840  0.26752362  0.27561560  0.27561560  0.27561560  0.27561560  0.29206840  0.30043323  0.26752362  0.27561560  0.26752362  0.26752362  0.26752362  0.26752362  0.25951868  0.25951868  0.33486573  0.33486573  0.41870948  0.41870948  0.41870948  0.42863641  0.42863641  0.41870948  0.41870948  0.42863641  0.44889656  0.46972374  0.46972374  0.45923730  
93_26_0    0.16260531  0.10221430  0.11521739  0.20577268  0.25951868  0.19840199  0.12180514  0.10868745  0.04635815  0.06451502  0.07687047  0.05841338  0.00000000  0.08943451  0.14875523  0.09579697  0.10221430  0.08943451  0.10221430  0.14875523  0.13515820  0.14192566  0.10221430  0.10868745  0.15564805  0.15564805  0.23600786  0.22833313  0.22833313  0.22833313  0.22073674  0.21321710  0.22833313  0.25159893  0.24376257  0.25159893  0.22833313  0.22073674  0.22073674  0.21321710  0.22073674  0.21321710  0.21321710  0.21321710  0.19840199  0.18387606  0.18387606  0.15564805  0.22833313  0.18387606  0.24376257  0.23600786  0.23600786  0.23600786  0.23600786  0.20577268  0.18387606  0.21321710  0.21321710  0.20577268  0.19840199  0.20577268  0.19110358  0.18387606  0.19840199  0.19840199  0.25159893  0.24376257  0.23600786  0.22073674  0.21321710  0.22073674  0.21321710  0.21321710  0.27561560  0.26752362  0.25159893  0.26752362  0.26752362  0.26752362  0.25951868  0.22073674  0.22073674  0.27561560  0.32610711  0.27561560  0.28379653  0.26752362  0.26752362  0.26752362  0.30043323  0.25159893  0.23600786  0.22073674  0.22073674  0.24376257  0.28379653  0.27561560  0.25159893  0.29206840  0.26752362  0.26752362  0.26752362  0.26752362  0.23600786  0.30043323  0.22073674  0.23600786  0.24376257  0.22833313  0.22833313  0.22073674  0.23600786  0.23600786  0.23600786  0.20577268  0.20577268  0.18387606  0.18387606  0.16260531  0.19840199  0.19110358  0.21321710  0.18387606  0.18387606  0.23600786  0.18387606  0.17671805  0.17671805  0.17671805  0.18387606  0.17671805  0.21321710  0.19110358  0.22073674  0.22833313  0.19110358  0.19840199  0.16962823  0.17671805  0.18387606  0.17671805  0.20577268  0.19110358  0.22073674  0.22073674  0.22073674  0.22073674  0.22073674  0.22073674  0.22833313  0.22833313  0.22833313  0.21321710  0.20577268  0.19840199  0.19840199  0.19840199  0.20577268  0.21321710  0.22833313  0.19840199  0.20577268  0.19840199  0.19840199  0.19840199  0.19840199  0.19110358  0.19110358  0.35269842  0.35269842  0.45923730  0.45923730  0.45923730  0.38969927  0.37096891  0.38027517  0.36177760  0.37096891  0.38969927  0.38969927  0.38969927  0.38027517  
93_23_0    0.12180514  0.10868745  0.10868745  0.18387606  0.22073674  0.17671805  0.15564805  0.11521739  0.14192566  0.14192566  0.16260531  0.15564805  0.08943451  0.00000000  0.14875523  0.06451502  0.06451502  0.05841338  0.07687047  0.18387606  0.13515820  0.16260531  0.14192566  0.13515820  0.16962823  0.16962823  0.25159893  0.24376257  0.22833313  0.22833313  0.22073674  0.22833313  0.25159893  0.28379653  0.27561560  0.28379653  0.20577268  0.21321710  0.21321710  0.22073674  0.22833313  0.22073674  0.22073674  0.23600786  0.20577268  0.19110358  0.19110358  0.19840199  0.23600786  0.21321710  0.23600786  0.20577268  0.17671805  0.17671805  0.24376257  0.17671805  0.15564805  0.21321710  0.21321710  0.19110358  0.18387606  0.20577268  0.17671805  0.19840199  0.19840199  0.21321710  0.23600786  0.25159893  0.24376257  0.22833313  0.23600786  0.22833313  0.20577268  0.20577268  0.24376257  0.23600786  0.22833313  0.24376257  0.24376257  0.25159893  0.23600786  0.21321710  0.21321710  0.24376257  0.30043323  0.25159893  0.25159893  0.25951868  0.27561560  0.29206840  0.30043323  0.29206840  0.27561560  0.21321710  0.21321710  0.22833313  0.29206840  0.29206840  0.23600786  0.29206840  0.30043323  0.31745036  0.26752362  0.26752362  0.25951868  0.25951868  0.20577268  0.22073674  0.20577268  0.20577268  0.19110358  0.19840199  0.22073674  0.19110358  0.19110358  0.19110358  0.19110358  0.19840199  0.19840199  0.19110358  0.19840199  0.18387606  0.19110358  0.17671805  0.17671805  0.23600786  0.18387606  0.18387606  0.18387606  0.18387606  0.16260531  0.16260531  0.22073674  0.19110358  0.23600786  0.26752362  0.19110358  0.19840199  0.19840199  0.20577268  0.21321710  0.20577268  0.24376257  0.19110358  0.21321710  0.21321710  0.21321710  0.21321710  0.21321710  0.22073674  0.21321710  0.19840199  0.22833313  0.19840199  0.22073674  0.18387606  0.18387606  0.18387606  0.16260531  0.19840199  0.22833313  0.18387606  0.16962823  0.16260531  0.16260531  0.16260531  0.16962823  0.16260531  0.16260531  0.38969927  0.37096891  0.48036006  0.48036006  0.48036006  0.38969927  0.37096891  0.39924424  0.38969927  0.39924424  0.37096891  0.43869754  0.43869754  0.44889656  
32_23_0    0.22833313  0.22073674  0.22073674  0.28379653  0.36177760  0.27561560  0.19840199  0.18387606  0.16962823  0.18387606  0.22833313  0.19840199  0.14875523  0.14875523  0.00000000  0.10221430  0.10868745  0.10868745  0.13515820  0.24376257  0.22073674  0.25951868  0.21321710  0.19110358  0.22833313  0.22833313  0.26752362  0.25951868  0.25951868  0.25951868  0.29206840  0.30043323  0.30043323  0.28379653  0.27561560  0.27561560  0.26752362  0.25951868  0.25951868  0.25951868  0.26752362  0.25951868  0.25951868  0.25951868  0.30889316  0.30889316  0.30889316  0.21321710  0.25951868  0.24376257  0.29206840  0.27561560  0.27561560  0.25951868  0.25951868  0.24376257  0.22073674  0.22073674  0.22073674  0.28379653  0.25951868  0.25159893  0.26752362  0.27561560  0.27561560  0.29206840  0.30889316  0.30043323  0.30043323  0.28379653  0.29206840  0.30043323  0.29206840  0.29206840  0.34372866  0.33486573  0.31745036  0.31745036  0.31745036  0.30889316  0.31745036  0.26752362  0.26752362  0.30043323  0.32610711  0.28379653  0.26752362  0.26752362  0.29206840  0.29206840  0.30043323  0.32610711  0.29206840  0.27561560  0.27561560  0.29206840  0.32610711  0.31745036  0.29206840  0.33486573  0.32610711  0.30889316  0.30889316  0.30889316  0.33486573  0.29206840  0.27561560  0.26752362  0.27561560  0.25951868  0.25951868  0.26752362  0.29206840  0.28379653  0.26752362  0.28379653  0.28379653  0.25951868  0.25951868  0.22073674  0.25159893  0.22073674  0.22833313  0.22073674  0.22073674  0.30889316  0.24376257  0.23600786  0.23600786  0.23600786  0.24376257  0.23600786  0.24376257  0.26752362  0.27561560  0.30043323  0.25159893  0.25951868  0.22833313  0.23600786  0.24376257  0.25159893  0.25951868  0.23600786  0.29206840  0.29206840  0.29206840  0.28379653  0.30043323  0.23600786  0.22833313  0.24376257  0.28379653  0.24376257  0.28379653  0.24376257  0.24376257  0.24376257  0.23600786  0.25951868  0.29206840  0.24376257  0.23600786  0.22833313  0.22833313  0.22833313  0.22833313  0.22073674  0.22073674  0.39924424  0.41870948  0.52449395  0.52449395  0.52449395  0.37096891  0.37096891  0.38027517  0.38027517  0.38969927  0.37096891  0.41870948  0.41870948  0.42863641  
15_25_0    0.16260531  0.14192566  0.12845172  0.22073674  0.28379653  0.21321710  0.16260531  0.13515820  0.14875523  0.14875523  0.18387606  0.15564805  0.09579697  0.06451502  0.10221430  0.00000000  0.00563929  0.02863373  0.04635815  0.19110358  0.11521739  0.19110358  0.16260531  0.15564805  0.18387606  0.18387606  0.25159893  0.24376257  0.24376257  0.24376257  0.21321710  0.22073674  0.24376257  0.27561560  0.26752362  0.25951868  0.22833313  0.23600786  0.23600786  0.20577268  0.21321710  0.20577268  0.20577268  0.23600786  0.23600786  0.22073674  0.22073674  0.16260531  0.21321710  0.17671805  0.24376257  0.21321710  0.22833313  0.22833313  0.24376257  0.20577268  0.18387606  0.21321710  0.21321710  0.19840199  0.19110358  0.18387606  0.16962823  0.20577268  0.20577268  0.22073674  0.25159893  0.25159893  0.24376257  0.21321710  0.22073674  0.21321710  0.22073674  0.22073674  0.25951868  0.25159893  0.25951868  0.27561560  0.27561560  0.28379653  0.26752362  0.22833313  0.22833313  0.27561560  0.31745036  0.24376257  0.26752362  0.26752362  0.28379653  0.25951868  0.28379653  0.30889316  0.29206840  0.24376257  0.24376257  0.25951868  0.28379653  0.27561560  0.25159893  0.29206840  0.28379653  0.30043323  0.26752362  0.26752362  0.26752362  0.26752362  0.23600786  0.25159893  0.25951868  0.24376257  0.24376257  0.25159893  0.25159893  0.22833313  0.22833313  0.22073674  0.22073674  0.22833313  0.22833313  0.19110358  0.19840199  0.16260531  0.18387606  0.18387606  0.18387606  0.25159893  0.21321710  0.19110358  0.19110358  0.19110358  0.18387606  0.17671805  0.21321710  0.23600786  0.24376257  0.26752362  0.19110358  0.19840199  0.21321710  0.22073674  0.22833313  0.22073674  0.24376257  0.22073674  0.25159893  0.25159893  0.25159893  0.25159893  0.25159893  0.22833313  0.22073674  0.22833313  0.25951868  0.22833313  0.28379653  0.22833313  0.22833313  0.22833313  0.19110358  0.22833313  0.22833313  0.18387606  0.19110358  0.18387606  0.16962823  0.16962823  0.16962823  0.16260531  0.16260531  0.38969927  0.38969927  0.50209990  0.50209990  0.50209990  0.34372866  0.32610711  0.35269842  0.36177760  0.33486573  0.33486573  0.38027517  0.38027517  0.38969927  
15_23_0    0.15564805  0.14875523  0.13515820  0.22833313  0.28379653  0.22073674  0.16962823  0.13515820  0.15564805  0.14875523  0.18387606  0.16260531  0.10221430  0.06451502  0.10868745  0.00563929  0.00000000  0.03449509  0.05236136  0.19110358  0.12180514  0.19110358  0.16260531  0.15564805  0.19110358  0.19110358  0.25159893  0.24376257  0.24376257  0.24376257  0.22073674  0.22833313  0.25159893  0.28379653  0.27561560  0.26752362  0.22833313  0.23600786  0.23600786  0.21321710  0.22073674  0.21321710  0.21321710  0.24376257  0.23600786  0.22073674  0.22073674  0.16962823  0.22073674  0.18387606  0.25159893  0.22073674  0.22833313  0.22833313  0.25159893  0.20577268  0.18387606  0.22073674  0.22073674  0.19840199  0.19110358  0.19110358  0.17671805  0.20577268  0.20577268  0.22073674  0.25159893  0.25159893  0.24376257  0.21321710  0.22073674  0.21321710  0.22073674  0.22073674  0.25951868  0.25159893  0.25951868  0.27561560  0.27561560  0.28379653  0.26752362  0.22833313  0.22833313  0.27561560  0.31745036  0.25159893  0.27561560  0.27561560  0.29206840  0.26752362  0.29206840  0.30043323  0.28379653  0.24376257  0.24376257  0.25951868  0.29206840  0.28379653  0.25951868  0.29206840  0.29206840  0.30889316  0.27561560  0.27561560  0.27561560  0.26752362  0.24376257  0.25951868  0.25951868  0.24376257  0.24376257  0.25159893  0.25951868  0.22833313  0.22833313  0.22073674  0.22073674  0.23600786  0.23600786  0.19840199  0.20577268  0.16962823  0.18387606  0.19110358  0.19110358  0.25951868  0.21321710  0.19840199  0.19840199  0.19840199  0.18387606  0.18387606  0.20577268  0.24376257  0.24376257  0.27561560  0.19840199  0.20577268  0.22073674  0.22833313  0.23600786  0.22833313  0.25159893  0.22833313  0.25951868  0.25951868  0.25951868  0.25951868  0.25951868  0.23600786  0.22833313  0.23600786  0.25951868  0.23600786  0.28379653  0.22833313  0.22833313  0.22833313  0.19110358  0.22833313  0.22833313  0.19110358  0.19110358  0.18387606  0.16962823  0.16962823  0.17671805  0.16962823  0.16962823  0.39924424  0.38969927  0.50209990  0.50209990  0.50209990  0.35269842  0.33486573  0.36177760  0.37096891  0.34372866  0.33486573  0.38969927  0.38969927  0.39924424  
15_24_0    0.15564805  0.12180514  0.13515820  0.21321710  0.25951868  0.20577268  0.15564805  0.12845172  0.14192566  0.14192566  0.16260531  0.14875523  0.08943451  0.05841338  0.10868745  0.02863373  0.03449509  0.00000000  0.03449509  0.19840199  0.10868745  0.19840199  0.14192566  0.14875523  0.16260531  0.16260531  0.22833313  0.22073674  0.22073674  0.22073674  0.20577268  0.19840199  0.22073674  0.25159893  0.24376257  0.23600786  0.19840199  0.20577268  0.20577268  0.19110358  0.19840199  0.19110358  0.19110358  0.20577268  0.22073674  0.22073674  0.22073674  0.17671805  0.21321710  0.19110358  0.23600786  0.20577268  0.22073674  0.22073674  0.22073674  0.19840199  0.17671805  0.22073674  0.22073674  0.21321710  0.20577268  0.19840199  0.18387606  0.23600786  0.23600786  0.23600786  0.25159893  0.25159893  0.24376257  0.24376257  0.25159893  0.24376257  0.23600786  0.23600786  0.25951868  0.25159893  0.25951868  0.27561560  0.27561560  0.27561560  0.26752362  0.22833313  0.22833313  0.27561560  0.29206840  0.25159893  0.27561560  0.25951868  0.27561560  0.26752362  0.27561560  0.26752362  0.25159893  0.22073674  0.22073674  0.23600786  0.25159893  0.25159893  0.24376257  0.28379653  0.25951868  0.27561560  0.24376257  0.24376257  0.25951868  0.25951868  0.22833313  0.24376257  0.25159893  0.23600786  0.23600786  0.22833313  0.22833313  0.22073674  0.22073674  0.21321710  0.21321710  0.23600786  0.23600786  0.16962823  0.20577268  0.16962823  0.19110358  0.17671805  0.17671805  0.22833313  0.20577268  0.18387606  0.18387606  0.18387606  0.17671805  0.16962823  0.22073674  0.22833313  0.22073674  0.26752362  0.18387606  0.19110358  0.19110358  0.19840199  0.20577268  0.19840199  0.22073674  0.21321710  0.22833313  0.22833313  0.22833313  0.22833313  0.22833313  0.20577268  0.21321710  0.22073674  0.23600786  0.21321710  0.25951868  0.22073674  0.22073674  0.22073674  0.18387606  0.22073674  0.20577268  0.17671805  0.16962823  0.16260531  0.16260531  0.16260531  0.16260531  0.15564805  0.15564805  0.39924424  0.39924424  0.50209990  0.50209990  0.50209990  0.35269842  0.35269842  0.36177760  0.35269842  0.34372866  0.36177760  0.40891322  0.40891322  0.39924424  
