118
25_1_0     0.00000000  0.01869101  0.01869101  0.40554121  0.45243816  0.43196386  0.44554842  0.58928260  0.51007006  0.57272662  0.58928260  0.51007006  0.65042833  0.66889800  0.67831384  0.65042833  0.68785461  0.69752367  0.65042833  0.83671282  0.82499548  0.83671282  0.61485400  0.58095696  0.71726080  0.73755500  0.80211850  0.74792101  0.77994696  0.79094728  0.72733631  0.63242120  0.63242120  0.68785461  0.68785461  0.67831384  0.66889800  0.75843863  0.71726080  0.80211850  0.66889800  0.65960387  0.70732452  0.72733631  0.67831384  0.73755500  0.69752367  0.73755500  0.66889800  0.66889800  0.63242120  0.71726080  0.66889800  0.67831384  0.65960387  0.64136840  0.71726080  0.68785461  0.66889800  0.75843863  0.75843863  0.72733631  0.77994696  0.82499548  0.84862426  0.81346602  0.77994696  0.80211850  0.93803393  0.95176505  0.88559028  0.88559028  0.84862426  0.79094728  0.89834699  0.87305593  0.88559028  0.91133411  0.91133411  0.91133411  0.91133411  0.77994696  0.80211850  0.83671282  0.80211850  0.84862426  0.77994696  0.91133411  0.92456010  0.93803393  0.93803393  0.84862426  0.83671282  0.81346602  0.83671282  0.80211850  0.80211850  0.73755500  0.79094728  0.83671282  0.84862426  0.69752367  0.58928260  0.62358395  0.68785461  0.66889800  0.66889800  0.73755500  0.72733631  0.74792101  0.74792101  0.79094728  0.73755500  0.77994696  0.79094728  0.75843863  0.70732452  0.71726080  
12_1_0     0.01869101  0.00000000  0.00000000  0.41863118  0.46641892  0.43196386  0.44554842  0.58928260  0.49522330  0.55654326  0.60622877  0.52522984  0.66889800  0.66889800  0.69752367  0.66889800  0.68785461  0.71726080  0.66889800  0.83671282  0.82499548  0.83671282  0.63242120  0.59770576  0.71726080  0.71726080  0.77994696  0.72733631  0.80211850  0.81346602  0.74792101  0.65042833  0.65042833  0.70732452  0.68785461  0.69752367  0.68785461  0.75843863  0.72733631  0.80211850  0.66889800  0.66889800  0.72733631  0.74792101  0.69752367  0.75843863  0.71726080  0.75843863  0.68785461  0.68785461  0.65042833  0.73755500  0.68785461  0.69752367  0.67831384  0.65960387  0.73755500  0.67831384  0.65960387  0.74792101  0.74792101  0.71726080  0.76911238  0.83671282  0.86073634  0.82499548  0.80211850  0.79094728  0.92456010  0.93803393  0.87305593  0.87305593  0.84862426  0.80211850  0.91133411  0.88559028  0.89834699  0.92456010  0.92456010  0.92456010  0.92456010  0.77994696  0.81346602  0.84862426  0.79094728  0.83671282  0.79094728  0.92456010  0.93803393  0.95176505  0.95176505  0.84862426  0.84862426  0.80211850  0.84862426  0.81346602  0.81346602  0.74792101  0.81346602  0.84862426  0.86073634  0.70732452  0.59770576  0.63242120  0.69752367  0.67831384  0.67831384  0.73755500  0.72733631  0.74792101  0.74792101  0.79094728  0.74792101  0.77994696  0.79094728  0.74792101  0.71726080  0.72733631  
31_1_0     0.01869101  0.00000000  0.00000000  0.41863118  0.46641892  0.43196386  0.44554842  0.58928260  0.49522330  0.55654326  0.60622877  0.52522984  0.66889800  0.66889800  0.69752367  0.66889800  0.68785461  0.71726080  0.66889800  0.83671282  0.82499548  0.83671282  0.63242120  0.59770576  0.71726080  0.71726080  0.77994696  0.72733631  0.80211850  0.81346602  0.74792101  0.65042833  0.65042833  0.70732452  0.68785461  0.69752367  0.68785461  0.75843863  0.72733631  0.80211850  0.66889800  0.66889800  0.72733631  0.74792101  0.69752367  0.75843863  0.71726080  0.75843863  0.68785461  0.68785461  0.65042833  0.73755500  0.68785461  0.69752367  0.67831384  0.65960387  0.73755500  0.67831384  0.65960387  0.74792101  0.74792101  0.71726080  0.76911238  0.83671282  0.86073634  0.82499548  0.80211850  0.79094728  0.92456010  0.93803393  0.87305593  0.87305593  0.84862426  0.80211850  0.91133411  0.88559028  0.89834699  0.92456010  0.92456010  0.92456010  0.92456010  0.77994696  0.81346602  0.84862426  0.79094728  0.83671282  0.79094728  0.92456010  0.93803393  0.95176505  0.95176505  0.84862426  0.84862426  0.80211850  0.84862426  0.81346602  0.81346602  0.74792101  0.81346602  0.84862426  0.86073634  0.70732452  0.59770576  0.63242120  0.69752367  0.67831384  0.67831384  0.73755500  0.72733631  0.74792101  0.74792101  0.79094728  0.74792101  0.77994696  0.79094728  0.74792101  0.71726080  0.72733631  
4_1_0      0.40554121  0.41863118  0.41863118  0.00000000  0.07786878  0.14235698  0.12898836  0.39908452  0.43196386  0.34941760  0.40554121  0.39268528  0.42526662  0.41863118  0.43872406  0.47351257  0.56458941  0.54858614  0.48791331  0.75843863  0.72733631  0.73755500  0.49522330  0.45243816  0.53293129  0.50260837  0.51761000  0.51007006  0.58928260  0.58095696  0.59770576  0.50260837  0.51007006  0.62358395  0.62358395  0.51761000  0.51761000  0.59770576  0.57272662  0.64136840  0.54858614  0.53293129  0.58928260  0.56458941  0.58928260  0.58928260  0.57272662  0.59770576  0.58928260  0.60622877  0.58095696  0.57272662  0.59770576  0.54071611  0.52522984  0.53293129  0.56458941  0.59770576  0.61485400  0.65042833  0.62358395  0.66889800  0.65960387  0.66889800  0.68785461  0.61485400  0.71726080  0.69752367  0.77994696  0.76911238  0.74792101  0.74792101  0.70732452  0.67831384  0.74792101  0.65042833  0.65042833  0.66889800  0.65960387  0.69752367  0.73755500  0.68785461  0.70732452  0.76911238  0.80211850  0.81346602  0.80211850  0.72733631  0.79094728  0.75843863  0.75843863  0.73755500  0.75843863  0.71726080  0.73755500  0.72733631  0.73755500  0.65042833  0.66889800  0.65042833  0.68785461  0.58928260  0.57272662  0.60622877  0.58928260  0.58928260  0.55654326  0.61485400  0.61485400  0.64136840  0.58928260  0.65960387  0.61485400  0.65960387  0.68785461  0.66889800  0.62358395  0.59770576  
32_1_0     0.45243816  0.46641892  0.46641892  0.07786878  0.00000000  0.18402209  0.15597886  0.46641892  0.50260837  0.42526662  0.45939456  0.43196386  0.47351257  0.45939456  0.48791331  0.51007006  0.60622877  0.56458941  0.55654326  0.74792101  0.71726080  0.72733631  0.50260837  0.45243816  0.57272662  0.51007006  0.58095696  0.55654326  0.63242120  0.61485400  0.62358395  0.54858614  0.57272662  0.66889800  0.66889800  0.57272662  0.56458941  0.60622877  0.62358395  0.71726080  0.58928260  0.57272662  0.62358395  0.59770576  0.64136840  0.62358395  0.60622877  0.62358395  0.64136840  0.64136840  0.59770576  0.62358395  0.65042833  0.58928260  0.55654326  0.56458941  0.58095696  0.63242120  0.65042833  0.73755500  0.68785461  0.73755500  0.74792101  0.72733631  0.73755500  0.66889800  0.72733631  0.74792101  0.81346602  0.80211850  0.79094728  0.79094728  0.72733631  0.72733631  0.82499548  0.69752367  0.71726080  0.69752367  0.66889800  0.72733631  0.80211850  0.66889800  0.70732452  0.79094728  0.80211850  0.84862426  0.80211850  0.77994696  0.81346602  0.74792101  0.74792101  0.76911238  0.79094728  0.79094728  0.81346602  0.82499548  0.82499548  0.70732452  0.70732452  0.76911238  0.77994696  0.66889800  0.65960387  0.68785461  0.66889800  0.65960387  0.65960387  0.67831384  0.65960387  0.66889800  0.64136840  0.71726080  0.65960387  0.74792101  0.74792101  0.79094728  0.70732452  0.62358395  
26_1_0     0.43196386  0.43196386  0.43196386  0.14235698  0.18402209  0.00000000  0.06563719  0.37382233  0.40554121  0.33751897  0.41205641  0.37382233  0.47351257  0.49522330  0.50260837  0.51007006  0.57272662  0.58095696  0.54858614  0.74792101  0.71726080  0.72733631  0.50260837  0.46641892  0.53293129  0.55654326  0.52522984  0.51761000  0.65042833  0.65960387  0.62358395  0.51007006  0.52522984  0.59770576  0.60622877  0.56458941  0.57272662  0.65042833  0.62358395  0.67831384  0.60622877  0.56458941  0.59770576  0.57272662  0.59770576  0.61485400  0.58095696  0.60622877  0.66889800  0.61485400  0.58095696  0.55654326  0.61485400  0.58928260  0.55654326  0.56458941  0.58095696  0.57272662  0.58928260  0.69752367  0.69752367  0.69752367  0.70732452  0.70732452  0.70732452  0.63242120  0.69752367  0.65042833  0.70732452  0.70732452  0.72733631  0.72733631  0.67831384  0.70732452  0.74792101  0.65042833  0.63242120  0.63242120  0.67831384  0.64136840  0.67831384  0.62358395  0.67831384  0.72733631  0.77994696  0.80211850  0.75843863  0.72733631  0.79094728  0.71726080  0.71726080  0.73755500  0.80211850  0.80211850  0.81346602  0.79094728  0.72733631  0.65042833  0.67831384  0.64136840  0.67831384  0.59770576  0.58095696  0.62358395  0.57272662  0.57272662  0.55654326  0.54071611  0.57272662  0.56458941  0.56458941  0.59770576  0.61485400  0.64136840  0.60622877  0.66889800  0.59770576  0.59770576  
6_1_0      0.44554842  0.44554842  0.44554842  0.12898836  0.15597886  0.06563719  0.00000000  0.39268528  0.43196386  0.36151644  0.38634249  0.40554121  0.45243816  0.48791331  0.49522330  0.48791331  0.57272662  0.58095696  0.53293129  0.74792101  0.72733631  0.73755500  0.51007006  0.46641892  0.53293129  0.53293129  0.56458941  0.55654326  0.64136840  0.64136840  0.61485400  0.51761000  0.51007006  0.61485400  0.62358395  0.56458941  0.56458941  0.61485400  0.64136840  0.65960387  0.60622877  0.56458941  0.60622877  0.54858614  0.60622877  0.60622877  0.58928260  0.61485400  0.64136840  0.62358395  0.58928260  0.60622877  0.63242120  0.58928260  0.57272662  0.58095696  0.59770576  0.58928260  0.60622877  0.69752367  0.70732452  0.73755500  0.70732452  0.68785461  0.71726080  0.63242120  0.69752367  0.65042833  0.70732452  0.69752367  0.71726080  0.71726080  0.67831384  0.72733631  0.77994696  0.65960387  0.65960387  0.67831384  0.68785461  0.63242120  0.70732452  0.65960387  0.67831384  0.72733631  0.79094728  0.80211850  0.76911238  0.68785461  0.79094728  0.71726080  0.71726080  0.70732452  0.77994696  0.76911238  0.79094728  0.76911238  0.73755500  0.66889800  0.67831384  0.60622877  0.65960387  0.58095696  0.59770576  0.61485400  0.57272662  0.56458941  0.54858614  0.55654326  0.57272662  0.56458941  0.55654326  0.57272662  0.64136840  0.65042833  0.65042833  0.72733631  0.61485400  0.58095696  
29_4_0     0.58928260  0.58928260  0.58928260  0.39908452  0.46641892  0.37382233  0.39268528  0.00000000  0.21320351  0.20825695  0.36764306  0.41205641  0.57272662  0.54858614  0.62358395  0.58095696  0.59770576  0.59770576  0.58928260  0.81346602  0.81346602  0.82499548  0.59770576  0.57272662  0.67831384  0.71726080  0.65042833  0.67831384  0.70732452  0.71726080  0.70732452  0.69752367  0.68785461  0.64136840  0.65960387  0.63242120  0.63242120  0.76911238  0.70732452  0.60622877  0.59770576  0.65042833  0.68785461  0.70732452  0.75843863  0.68785461  0.68785461  0.70732452  0.72733631  0.69752367  0.68785461  0.65960387  0.69752367  0.71726080  0.67831384  0.70732452  0.67831384  0.69752367  0.71726080  0.80211850  0.77994696  0.80211850  0.83671282  0.77994696  0.87305593  0.73755500  0.77994696  0.68785461  0.83671282  0.84862426  0.89834699  0.89834699  0.82499548  0.77994696  0.86073634  0.80211850  0.75843863  0.79094728  0.79094728  0.70732452  0.82499548  0.77994696  0.80211850  0.81346602  0.76911238  0.81346602  0.80211850  0.84862426  0.77994696  0.80211850  0.80211850  0.80211850  0.84862426  0.88559028  0.87305593  0.84862426  0.82499548  0.76911238  0.68785461  0.79094728  0.83671282  0.70732452  0.76911238  0.74792101  0.75843863  0.74792101  0.73755500  0.74792101  0.75843863  0.76911238  0.74792101  0.81346602  0.70732452  0.67831384  0.67831384  0.77994696  0.72733631  0.69752367  
24_4_0     0.51007006  0.49522330  0.49522330  0.43196386  0.50260837  0.40554121  0.43196386  0.21320351  0.00000000  0.30296067  0.39908452  0.39268528  0.56458941  0.53293129  0.58928260  0.56458941  0.56458941  0.57272662  0.58095696  0.84862426  0.82499548  0.81346602  0.50260837  0.50260837  0.63242120  0.66889800  0.68785461  0.65960387  0.67831384  0.65960387  0.64136840  0.59770576  0.60622877  0.66889800  0.70732452  0.58928260  0.59770576  0.67831384  0.67831384  0.71726080  0.61485400  0.62358395  0.64136840  0.66889800  0.65960387  0.65042833  0.65042833  0.69752367  0.70732452  0.67831384  0.65042833  0.58095696  0.65042833  0.58928260  0.58095696  0.63242120  0.60622877  0.70732452  0.70732452  0.82499548  0.83671282  0.83671282  0.86073634  0.73755500  0.75843863  0.67831384  0.67831384  0.69752367  0.84862426  0.84862426  0.81346602  0.81346602  0.74792101  0.77994696  0.80211850  0.80211850  0.69752367  0.75843863  0.76911238  0.73755500  0.77994696  0.80211850  0.79094728  0.87305593  0.87305593  0.89834699  0.76911238  0.82499548  0.79094728  0.81346602  0.81346602  0.80211850  0.81346602  0.82499548  0.82499548  0.80211850  0.82499548  0.75843863  0.69752367  0.75843863  0.80211850  0.65042833  0.65042833  0.65960387  0.66889800  0.66889800  0.66889800  0.68785461  0.71726080  0.71726080  0.72733631  0.79094728  0.72733631  0.74792101  0.69752367  0.80211850  0.70732452  0.66889800  
38_4_0     0.57272662  0.55654326  0.55654326  0.34941760  0.42526662  0.33751897  0.36151644  0.20825695  0.30296067  0.00000000  0.39268528  0.43872406  0.56458941  0.55654326  0.60622877  0.59770576  0.64136840  0.69752367  0.63242120  0.88559028  0.86073634  0.84862426  0.65960387  0.61485400  0.64136840  0.66889800  0.63242120  0.65042833  0.67831384  0.68785461  0.72733631  0.65960387  0.67831384  0.65960387  0.65042833  0.65042833  0.65960387  0.74792101  0.70732452  0.69752367  0.57272662  0.61485400  0.69752367  0.72733631  0.76911238  0.68785461  0.68785461  0.72733631  0.71726080  0.70732452  0.66889800  0.63242120  0.74792101  0.69752367  0.63242120  0.70732452  0.69752367  0.71726080  0.73755500  0.88559028  0.88559028  0.87305593  0.93803393  0.71726080  0.81346602  0.69752367  0.77994696  0.71726080  0.80211850  0.79094728  0.75843863  0.75843863  0.83671282  0.67831384  0.75843863  0.74792101  0.71726080  0.71726080  0.76911238  0.70732452  0.76911238  0.73755500  0.77994696  0.80211850  0.80211850  0.88559028  0.77994696  0.91133411  0.82499548  0.83671282  0.83671282  0.75843863  0.83671282  0.81346602  0.76911238  0.77994696  0.72733631  0.69752367  0.64136840  0.65042833  0.69752367  0.58928260  0.61485400  0.63242120  0.60622877  0.63242120  0.65042833  0.65042833  0.64136840  0.64136840  0.69752367  0.74792101  0.65042833  0.62358395  0.68785461  0.70732452  0.66889800  0.66889800  
29_1_0     0.58928260  0.60622877  0.60622877  0.40554121  0.45939456  0.41205641  0.38634249  0.36764306  0.39908452  0.39268528  0.00000000  0.22825066  0.57272662  0.57272662  0.58095696  0.58928260  0.63242120  0.64136840  0.59770576  0.74792101  0.74792101  0.74792101  0.58928260  0.55654326  0.59770576  0.65042833  0.64136840  0.60622877  0.65042833  0.62358395  0.66889800  0.60622877  0.62358395  0.59770576  0.60622877  0.60622877  0.60622877  0.69752367  0.65042833  0.68785461  0.62358395  0.63242120  0.64136840  0.63242120  0.67831384  0.65960387  0.64136840  0.65960387  0.67831384  0.64136840  0.62358395  0.65042833  0.61485400  0.64136840  0.58928260  0.61485400  0.60622877  0.71726080  0.72733631  0.79094728  0.79094728  0.80211850  0.81346602  0.68785461  0.69752367  0.65042833  0.69752367  0.70732452  0.83671282  0.82499548  0.87305593  0.87305593  0.72733631  0.69752367  0.83671282  0.79094728  0.72733631  0.76911238  0.74792101  0.74792101  0.86073634  0.73755500  0.75843863  0.82499548  0.77994696  0.81346602  0.77994696  0.75843863  0.82499548  0.81346602  0.81346602  0.68785461  0.70732452  0.77994696  0.74792101  0.70732452  0.73755500  0.76911238  0.75843863  0.73755500  0.72733631  0.72733631  0.68785461  0.69752367  0.68785461  0.67831384  0.65960387  0.75843863  0.77994696  0.74792101  0.70732452  0.71726080  0.74792101  0.73755500  0.75843863  0.76911238  0.74792101  0.71726080  
24_1_0     0.51007006  0.52522984  0.52522984  0.39268528  0.43196386  0.37382233  0.40554121  0.41205641  0.39268528  0.43872406  0.22825066  0.00000000  0.65042833  0.59770576  0.64136840  0.63242120  0.65960387  0.66889800  0.67831384  0.84862426  0.84862426  0.84862426  0.58095696  0.54858614  0.65042833  0.65042833  0.69752367  0.68785461  0.75843863  0.73755500  0.70732452  0.69752367  0.69752367  0.66889800  0.66889800  0.65960387  0.66889800  0.71726080  0.70732452  0.77994696  0.71726080  0.69752367  0.71726080  0.69752367  0.79094728  0.77994696  0.73755500  0.75843863  0.81346602  0.77994696  0.73755500  0.65960387  0.68785461  0.65960387  0.61485400  0.62358395  0.63242120  0.65042833  0.66889800  0.80211850  0.77994696  0.76911238  0.81346602  0.72733631  0.76911238  0.68785461  0.76911238  0.73755500  0.83671282  0.82499548  0.89834699  0.89834699  0.77994696  0.77994696  0.84862426  0.83671282  0.77994696  0.79094728  0.82499548  0.81346602  0.81346602  0.70732452  0.75843863  0.83671282  0.82499548  0.84862426  0.80211850  0.71726080  0.77994696  0.74792101  0.74792101  0.72733631  0.84862426  0.82499548  0.86073634  0.83671282  0.82499548  0.80211850  0.84862426  0.80211850  0.83671282  0.71726080  0.69752367  0.72733631  0.76911238  0.72733631  0.71726080  0.73755500  0.75843863  0.76911238  0.66889800  0.71726080  0.73755500  0.76911238  0.76911238  0.75843863  0.72733631  0.72733631  
6_3_0      0.65042833  0.66889800  0.66889800  0.42526662  0.47351257  0.47351257  0.45243816  0.57272662  0.56458941  0.56458941  0.57272662  0.65042833  0.00000000  0.06563719  0.07376842  0.06160580  0.23845993  0.28081131  0.23333718  0.45243816  0.43196386  0.43872406  0.35544157  0.34941760  0.36151644  0.38005516  0.34941760  0.34941760  0.41863118  0.41863118  0.41863118  0.35544157  0.35544157  0.43196386  0.45243816  0.34941760  0.35544157  0.38634249  0.38634249  0.38005516  0.34941760  0.36151644  0.40554121  0.38005516  0.41863118  0.37382233  0.36764306  0.38005516  0.39908452  0.41205641  0.40554121  0.39268528  0.38634249  0.36764306  0.36151644  0.39268528  0.37382233  0.66889800  0.67831384  0.75843863  0.79094728  0.77994696  0.77994696  0.73755500  0.76911238  0.71726080  0.77994696  0.75843863  0.77994696  0.76911238  0.80211850  0.80211850  0.82499548  0.77994696  0.87305593  0.72733631  0.73755500  0.79094728  0.79094728  0.73755500  0.80211850  0.76911238  0.72733631  0.76911238  0.88559028  0.92456010  0.74792101  0.87305593  0.84862426  0.81346602  0.81346602  0.74792101  0.82499548  0.75843863  0.74792101  0.76911238  0.73755500  0.70732452  0.63242120  0.72733631  0.69752367  0.60622877  0.61485400  0.62358395  0.60622877  0.58928260  0.59770576  0.72733631  0.73755500  0.74792101  0.69752367  0.71726080  0.65042833  0.66889800  0.66889800  0.72733631  0.65042833  0.65960387  
26_3_0     0.66889800  0.66889800  0.66889800  0.41863118  0.45939456  0.49522330  0.48791331  0.54858614  0.53293129  0.55654326  0.57272662  0.59770576  0.06563719  0.00000000  0.09450809  0.09872878  0.23845993  0.29180071  0.24361944  0.39908452  0.38005516  0.38634249  0.36764306  0.36151644  0.36764306  0.37382233  0.34344367  0.34344367  0.41863118  0.41863118  0.41863118  0.36764306  0.38005516  0.41205641  0.41863118  0.32581402  0.33164268  0.38634249  0.41205641  0.36764306  0.35544157  0.36151644  0.39268528  0.38634249  0.42526662  0.39908452  0.38634249  0.39908452  0.41863118  0.41863118  0.39908452  0.38005516  0.36151644  0.33164268  0.33751897  0.38005516  0.33751897  0.61485400  0.64136840  0.72733631  0.70732452  0.71726080  0.76911238  0.71726080  0.79094728  0.71726080  0.77994696  0.74792101  0.75843863  0.74792101  0.77994696  0.77994696  0.76911238  0.77994696  0.86073634  0.76911238  0.71726080  0.76911238  0.79094728  0.75843863  0.82499548  0.70732452  0.68785461  0.75843863  0.82499548  0.83671282  0.70732452  0.83671282  0.83671282  0.79094728  0.79094728  0.71726080  0.77994696  0.69752367  0.74792101  0.76911238  0.73755500  0.70732452  0.65960387  0.71726080  0.70732452  0.61485400  0.59770576  0.60622877  0.58928260  0.58928260  0.59770576  0.72733631  0.73755500  0.72733631  0.70732452  0.76911238  0.62358395  0.65042833  0.63242120  0.70732452  0.62358395  0.67831384  
32_3_0     0.67831384  0.69752367  0.69752367  0.43872406  0.48791331  0.50260837  0.49522330  0.62358395  0.58928260  0.60622877  0.58095696  0.64136840  0.07376842  0.09450809  0.00000000  0.04964549  0.28081131  0.31429656  0.26998733  0.49522330  0.47351257  0.48067689  0.34941760  0.34344367  0.37382233  0.39268528  0.36151644  0.36151644  0.41863118  0.41205641  0.42526662  0.35544157  0.36764306  0.44554842  0.45243816  0.38634249  0.39908452  0.39908452  0.39908452  0.38005516  0.39268528  0.39908452  0.39268528  0.41863118  0.45243816  0.40554121  0.39908452  0.40554121  0.43196386  0.43196386  0.41205641  0.39268528  0.40554121  0.38634249  0.37382233  0.41863118  0.38634249  0.63242120  0.65960387  0.83671282  0.82499548  0.81346602  0.83671282  0.75843863  0.80211850  0.73755500  0.82499548  0.80211850  0.77994696  0.76911238  0.86073634  0.86073634  0.79094728  0.80211850  0.88559028  0.81346602  0.74792101  0.83671282  0.83671282  0.82499548  0.92456010  0.76911238  0.76911238  0.82499548  0.91133411  0.89834699  0.77994696  0.87305593  0.83671282  0.83671282  0.83671282  0.72733631  0.77994696  0.73755500  0.74792101  0.76911238  0.75843863  0.70732452  0.70732452  0.71726080  0.72733631  0.60622877  0.59770576  0.62358395  0.62358395  0.60622877  0.61485400  0.73755500  0.75843863  0.73755500  0.71726080  0.75843863  0.63242120  0.66889800  0.68785461  0.74792101  0.64136840  0.69752367  
4_3_0      0.65042833  0.66889800  0.66889800  0.47351257  0.51007006  0.51007006  0.48791331  0.58095696  0.56458941  0.59770576  0.58928260  0.63242120  0.06160580  0.09872878  0.04964549  0.00000000  0.28081131  0.32581402  0.27537896  0.48791331  0.48067689  0.48791331  0.35544157  0.34941760  0.37382233  0.39268528  0.38634249  0.38634249  0.41205641  0.41205641  0.41863118  0.37382233  0.37382233  0.45243816  0.47351257  0.37382233  0.38634249  0.39908452  0.41205641  0.38005516  0.38005516  0.39908452  0.41863118  0.41205641  0.45243816  0.39268528  0.39908452  0.39908452  0.43196386  0.43196386  0.42526662  0.41863118  0.40554121  0.38634249  0.38005516  0.42526662  0.39268528  0.66889800  0.69752367  0.80211850  0.82499548  0.81346602  0.81346602  0.72733631  0.79094728  0.72733631  0.79094728  0.76911238  0.79094728  0.77994696  0.82499548  0.82499548  0.81346602  0.79094728  0.86073634  0.77994696  0.73755500  0.82499548  0.82499548  0.76911238  0.86073634  0.77994696  0.73755500  0.79094728  0.93803393  0.89834699  0.80211850  0.88559028  0.82499548  0.80211850  0.80211850  0.72733631  0.79094728  0.70732452  0.75843863  0.77994696  0.79094728  0.67831384  0.67831384  0.74792101  0.73755500  0.63242120  0.62358395  0.63242120  0.63242120  0.61485400  0.60622877  0.74792101  0.76911238  0.76911238  0.73755500  0.75843863  0.67831384  0.69752367  0.67831384  0.80211850  0.67831384  0.68785461  
9_3_0      0.68785461  0.68785461  0.68785461  0.56458941  0.60622877  0.57272662  0.57272662  0.59770576  0.56458941  0.64136840  0.63242120  0.65960387  0.23845993  0.23845993  0.28081131  0.28081131  0.00000000  0.06160580  0.08614031  0.49522330  0.47351257  0.48067689  0.43872406  0.45939456  0.41205641  0.42526662  0.39908452  0.37382233  0.53293129  0.51761000  0.51761000  0.44554842  0.45243816  0.54071611  0.53293129  0.43196386  0.43872406  0.46641892  0.49522330  0.45243816  0.41205641  0.38634249  0.44554842  0.43872406  0.47351257  0.45243816  0.43872406  0.44554842  0.47351257  0.45243816  0.43196386  0.43196386  0.40554121  0.41205641  0.41863118  0.44554842  0.44554842  0.71726080  0.74792101  0.77994696  0.80211850  0.77994696  0.83671282  0.80211850  0.88559028  0.74792101  0.79094728  0.76911238  0.83671282  0.82499548  0.79094728  0.79094728  0.88559028  0.86073634  0.86073634  0.81346602  0.81346602  0.81346602  0.83671282  0.79094728  0.82499548  0.82499548  0.81346602  0.89834699  0.96576349  0.96576349  0.81346602  0.82499548  0.93803393  0.88559028  0.88559028  0.83671282  0.83671282  0.81346602  0.83671282  0.81346602  0.82499548  0.76911238  0.72733631  0.79094728  0.82499548  0.72733631  0.65042833  0.65042833  0.69752367  0.66889800  0.68785461  0.84862426  0.81346602  0.82499548  0.79094728  0.77994696  0.71726080  0.72733631  0.74792101  0.81346602  0.68785461  0.70732452  
22_3_0     0.69752367  0.71726080  0.71726080  0.54858614  0.56458941  0.58095696  0.58095696  0.59770576  0.57272662  0.69752367  0.64136840  0.66889800  0.28081131  0.29180071  0.31429656  0.32581402  0.06160580  0.00000000  0.07786878  0.50260837  0.48067689  0.48791331  0.45243816  0.47351257  0.42526662  0.42526662  0.40554121  0.39908452  0.51761000  0.50260837  0.50260837  0.42526662  0.43196386  0.51761000  0.52522984  0.45939456  0.46641892  0.49522330  0.51007006  0.54071611  0.48067689  0.43872406  0.46641892  0.48791331  0.48791331  0.48791331  0.47351257  0.48067689  0.49522330  0.47351257  0.44554842  0.43196386  0.45939456  0.43872406  0.44554842  0.44554842  0.44554842  0.72733631  0.75843863  0.76911238  0.81346602  0.81346602  0.82499548  0.80211850  0.89834699  0.72733631  0.76911238  0.76911238  0.89834699  0.88559028  0.83671282  0.83671282  0.83671282  0.86073634  0.87305593  0.84862426  0.77994696  0.81346602  0.79094728  0.79094728  0.81346602  0.82499548  0.81346602  0.87305593  0.99460542  1.02465270  0.82499548  0.80211850  0.93803393  0.86073634  0.86073634  0.81346602  0.76911238  0.81346602  0.81346602  0.79094728  0.82499548  0.72733631  0.68785461  0.79094728  0.82499548  0.72733631  0.67831384  0.67831384  0.71726080  0.68785461  0.68785461  0.80211850  0.81346602  0.82499548  0.77994696  0.79094728  0.71726080  0.74792101  0.75843863  0.87305593  0.70732452  0.72733631  
3_3_0      0.65042833  0.66889800  0.66889800  0.48791331  0.55654326  0.54858614  0.53293129  0.58928260  0.58095696  0.63242120  0.59770576  0.67831384  0.23333718  0.24361944  0.26998733  0.27537896  0.08614031  0.07786878  0.00000000  0.54071611  0.51761000  0.52522984  0.46641892  0.45939456  0.41863118  0.41205641  0.41205641  0.40554121  0.49522330  0.48791331  0.48067689  0.39268528  0.39908452  0.48791331  0.51007006  0.41863118  0.42526662  0.48067689  0.48067689  0.49522330  0.44554842  0.41863118  0.42526662  0.43196386  0.43872406  0.43196386  0.41863118  0.41863118  0.44554842  0.43196386  0.43196386  0.43196386  0.45243816  0.40554121  0.40554121  0.42526662  0.41205641  0.69752367  0.72733631  0.74792101  0.79094728  0.79094728  0.77994696  0.74792101  0.83671282  0.71726080  0.75843863  0.75843863  0.86073634  0.84862426  0.80211850  0.80211850  0.86073634  0.81346602  0.84862426  0.77994696  0.73755500  0.77994696  0.77994696  0.79094728  0.80211850  0.81346602  0.80211850  0.81346602  0.88559028  0.93803393  0.76911238  0.79094728  0.88559028  0.82499548  0.82499548  0.77994696  0.76911238  0.76911238  0.75843863  0.75843863  0.76911238  0.73755500  0.69752367  0.70732452  0.79094728  0.68785461  0.64136840  0.65960387  0.64136840  0.64136840  0.65042833  0.73755500  0.72733631  0.73755500  0.68785461  0.71726080  0.70732452  0.71726080  0.77994696  0.86073634  0.65960387  0.72733631  
25_3_0     0.83671282  0.83671282  0.83671282  0.75843863  0.74792101  0.74792101  0.74792101  0.81346602  0.84862426  0.88559028  0.74792101  0.84862426  0.45243816  0.39908452  0.49522330  0.48791331  0.49522330  0.50260837  0.54071611  0.00000000  0.01115621  0.01491374  0.50260837  0.50260837  0.50260837  0.54071611  0.50260837  0.48067689  0.65960387  0.65042833  0.64136840  0.55654326  0.58095696  0.55654326  0.58928260  0.49522330  0.51007006  0.52522984  0.58095696  0.56458941  0.54071611  0.50260837  0.57272662  0.58928260  0.62358395  0.61485400  0.58095696  0.60622877  0.54858614  0.54071611  0.49522330  0.57272662  0.51761000  0.50260837  0.52522984  0.48791331  0.49522330  0.84862426  0.86073634  0.87305593  0.88559028  0.91133411  0.95176505  0.87305593  0.91133411  0.95176505  0.95176505  0.96576349  0.92456010  0.91133411  0.92456010  0.92456010  1.10577050  1.05601049  1.10577050  1.08879834  1.02465270  1.14096602  1.17797325  1.04016067  1.12315295  0.99460542  1.12315295  1.12315295  1.05601049  1.10577050  1.00947213  1.05601049  1.08879834  0.95176505  0.95176505  0.99460542  1.02465270  1.02465270  1.02465270  1.04016067  0.96576349  0.98003986  0.99460542  0.99460542  0.98003986  0.93803393  0.92456010  0.89834699  0.87305593  0.89834699  0.86073634  1.02465270  1.08879834  1.05601049  0.98003986  0.96576349  0.88559028  0.91133411  0.89834699  0.93803393  0.91133411  1.04016067  
31_3_0     0.82499548  0.82499548  0.82499548  0.72733631  0.71726080  0.71726080  0.72733631  0.81346602  0.82499548  0.86073634  0.74792101  0.84862426  0.43196386  0.38005516  0.47351257  0.48067689  0.47351257  0.48067689  0.51761000  0.01115621  0.00000000  0.00369954  0.51007006  0.51007006  0.49522330  0.53293129  0.49522330  0.47351257  0.65042833  0.64136840  0.63242120  0.54858614  0.55654326  0.53293129  0.56458941  0.48791331  0.50260837  0.51761000  0.57272662  0.55654326  0.53293129  0.48067689  0.54858614  0.56458941  0.59770576  0.58928260  0.55654326  0.58095696  0.52522984  0.51761000  0.47351257  0.54858614  0.51007006  0.48067689  0.50260837  0.46641892  0.47351257  0.81346602  0.82499548  0.87305593  0.88559028  0.91133411  0.95176505  0.86073634  0.89834699  0.93803393  0.93803393  0.95176505  0.91133411  0.89834699  0.93803393  0.93803393  1.10577050  1.04016067  1.08879834  1.07221755  1.00947213  1.12315295  1.15923159  1.02465270  1.10577050  0.98003986  1.10577050  1.10577050  1.04016067  1.08879834  0.99460542  1.04016067  1.07221755  0.93803393  0.93803393  0.99460542  0.99460542  0.99460542  0.99460542  1.00947213  0.93803393  0.98003986  0.95176505  0.95176505  0.93803393  0.89834699  0.88559028  0.86073634  0.83671282  0.86073634  0.84862426  0.98003986  1.04016067  1.00947213  0.96576349  0.95176505  0.87305593  0.89834699  0.91133411  0.92456010  0.89834699  1.02465270  
12_3_0     0.83671282  0.83671282  0.83671282  0.73755500  0.72733631  0.72733631  0.73755500  0.82499548  0.81346602  0.84862426  0.74792101  0.84862426  0.43872406  0.38634249  0.48067689  0.48791331  0.48067689  0.48791331  0.52522984  0.01491374  0.00369954  0.00000000  0.51761000  0.51761000  0.50260837  0.54071611  0.50260837  0.48067689  0.65960387  0.65042833  0.64136840  0.55654326  0.56458941  0.54071611  0.57272662  0.49522330  0.51007006  0.51007006  0.58095696  0.56458941  0.54071611  0.48791331  0.55654326  0.57272662  0.60622877  0.59770576  0.56458941  0.58928260  0.53293129  0.52522984  0.48067689  0.54071611  0.51761000  0.48791331  0.51007006  0.47351257  0.48067689  0.82499548  0.83671282  0.88559028  0.89834699  0.92456010  0.96576349  0.84862426  0.88559028  0.92456010  0.92456010  0.96576349  0.92456010  0.91133411  0.95176505  0.95176505  1.12315295  1.02465270  1.07221755  1.08879834  0.99460542  1.10577050  1.14096602  1.00947213  1.08879834  0.99460542  1.08879834  1.12315295  1.05601049  1.10577050  1.00947213  1.05601049  1.08879834  0.95176505  0.95176505  1.00947213  1.00947213  1.00947213  1.00947213  1.02465270  0.95176505  0.99460542  0.93803393  0.96576349  0.95176505  0.88559028  0.87305593  0.84862426  0.82499548  0.84862426  0.84862426  0.99460542  1.05601049  1.02465270  0.98003986  0.96576349  0.86073634  0.88559028  0.89834699  0.91133411  0.88559028  1.00947213  
27_5_0     0.61485400  0.63242120  0.63242120  0.49522330  0.50260837  0.50260837  0.51007006  0.59770576  0.50260837  0.65960387  0.58928260  0.58095696  0.35544157  0.36764306  0.34941760  0.35544157  0.43872406  0.45243816  0.46641892  0.50260837  0.51007006  0.51761000  0.00000000  0.03400170  0.27537896  0.31429656  0.30296067  0.27537896  0.34941760  0.33751897  0.33751897  0.26998733  0.28628502  0.45939456  0.46641892  0.36151644  0.37382233  0.40554121  0.39268528  0.43872406  0.43196386  0.36764306  0.38634249  0.41205641  0.46641892  0.41863118  0.40554121  0.42526662  0.40554121  0.42526662  0.41205641  0.35544157  0.36151644  0.37382233  0.36151644  0.37382233  0.35544157  0.71726080  0.72733631  0.75843863  0.77994696  0.74792101  0.75843863  0.76911238  0.74792101  0.66889800  0.70732452  0.77994696  0.80211850  0.79094728  0.81346602  0.81346602  0.74792101  0.73755500  0.84862426  0.82499548  0.76911238  0.86073634  0.86073634  0.77994696  0.89834699  0.81346602  0.80211850  0.82499548  0.93803393  0.95176505  0.86073634  0.88559028  0.83671282  0.82499548  0.82499548  0.74792101  0.86073634  0.82499548  0.84862426  0.81346602  0.87305593  0.71726080  0.75843863  0.80211850  0.82499548  0.67831384  0.64136840  0.63242120  0.68785461  0.66889800  0.65042833  0.69752367  0.75843863  0.72733631  0.68785461  0.69752367  0.65042833  0.64136840  0.69752367  0.73755500  0.62358395  0.58928260  
16_5_0     0.58095696  0.59770576  0.59770576  0.45243816  0.45243816  0.46641892  0.46641892  0.57272662  0.50260837  0.61485400  0.55654326  0.54858614  0.34941760  0.36151644  0.34344367  0.34941760  0.45939456  0.47351257  0.45939456  0.50260837  0.51007006  0.51761000  0.03400170  0.00000000  0.27537896  0.29180071  0.28081131  0.25932387  0.33164268  0.32003223  0.33164268  0.25405086  0.26998733  0.40554121  0.42526662  0.33751897  0.33751897  0.37382233  0.36764306  0.40554121  0.40554121  0.35544157  0.34941760  0.39268528  0.43872406  0.38634249  0.37382233  0.39908452  0.36764306  0.38005516  0.37382233  0.36151644  0.35544157  0.36151644  0.33751897  0.34941760  0.34344367  0.73755500  0.75843863  0.79094728  0.77994696  0.77994696  0.79094728  0.79094728  0.76911238  0.67831384  0.72733631  0.79094728  0.80211850  0.79094728  0.81346602  0.81346602  0.79094728  0.74792101  0.86073634  0.80211850  0.77994696  0.84862426  0.84862426  0.77994696  0.89834699  0.82499548  0.82499548  0.84862426  0.91133411  0.95176505  0.86073634  0.93803393  0.86073634  0.82499548  0.82499548  0.75843863  0.83671282  0.82499548  0.82499548  0.81346602  0.84862426  0.72733631  0.77994696  0.80211850  0.81346602  0.66889800  0.62358395  0.66889800  0.68785461  0.66889800  0.65042833  0.69752367  0.74792101  0.71726080  0.68785461  0.72733631  0.62358395  0.64136840  0.69752367  0.71726080  0.65960387  0.58928260  
10_5_0     0.71726080  0.71726080  0.71726080  0.53293129  0.57272662  0.53293129  0.53293129  0.67831384  0.63242120  0.64136840  0.59770576  0.65042833  0.36151644  0.36764306  0.37382233  0.37382233  0.41205641  0.42526662  0.41863118  0.50260837  0.49522330  0.50260837  0.27537896  0.27537896  0.00000000  0.09872878  0.11154158  0.10297440  0.35544157  0.35544157  0.34344367  0.30296067  0.29180071  0.48791331  0.51007006  0.40554121  0.41863118  0.40554121  0.46641892  0.47351257  0.41205641  0.38634249  0.45939456  0.43872406  0.52522984  0.47351257  0.46641892  0.42526662  0.48067689  0.46641892  0.46641892  0.39908452  0.38005516  0.40554121  0.39908452  0.41863118  0.40554121  0.62358395  0.65042833  0.69752367  0.73755500  0.70732452  0.74792101  0.69752367  0.70732452  0.65960387  0.73755500  0.72733631  0.71726080  0.72733631  0.76911238  0.76911238  0.75843863  0.71726080  0.80211850  0.76911238  0.77994696  0.75843863  0.79094728  0.75843863  0.81346602  0.76911238  0.75843863  0.81346602  0.81346602  0.81346602  0.74792101  0.84862426  0.83671282  0.79094728  0.79094728  0.75843863  0.72733631  0.75843863  0.71726080  0.71726080  0.75843863  0.71726080  0.69752367  0.74792101  0.75843863  0.65960387  0.59770576  0.64136840  0.64136840  0.62358395  0.64136840  0.69752367  0.70732452  0.68785461  0.65960387  0.73755500  0.65042833  0.70732452  0.76911238  0.77994696  0.73755500  0.68785461  
1_5_0      0.73755500  0.71726080  0.71726080  0.50260837  0.51007006  0.55654326  0.53293129  0.71726080  0.66889800  0.66889800  0.65042833  0.65042833  0.38005516  0.37382233  0.39268528  0.39268528  0.42526662  0.42526662  0.41205641  0.54071611  0.53293129  0.54071611  0.31429656  0.29180071  0.09872878  0.00000000  0.10724523  0.10297440  0.35544157  0.34941760  0.34344367  0.32003223  0.30860628  0.42526662  0.44554842  0.40554121  0.40554121  0.39908452  0.45939456  0.47351257  0.41205641  0.38005516  0.43872406  0.43196386  0.47351257  0.44554842  0.44554842  0.47351257  0.45939456  0.44554842  0.44554842  0.41863118  0.39908452  0.41205641  0.42526662  0.41205641  0.40554121  0.69752367  0.72733631  0.73755500  0.80211850  0.76911238  0.79094728  0.76911238  0.77994696  0.72733631  0.79094728  0.81346602  0.77994696  0.76911238  0.79094728  0.79094728  0.83671282  0.77994696  0.86073634  0.74792101  0.81346602  0.79094728  0.81346602  0.81346602  0.86073634  0.76911238  0.81346602  0.84862426  0.89834699  0.92456010  0.80211850  0.89834699  0.89834699  0.81346602  0.81346602  0.86073634  0.80211850  0.80211850  0.80211850  0.81346602  0.83671282  0.73755500  0.73755500  0.80211850  0.82499548  0.68785461  0.62358395  0.66889800  0.69752367  0.66889800  0.67831384  0.74792101  0.75843863  0.75843863  0.68785461  0.79094728  0.68785461  0.71726080  0.84862426  0.86073634  0.76911238  0.71726080  
5_5_0      0.80211850  0.77994696  0.77994696  0.51761000  0.58095696  0.52522984  0.56458941  0.65042833  0.68785461  0.63242120  0.64136840  0.69752367  0.34941760  0.34344367  0.36151644  0.38634249  0.39908452  0.40554121  0.41205641  0.50260837  0.49522330  0.50260837  0.30296067  0.28081131  0.11154158  0.10724523  0.00000000  0.02630561  0.38634249  0.37382233  0.39908452  0.35544157  0.34941760  0.45939456  0.48067689  0.40554121  0.40554121  0.43196386  0.45243816  0.46641892  0.43872406  0.39268528  0.47351257  0.44554842  0.50260837  0.48067689  0.47351257  0.44554842  0.47351257  0.45243816  0.47351257  0.40554121  0.39908452  0.43872406  0.39908452  0.41863118  0.41205641  0.66889800  0.68785461  0.76911238  0.76911238  0.76911238  0.82499548  0.79094728  0.83671282  0.71726080  0.81346602  0.77994696  0.74792101  0.73755500  0.79094728  0.79094728  0.84862426  0.79094728  0.88559028  0.77994696  0.82499548  0.81346602  0.86073634  0.82499548  0.87305593  0.79094728  0.84862426  0.88559028  0.88559028  0.92456010  0.82499548  0.93803393  0.89834699  0.84862426  0.84862426  0.86073634  0.82499548  0.87305593  0.81346602  0.82499548  0.79094728  0.71726080  0.72733631  0.79094728  0.79094728  0.68785461  0.63242120  0.67831384  0.65042833  0.63242120  0.64136840  0.75843863  0.77994696  0.80211850  0.73755500  0.80211850  0.66889800  0.69752367  0.81346602  0.87305593  0.73755500  0.68785461  
13_5_0     0.74792101  0.72733631  0.72733631  0.51007006  0.55654326  0.51761000  0.55654326  0.67831384  0.65960387  0.65042833  0.60622877  0.68785461  0.34941760  0.34344367  0.36151644  0.38634249  0.37382233  0.39908452  0.40554121  0.48067689  0.47351257  0.48067689  0.27537896  0.25932387  0.10297440  0.10297440  0.02630561  0.00000000  0.36151644  0.34941760  0.37382233  0.33164268  0.32581402  0.48067689  0.50260837  0.38634249  0.38634249  0.39908452  0.41863118  0.45939456  0.40554121  0.37382233  0.45243816  0.43872406  0.48067689  0.47351257  0.46641892  0.42526662  0.45243816  0.44554842  0.45243816  0.40554121  0.40554121  0.43872406  0.41205641  0.40554121  0.41205641  0.66889800  0.68785461  0.74792101  0.76911238  0.74792101  0.80211850  0.74792101  0.79094728  0.71726080  0.76911238  0.80211850  0.76911238  0.75843863  0.79094728  0.79094728  0.82499548  0.81346602  0.88559028  0.80211850  0.82499548  0.83671282  0.88559028  0.82499548  0.89834699  0.74792101  0.82499548  0.86073634  0.88559028  0.87305593  0.82499548  0.91133411  0.89834699  0.82499548  0.82499548  0.83671282  0.82499548  0.84862426  0.81346602  0.80211850  0.79094728  0.68785461  0.74792101  0.84862426  0.86073634  0.72733631  0.62358395  0.66889800  0.65042833  0.63242120  0.65960387  0.73755500  0.75843863  0.80211850  0.71726080  0.77994696  0.68785461  0.67831384  0.79094728  0.83671282  0.73755500  0.65042833  
