20
15_0_0     0.00000000  0.01298996  0.15207836  0.23001841  0.17897270  0.41626620  0.34419690  0.34419690  0.34419690  0.32388893  0.32388893  0.32388893  0.34419690  0.35109321  0.35109321  0.35109321  0.39389180  0.43934511  0.47950208  0.44720244  
6_0_0      0.01298996  0.00000000  0.13640300  0.22416792  0.17351431  0.40127431  0.33059593  0.33059593  0.33059593  0.31065627  0.31065627  0.31065627  0.33059593  0.33059593  0.33059593  0.33059593  0.37218018  0.43157112  0.47129276  0.43934511  
14_2_0     0.15207836  0.13640300  0.00000000  0.21836376  0.20689152  0.43157112  0.35805501  0.35805501  0.35805501  0.35109321  0.35109321  0.35109321  0.34419690  0.32388893  0.32388893  0.32388893  0.35805501  0.43157112  0.47950208  0.43934511  
6_2_0      0.23001841  0.22416792  0.21836376  0.00000000  0.27233393  0.42387871  0.35109321  0.35109321  0.35109321  0.35805501  0.35805501  0.34419690  0.33736487  0.35109321  0.35109321  0.33736487  0.38658291  0.43934511  0.46317436  0.46317436  
15_3_0     0.17897270  0.17351431  0.20689152  0.27233393  0.00000000  0.38658291  0.35805501  0.35805501  0.35805501  0.33736487  0.33736487  0.35109321  0.34419690  0.31724274  0.31724274  0.30412846  0.34419690  0.47950208  0.48780438  0.48780438  
5_0_0      0.41626620  0.40127431  0.43157112  0.42387871  0.38658291  0.00000000  0.11601073  0.11601073  0.11601073  0.12105586  0.12105586  0.12105586  0.10602347  0.17897270  0.17897270  0.16809627  0.21260520  0.36508357  0.37218018  0.40127431  
12_0_0     0.34419690  0.33059593  0.35805501  0.35109321  0.35805501  0.11601073  0.00000000  0.00000000  0.00000000  0.03067594  0.03067594  0.03067594  0.01737161  0.09129317  0.09129317  0.08163490  0.13640300  0.31065627  0.30412846  0.35805501  
4_0_0      0.34419690  0.33059593  0.35805501  0.35109321  0.35805501  0.11601073  0.00000000  0.00000000  0.00000000  0.03067594  0.03067594  0.03067594  0.01737161  0.09129317  0.09129317  0.08163490  0.13640300  0.31065627  0.30412846  0.35805501  
10_0_0     0.34419690  0.33059593  0.35805501  0.35109321  0.35805501  0.11601073  0.00000000  0.00000000  0.00000000  0.03067594  0.03067594  0.03067594  0.01737161  0.09129317  0.09129317  0.08163490  0.13640300  0.31065627  0.30412846  0.35805501  
4_8_0      0.32388893  0.31065627  0.35109321  0.35805501  0.33736487  0.12105586  0.03067594  0.03067594  0.03067594  0.00000000  0.00000000  0.00863435  0.01298996  0.09617045  0.09617045  0.08644813  0.13125150  0.31065627  0.30412846  0.35805501  
12_8_0     0.32388893  0.31065627  0.35109321  0.35805501  0.33736487  0.12105586  0.03067594  0.03067594  0.03067594  0.00000000  0.00000000  0.00863435  0.01298996  0.09617045  0.09617045  0.08644813  0.13125150  0.31065627  0.30412846  0.35805501  
10_8_0     0.32388893  0.31065627  0.35109321  0.34419690  0.35109321  0.12105586  0.03067594  0.03067594  0.03067594  0.00863435  0.00863435  0.00000000  0.01298996  0.09617045  0.09617045  0.08644813  0.13125150  0.29765826  0.29124468  0.34419690  
5_8_0      0.34419690  0.33059593  0.34419690  0.33736487  0.34419690  0.10602347  0.01737161  0.01737161  0.01737161  0.01298996  0.01298996  0.01298996  0.00000000  0.08163490  0.08163490  0.07210223  0.11601073  0.31724274  0.31065627  0.36508357  
11_0_0     0.35109321  0.33059593  0.32388893  0.35109321  0.31724274  0.17897270  0.09129317  0.09129317  0.09129317  0.09617045  0.09617045  0.09617045  0.08163490  0.00000000  0.00000000  0.01737161  0.07210223  0.29124468  0.31724274  0.32388893  
11_6_0     0.35109321  0.33059593  0.32388893  0.35109321  0.31724274  0.17897270  0.09129317  0.09129317  0.09129317  0.09617045  0.09617045  0.09617045  0.08163490  0.00000000  0.00000000  0.01737161  0.07210223  0.29124468  0.31724274  0.32388893  
17_0_0     0.35109321  0.33059593  0.32388893  0.33736487  0.30412846  0.16809627  0.08163490  0.08163490  0.08163490  0.08644813  0.08644813  0.08644813  0.07210223  0.01737161  0.01737161  0.00000000  0.05803172  0.28488673  0.31724274  0.33059593  
17_7_0     0.39389180  0.37218018  0.35805501  0.38658291  0.34419690  0.21260520  0.13640300  0.13640300  0.13640300  0.13125150  0.13125150  0.13125150  0.11601073  0.07210223  0.07210223  0.05803172  0.00000000  0.35805501  0.37934617  0.40127431  
18_9_0     0.43934511  0.43157112  0.43157112  0.43934511  0.47950208  0.36508357  0.31065627  0.31065627  0.31065627  0.31065627  0.31065627  0.29765826  0.31724274  0.29124468  0.29124468  0.28488673  0.35805501  0.00000000  0.06269194  0.06269194  
18_0_0     0.47950208  0.47129276  0.47950208  0.46317436  0.48780438  0.37218018  0.30412846  0.30412846  0.30412846  0.30412846  0.30412846  0.29124468  0.31065627  0.31724274  0.31724274  0.31724274  0.37934617  0.06269194  0.00000000  0.09129317  
18_10_0    0.44720244  0.43934511  0.43934511  0.46317436  0.48780438  0.40127431  0.35805501  0.35805501  0.35805501  0.35805501  0.35805501  0.34419690  0.36508357  0.32388893  0.32388893  0.33059593  0.40127431  0.06269194  0.09129317  0.00000000  

