20
15_0_0     0.00000000  0.03067155  0.18983147  0.26576820  0.20101744  0.37142083  0.27194638  0.27194638  0.28446010  0.26576820  0.26576820  0.27194638  0.26576820  0.33000870  0.33000870  0.33000870  0.33000870  0.38575790  0.45396224  0.43052007  
6_0_0      0.03067155  0.00000000  0.17336414  0.26576820  0.17336414  0.37142083  0.27817672  0.27817672  0.29079744  0.27194638  0.27194638  0.27817672  0.27194638  0.35042433  0.35042433  0.35042433  0.35042433  0.35735700  0.42286861  0.41529567  
14_2_0     0.18983147  0.17336414  0.00000000  0.29718968  0.21237557  0.43052007  0.33675135  0.33675135  0.35042433  0.33000870  0.33000870  0.32332710  0.31670545  0.37142083  0.37142083  0.37142083  0.35735700  0.42286861  0.47817355  0.43825168  
6_2_0      0.26576820  0.26576820  0.29718968  0.00000000  0.26576820  0.43052007  0.39303225  0.39303225  0.40037902  0.38575790  0.38575790  0.39303225  0.38575790  0.37142083  0.37142083  0.37142083  0.37142083  0.40779966  0.41529567  0.49476728  
15_3_0     0.20101744  0.17336414  0.21237557  0.26576820  0.00000000  0.43052007  0.36435542  0.36435542  0.37855455  0.34355618  0.34355618  0.33675135  0.34355618  0.35735700  0.35735700  0.35735700  0.37142083  0.46194475  0.52037914  0.49476728  
5_0_0      0.37142083  0.37142083  0.43052007  0.43052007  0.43052007  0.00000000  0.12098452  0.12098452  0.12098452  0.12605832  0.12605832  0.12098452  0.11594536  0.16795568  0.16795568  0.16258657  0.18983147  0.33675135  0.38575790  0.41529567  
12_0_0     0.27194638  0.27817672  0.33675135  0.39303225  0.36435542  0.12098452  0.00000000  0.00000000  0.00863400  0.02177741  0.02177741  0.02621108  0.02177741  0.10596912  0.10596912  0.10103112  0.12605832  0.25964132  0.31014268  0.31014268  
4_0_0      0.27194638  0.27817672  0.33675135  0.39303225  0.36435542  0.12098452  0.00000000  0.00000000  0.00863400  0.02177741  0.02177741  0.02621108  0.02177741  0.10596912  0.10596912  0.10103112  0.12605832  0.25964132  0.31014268  0.31014268  
10_0_0     0.28446010  0.29079744  0.35042433  0.40037902  0.37855455  0.12098452  0.00863400  0.00863400  0.00000000  0.03067155  0.03067155  0.03515914  0.03067155  0.11594536  0.11594536  0.11094038  0.13631178  0.25964132  0.31014268  0.32332710  
4_8_0      0.26576820  0.27194638  0.33000870  0.38575790  0.34355618  0.12605832  0.02177741  0.02177741  0.03067155  0.00000000  0.00000000  0.00430437  0.00863400  0.09125315  0.09125315  0.08641232  0.11094038  0.25356488  0.31670545  0.30363776  
12_8_0     0.26576820  0.27194638  0.33000870  0.38575790  0.34355618  0.12605832  0.02177741  0.02177741  0.03067155  0.00000000  0.00000000  0.00430437  0.00863400  0.09125315  0.09125315  0.08641232  0.11094038  0.25356488  0.31670545  0.30363776  
10_8_0     0.27194638  0.27817672  0.32332710  0.39303225  0.33675135  0.12098452  0.02621108  0.02621108  0.03515914  0.00430437  0.00430437  0.00000000  0.00430437  0.08641232  0.08641232  0.08160303  0.10596912  0.25964132  0.32332710  0.31014268  
5_8_0      0.26576820  0.27194638  0.31670545  0.38575790  0.34355618  0.11594536  0.02177741  0.02177741  0.03067155  0.00863400  0.00863400  0.00430437  0.00000000  0.08160303  0.08160303  0.07682489  0.10103112  0.25356488  0.31670545  0.31670545  
11_0_0     0.33000870  0.35042433  0.37142083  0.37142083  0.35735700  0.16795568  0.10596912  0.10596912  0.11594536  0.09125315  0.09125315  0.08641232  0.08160303  0.00000000  0.00000000  0.01298918  0.02621108  0.31014268  0.36435542  0.37855455  
11_6_0     0.33000870  0.35042433  0.37142083  0.37142083  0.35735700  0.16795568  0.10596912  0.10596912  0.11594536  0.09125315  0.09125315  0.08641232  0.08160303  0.00000000  0.00000000  0.01298918  0.02621108  0.31014268  0.36435542  0.37855455  
17_0_0     0.33000870  0.35042433  0.37142083  0.37142083  0.35735700  0.16258657  0.10103112  0.10103112  0.11094038  0.08641232  0.08641232  0.08160303  0.07682489  0.01298918  0.01298918  0.00000000  0.03067155  0.30363776  0.37142083  0.38575790  
17_7_0     0.33000870  0.35042433  0.35735700  0.37142083  0.37142083  0.18983147  0.12605832  0.12605832  0.13631178  0.11094038  0.11094038  0.10596912  0.10103112  0.02621108  0.02621108  0.03067155  0.00000000  0.32332710  0.37855455  0.39303225  
18_9_0     0.38575790  0.35735700  0.42286861  0.40779966  0.46194475  0.33675135  0.25964132  0.25964132  0.25964132  0.25356488  0.25356488  0.25964132  0.25356488  0.31014268  0.31014268  0.30363776  0.32332710  0.00000000  0.07207748  0.12098452  
18_0_0     0.45396224  0.42286861  0.47817355  0.41529567  0.52037914  0.38575790  0.31014268  0.31014268  0.31014268  0.31670545  0.31670545  0.32332710  0.31670545  0.36435542  0.36435542  0.37142083  0.37855455  0.07207748  0.00000000  0.12098452  
18_10_0    0.43052007  0.41529567  0.43825168  0.49476728  0.49476728  0.41529567  0.31014268  0.31014268  0.32332710  0.30363776  0.30363776  0.31014268  0.31670545  0.37855455  0.37855455  0.38575790  0.39303225  0.12098452  0.12098452  0.00000000  

