9
59_3_0     0.00000000  0.02964819  0.04184364  0.19098438  0.19098438  0.19098438  0.21382951  0.19852236  0.18352141  
41_3_0     0.02964819  0.00000000  0.05424070  0.18352141  0.18352141  0.18352141  0.19098438  0.17613199  0.17613199  
41_0_0     0.04184364  0.05424070  0.00000000  0.19098438  0.20613688  0.20613688  0.21382951  0.19852236  0.19852236  
21_4_0     0.19098438  0.18352141  0.19098438  0.00000000  0.01171900  0.01171900  0.01764789  0.00583661  0.00583661  
51_4_0     0.19098438  0.18352141  0.20613688  0.01171900  0.00000000  0.00000000  0.02964819  0.01764789  0.00583661  
60_4_0     0.19098438  0.18352141  0.20613688  0.01171900  0.00000000  0.00000000  0.02964819  0.01764789  0.00583661  
6_4_0      0.21382951  0.19098438  0.21382951  0.01764789  0.02964819  0.02964819  0.00000000  0.02362404  0.02362404  
57_4_0     0.19852236  0.17613199  0.19852236  0.00583661  0.01764789  0.01764789  0.02362404  0.00000000  0.01171900  
57_6_0     0.18352141  0.17613199  0.19852236  0.00583661  0.00583661  0.00583661  0.02362404  0.01171900  0.00000000  

