20
16_0_0     0.00000000  0.02517321  0.04594301  0.04594301  0.05122725  0.05122725  0.25767745  0.24381281  0.26470779  0.26470779  0.26470779  0.27897078  0.24381281  0.15337869  0.06730877  0.07274738  0.07822602  0.06730877  0.06730877  0.07274738  
20_0_0     0.02517321  0.00000000  0.06190958  0.06190958  0.06730877  0.06730877  0.24381281  0.23020159  0.25071286  0.25071286  0.25071286  0.26470779  0.23020159  0.14732065  0.06190958  0.07822602  0.08374525  0.06190958  0.06190958  0.06730877  
18_0_0     0.04594301  0.06190958  0.00000000  0.00000000  0.00496702  0.00496702  0.25767745  0.24381281  0.26470779  0.25767745  0.26470779  0.27897078  0.24381281  0.16564467  0.10624060  0.11197224  0.11774834  0.10624060  0.10624060  0.11197224  
19_0_0     0.04594301  0.06190958  0.00000000  0.00000000  0.00496702  0.00496702  0.25767745  0.24381281  0.26470779  0.25767745  0.26470779  0.27897078  0.24381281  0.16564467  0.10624060  0.11197224  0.11774834  0.10624060  0.10624060  0.11197224  
17_0_0     0.05122725  0.06730877  0.00496702  0.00496702  0.00000000  0.00996740  0.25071286  0.23697610  0.25767745  0.25071286  0.25767745  0.27180514  0.23697610  0.15948643  0.11197224  0.11774834  0.12356960  0.11197224  0.11197224  0.11774834  
15_0_0     0.05122725  0.06730877  0.00496702  0.00496702  0.00996740  0.00000000  0.26470779  0.25071286  0.27180514  0.26470779  0.27180514  0.28620605  0.25071286  0.17185426  0.11197224  0.11774834  0.12356960  0.11197224  0.11197224  0.11774834  
1_0_0      0.25767745  0.24381281  0.25767745  0.25767745  0.25071286  0.26470779  0.00000000  0.00996740  0.00496702  0.00496702  0.00496702  0.02517321  0.00996740  0.11774834  0.21683471  0.22348816  0.21683471  0.21683471  0.21683471  0.21683471  
7_0_0      0.24381281  0.23020159  0.24381281  0.24381281  0.23697610  0.25071286  0.00996740  0.00000000  0.01500158  0.01500158  0.01500158  0.03548570  0.02007003  0.11774834  0.20370354  0.21024018  0.20370354  0.20370354  0.20370354  0.20370354  
10_0_0     0.26470779  0.25071286  0.26470779  0.26470779  0.25767745  0.27180514  0.00496702  0.01500158  0.00000000  0.00996740  0.00996740  0.03031160  0.01500158  0.12356960  0.22348816  0.23020159  0.22348816  0.22348816  0.22348816  0.22348816  
5_0_0      0.26470779  0.25071286  0.25767745  0.25767745  0.25071286  0.26470779  0.00496702  0.01500158  0.00996740  0.00000000  0.00996740  0.03031160  0.01500158  0.12356960  0.22348816  0.23020159  0.22348816  0.22348816  0.22348816  0.22348816  
4_0_0      0.26470779  0.25071286  0.26470779  0.26470779  0.25767745  0.27180514  0.00496702  0.01500158  0.00996740  0.00996740  0.00000000  0.03031160  0.01500158  0.12356960  0.22348816  0.23020159  0.22348816  0.22348816  0.22348816  0.22348816  
12_0_0     0.27897078  0.26470779  0.27897078  0.27897078  0.27180514  0.28620605  0.02517321  0.03548570  0.03031160  0.03031160  0.03031160  0.00000000  0.03548570  0.14732065  0.23697610  0.24381281  0.23697610  0.23697610  0.23697610  0.23697610  
8_0_0      0.24381281  0.23020159  0.24381281  0.24381281  0.23697610  0.25071286  0.00996740  0.02007003  0.01500158  0.01500158  0.01500158  0.03548570  0.00000000  0.11774834  0.20370354  0.21024018  0.21683471  0.20370354  0.20370354  0.21683471  
9_0_0      0.15337869  0.14732065  0.16564467  0.16564467  0.15948643  0.17185426  0.11774834  0.11774834  0.12356960  0.12356960  0.12356960  0.14732065  0.11774834  0.00000000  0.13535044  0.15337869  0.14732065  0.13535044  0.13535044  0.12943672  
13_0_0     0.06730877  0.06190958  0.10624060  0.10624060  0.11197224  0.11197224  0.21683471  0.20370354  0.22348816  0.22348816  0.22348816  0.23697610  0.20370354  0.13535044  0.00000000  0.01500158  0.02007003  0.00000000  0.00000000  0.01500158  
3_0_0      0.07274738  0.07822602  0.11197224  0.11197224  0.11774834  0.11774834  0.22348816  0.21024018  0.23020159  0.23020159  0.23020159  0.24381281  0.21024018  0.15337869  0.01500158  0.00000000  0.00496702  0.01500158  0.01500158  0.03031160  
6_0_0      0.07822602  0.08374525  0.11774834  0.11774834  0.12356960  0.12356960  0.21683471  0.20370354  0.22348816  0.22348816  0.22348816  0.23697610  0.21683471  0.14732065  0.02007003  0.00496702  0.00000000  0.02007003  0.02007003  0.02517321  
14_0_0     0.06730877  0.06190958  0.10624060  0.10624060  0.11197224  0.11197224  0.21683471  0.20370354  0.22348816  0.22348816  0.22348816  0.23697610  0.20370354  0.13535044  0.00000000  0.01500158  0.02007003  0.00000000  0.00000000  0.01500158  
2_0_0      0.06730877  0.06190958  0.10624060  0.10624060  0.11197224  0.11197224  0.21683471  0.20370354  0.22348816  0.22348816  0.22348816  0.23697610  0.20370354  0.13535044  0.00000000  0.01500158  0.02007003  0.00000000  0.00000000  0.01500158  
11_0_0     0.07274738  0.06730877  0.11197224  0.11197224  0.11774834  0.11774834  0.21683471  0.20370354  0.22348816  0.22348816  0.22348816  0.23697610  0.21683471  0.12943672  0.01500158  0.03031160  0.02517321  0.01500158  0.01500158  0.00000000  

