12
90_0_0     0.00000000  0.06370169  0.05050435  0.05707290  0.27043581  0.35496666  0.28838474  0.42830911  0.40658397  0.39596144  0.39596144  0.38549274  
90_3_0     0.06370169  0.00000000  0.03754363  0.05707290  0.29752914  0.36499947  0.31617246  0.40658397  0.38549274  0.35496666  0.35496666  0.34507119  
90_5_0     0.05050435  0.03754363  0.00000000  0.04399494  0.29752914  0.37517349  0.30679070  0.40658397  0.38549274  0.37517349  0.37517349  0.36499947  
90_4_0     0.05707290  0.05707290  0.04399494  0.00000000  0.27935457  0.36499947  0.29752914  0.43942152  0.41736493  0.40658397  0.40658397  0.39596144  
90_2_0     0.27043581  0.29752914  0.29752914  0.27935457  0.00000000  0.07714445  0.03754363  0.34507119  0.33530936  0.33530936  0.33530936  0.30679070  
90_6_0     0.35496666  0.36499947  0.37517349  0.36499947  0.07714445  0.00000000  0.07714445  0.31617246  0.34507119  0.32567758  0.32567758  0.29752914  
90_7_0     0.28838474  0.31617246  0.30679070  0.29752914  0.03754363  0.07714445  0.00000000  0.35496666  0.34507119  0.34507119  0.34507119  0.31617246  
40_13_0    0.42830911  0.40658397  0.40658397  0.43942152  0.34507119  0.31617246  0.35496666  0.00000000  0.04399494  0.09778925  0.09084194  0.07714445  
59_13_0    0.40658397  0.38549274  0.38549274  0.41736493  0.33530936  0.34507119  0.34507119  0.04399494  0.00000000  0.06370169  0.05707290  0.04399494  
41_12_0    0.39596144  0.35496666  0.37517349  0.40658397  0.33530936  0.32567758  0.34507119  0.09778925  0.06370169  0.00000000  0.00612342  0.03114939  
78_12_0    0.39596144  0.35496666  0.37517349  0.40658397  0.33530936  0.32567758  0.34507119  0.09084194  0.05707290  0.00612342  0.00000000  0.02481120  
40_12_0    0.38549274  0.34507119  0.36499947  0.39596144  0.30679070  0.29752914  0.31617246  0.07714445  0.04399494  0.03114939  0.02481120  0.00000000  

