20
19_0_0     0.00000000  0.00000000  0.12733669  0.12733669  0.12733669  0.17832276  0.10370081  0.15066966  0.15066966  0.13825881  0.23254658  0.12431132  0.12431132  0.12431132  0.14727073  0.14727073  0.15951813  0.15951813  0.16191935  0.17481619  
20_0_0     0.00000000  0.00000000  0.12733669  0.12733669  0.12733669  0.17832276  0.10370081  0.15066966  0.15066966  0.13825881  0.23254658  0.12431132  0.12431132  0.12431132  0.14727073  0.14727073  0.15951813  0.15951813  0.16191935  0.17481619  
8_0_0      0.12733669  0.12733669  0.00000000  0.00000000  0.20371031  0.17647409  0.18990337  0.20167293  0.20167293  0.18806095  0.27604364  0.22580521  0.22580521  0.22580521  0.25279560  0.25279560  0.26785753  0.26785753  0.21363793  0.19983821  
18_0_0     0.12733669  0.12733669  0.00000000  0.00000000  0.20371031  0.17647409  0.18990337  0.20167293  0.20167293  0.18806095  0.27604364  0.22580521  0.22580521  0.22580521  0.25279560  0.25279560  0.26785753  0.26785753  0.21363793  0.19983821  
15_0_0     0.12733669  0.12733669  0.20371031  0.20371031  0.00000000  0.17647409  0.16340237  0.20167293  0.20167293  0.18806095  0.26024095  0.21181250  0.21181250  0.21181250  0.23818200  0.23818200  0.25279560  0.25279560  0.17335051  0.18641576  
6_0_0      0.17832276  0.17832276  0.17647409  0.17647409  0.17647409  0.00000000  0.11434037  0.16191935  0.16191935  0.17481619  0.23008416  0.28614123  0.28614123  0.28614123  0.28339618  0.28339618  0.29944271  0.29944271  0.21363793  0.25752898  
14_0_0     0.10370081  0.10370081  0.18990337  0.18990337  0.16340237  0.11434037  0.00000000  0.16191935  0.16191935  0.14935262  0.23008416  0.21567307  0.21567307  0.21567307  0.24245845  0.24245845  0.25752898  0.25752898  0.20371031  0.18990337  
13_0_0     0.15066966  0.15066966  0.20167293  0.20167293  0.20167293  0.16191935  0.16191935  0.00000000  0.00000000  0.00952577  0.29585840  0.25752898  0.25752898  0.25752898  0.25504699  0.25504699  0.27034800  0.27034800  0.21567307  0.23008416  
9_0_0      0.15066966  0.15066966  0.20167293  0.20167293  0.20167293  0.16191935  0.16191935  0.00000000  0.00000000  0.00952577  0.29585840  0.25752898  0.25752898  0.25752898  0.25504699  0.25504699  0.27034800  0.27034800  0.21567307  0.23008416  
7_0_0      0.13825881  0.13825881  0.18806095  0.18806095  0.18806095  0.17481619  0.14935262  0.00952577  0.00952577  0.00000000  0.31304964  0.24245845  0.24245845  0.24245845  0.27034800  0.27034800  0.28614123  0.28614123  0.23008416  0.21567307  
16_0_0     0.23254658  0.23254658  0.27604364  0.27604364  0.26024095  0.23008416  0.23008416  0.29585840  0.29585840  0.31304964  0.00000000  0.19983821  0.19983821  0.19983821  0.19820753  0.19820753  0.21181250  0.18496942  0.18806095  0.20167293  
1_0_0      0.12431132  0.12431132  0.22580521  0.22580521  0.21181250  0.28614123  0.21567307  0.25752898  0.25752898  0.24245845  0.19983821  0.00000000  0.00000000  0.00000000  0.01911922  0.01911922  0.02892870  0.02892870  0.08115068  0.09229630  
2_0_0      0.12431132  0.12431132  0.22580521  0.22580521  0.21181250  0.28614123  0.21567307  0.25752898  0.25752898  0.24245845  0.19983821  0.00000000  0.00000000  0.00000000  0.01911922  0.01911922  0.02892870  0.02892870  0.08115068  0.09229630  
3_0_0      0.12431132  0.12431132  0.22580521  0.22580521  0.21181250  0.28614123  0.21567307  0.25752898  0.25752898  0.24245845  0.19983821  0.00000000  0.00000000  0.00000000  0.01911922  0.01911922  0.02892870  0.02892870  0.08115068  0.09229630  
10_0_0     0.14727073  0.14727073  0.25279560  0.25279560  0.23818200  0.28339618  0.24245845  0.25504699  0.25504699  0.27034800  0.19820753  0.01911922  0.01911922  0.01911922  0.00000000  0.00000000  0.00952577  0.00952577  0.08051497  0.11434037  
4_0_0      0.14727073  0.14727073  0.25279560  0.25279560  0.23818200  0.28339618  0.24245845  0.25504699  0.25504699  0.27034800  0.19820753  0.01911922  0.01911922  0.01911922  0.00000000  0.00000000  0.00952577  0.00952577  0.08051497  0.11434037  
12_0_0     0.15951813  0.15951813  0.26785753  0.26785753  0.25279560  0.29944271  0.25752898  0.27034800  0.27034800  0.28614123  0.21181250  0.02892870  0.02892870  0.02892870  0.00952577  0.00952577  0.00000000  0.01924002  0.06973859  0.10280436  
5_0_0      0.15951813  0.15951813  0.26785753  0.26785753  0.25279560  0.29944271  0.25752898  0.27034800  0.27034800  0.28614123  0.18496942  0.02892870  0.02892870  0.02892870  0.00952577  0.00952577  0.01924002  0.00000000  0.09153319  0.12615395  
17_0_0     0.16191935  0.16191935  0.21363793  0.21363793  0.17335051  0.21363793  0.20371031  0.21567307  0.21567307  0.23008416  0.18806095  0.08115068  0.08115068  0.08115068  0.08051497  0.08051497  0.06973859  0.09153319  0.00000000  0.02915035  
11_0_0     0.17481619  0.17481619  0.19983821  0.19983821  0.18641576  0.25752898  0.18990337  0.23008416  0.23008416  0.21567307  0.20167293  0.09229630  0.09229630  0.09229630  0.11434037  0.11434037  0.10280436  0.12615395  0.02915035  0.00000000  

