20
19_0_0     0.00000000  0.00952468  0.13599515  0.12421501  0.14916269  0.06970603  0.09146658  0.13694716  0.13694716  0.14916269  0.22734782  0.13599515  0.14806139  0.13599515  0.17311024  0.16042797  0.16042797  0.14806139  0.17187600  0.17187600  
20_0_0     0.00952468  0.00000000  0.13599515  0.12421501  0.16168614  0.08046718  0.10271502  0.14916269  0.14916269  0.16168614  0.24188562  0.14806139  0.13599515  0.14806139  0.16042797  0.17311024  0.17311024  0.16042797  0.18472116  0.18472116  
8_0_0      0.13599515  0.13599515  0.00000000  0.00952468  0.12357917  0.13599515  0.11270771  0.14714097  0.14714097  0.13522041  0.18351317  0.20988774  0.20988774  0.20988774  0.22361934  0.22361934  0.22361934  0.20988774  0.20853010  0.20853010  
18_0_0     0.12421501  0.12421501  0.00952468  0.00000000  0.13522041  0.12421501  0.10146091  0.13522041  0.13522041  0.14714097  0.19652547  0.19652547  0.19652547  0.19652547  0.20988774  0.20988774  0.20988774  0.19652547  0.19534626  0.19534626  
15_0_0     0.14916269  0.16168614  0.12357917  0.13522041  0.00000000  0.09220934  0.09220934  0.11422402  0.11422402  0.10271502  0.18772176  0.14916269  0.16168614  0.14916269  0.16168614  0.14916269  0.14916269  0.16168614  0.18612473  0.18612473  
6_0_0      0.06970603  0.08046718  0.13599515  0.12421501  0.09220934  0.00000000  0.03924584  0.08108602  0.08108602  0.09220934  0.17614365  0.11422402  0.12600595  0.11422402  0.15044263  0.13807407  0.13807407  0.12600595  0.14916269  0.14916269  
14_0_0     0.09146658  0.10271502  0.11270771  0.10146091  0.09220934  0.03924584  0.00000000  0.05955969  0.05955969  0.07020628  0.17614365  0.11422402  0.12600595  0.11422402  0.15044263  0.13807407  0.13807407  0.12600595  0.12502476  0.12502476  
13_0_0     0.13694716  0.14916269  0.14714097  0.13522041  0.11422402  0.08108602  0.05955969  0.00000000  0.00000000  0.00952468  0.20126973  0.13694716  0.14916269  0.13694716  0.14916269  0.13694716  0.13694716  0.14916269  0.10146091  0.10146091  
9_0_0      0.13694716  0.14916269  0.14714097  0.13522041  0.11422402  0.08108602  0.05955969  0.00000000  0.00000000  0.00952468  0.20126973  0.13694716  0.14916269  0.13694716  0.14916269  0.13694716  0.13694716  0.14916269  0.10146091  0.10146091  
7_0_0      0.14916269  0.16168614  0.13522041  0.14714097  0.10271502  0.09220934  0.07020628  0.00952468  0.00952468  0.00000000  0.18772176  0.14916269  0.16168614  0.14916269  0.16168614  0.14916269  0.14916269  0.16168614  0.11270771  0.11270771  
16_0_0     0.22734782  0.24188562  0.18351317  0.19652547  0.18772176  0.17614365  0.17614365  0.20126973  0.20126973  0.18772176  0.00000000  0.20324699  0.21737406  0.20324699  0.21737406  0.20324699  0.20324699  0.18951053  0.22952699  0.22952699  
1_0_0      0.13599515  0.14806139  0.20988774  0.19652547  0.14916269  0.11422402  0.11422402  0.13694716  0.13694716  0.14916269  0.20324699  0.00000000  0.00952468  0.00000000  0.02913995  0.01923552  0.01923552  0.00952468  0.05955969  0.05955969  
2_0_0      0.14806139  0.13599515  0.20988774  0.19652547  0.16168614  0.12600595  0.12600595  0.14916269  0.14916269  0.16168614  0.21737406  0.00952468  0.00000000  0.00952468  0.01923552  0.02913995  0.02913995  0.01923552  0.07020628  0.07020628  
3_0_0      0.13599515  0.14806139  0.20988774  0.19652547  0.14916269  0.11422402  0.11422402  0.13694716  0.13694716  0.14916269  0.20324699  0.00000000  0.00952468  0.00000000  0.02913995  0.01923552  0.01923552  0.00952468  0.05955969  0.05955969  
10_0_0     0.17311024  0.16042797  0.22361934  0.20988774  0.16168614  0.15044263  0.15044263  0.14916269  0.14916269  0.16168614  0.21737406  0.02913995  0.01923552  0.02913995  0.00000000  0.00952468  0.00952468  0.01923552  0.04913645  0.04913645  
4_0_0      0.16042797  0.17311024  0.22361934  0.20988774  0.14916269  0.13807407  0.13807407  0.13694716  0.13694716  0.14916269  0.20324699  0.01923552  0.02913995  0.01923552  0.00952468  0.00000000  0.00000000  0.00952468  0.03892740  0.03892740  
12_0_0     0.16042797  0.17311024  0.22361934  0.20988774  0.14916269  0.13807407  0.13807407  0.13694716  0.13694716  0.14916269  0.20324699  0.01923552  0.02913995  0.01923552  0.00952468  0.00000000  0.00000000  0.00952468  0.03892740  0.03892740  
5_0_0      0.14806139  0.16042797  0.20988774  0.19652547  0.16168614  0.12600595  0.12600595  0.14916269  0.14916269  0.16168614  0.18951053  0.00952468  0.01923552  0.00952468  0.01923552  0.00952468  0.00952468  0.00000000  0.04913645  0.04913645  
17_0_0     0.17187600  0.18472116  0.20853010  0.19534626  0.18612473  0.14916269  0.12502476  0.10146091  0.10146091  0.11270771  0.22952699  0.05955969  0.07020628  0.05955969  0.04913645  0.03892740  0.03892740  0.04913645  0.00000000  0.00000000  
11_0_0     0.17187600  0.18472116  0.20853010  0.19534626  0.18612473  0.14916269  0.12502476  0.10146091  0.10146091  0.11270771  0.22952699  0.05955969  0.07020628  0.05955969  0.04913645  0.03892740  0.03892740  0.04913645  0.00000000  0.00000000  

