19
46_0_0     0.00000000  0.30771014  0.31388193  0.32010534  0.35857980  0.33271046  0.31388193  0.36519011  0.35202768  0.37185965  0.31388193  0.39915203  0.34553275  0.35857980  0.31388193  0.32638122  0.37858950  0.35202768  0.39915203  
81_0_0     0.30771014  0.00000000  0.11874394  0.11399098  0.14791727  0.13318768  0.14297495  0.14297495  0.10926818  0.12834189  0.26588374  0.35857980  0.28949599  0.33271046  0.32010534  0.38538075  0.41318292  0.37858950  0.36519011  
82_2_0     0.31388193  0.11874394  0.00000000  0.04180263  0.12352744  0.11399098  0.11874394  0.16802144  0.13318768  0.15289264  0.20456583  0.35202768  0.31388193  0.33909399  0.29551798  0.33909399  0.39223454  0.33271046  0.37185965  
82_0_0     0.32010534  0.11399098  0.04180263  0.00000000  0.14297495  0.11874394  0.11874394  0.15790148  0.13806523  0.14791727  0.23738435  0.33909399  0.29551798  0.34553275  0.31388193  0.36519011  0.39223454  0.34553275  0.35857980  
89_0_0     0.35857980  0.14791727  0.12352744  0.14297495  0.00000000  0.17828090  0.16802144  0.21534535  0.18868375  0.23738435  0.26009589  0.37185965  0.35857980  0.37858950  0.35857980  0.41318292  0.42748340  0.39223454  0.40613441  
35_0_0     0.33271046  0.13318768  0.11399098  0.11874394  0.17828090  0.00000000  0.03325217  0.18346415  0.13806523  0.15790148  0.27759623  0.34553275  0.30771014  0.32638122  0.30771014  0.39223454  0.42029881  0.39915203  0.40613441  
74_0_0     0.31388193  0.14297495  0.11874394  0.11874394  0.16802144  0.03325217  0.00000000  0.18346415  0.15790148  0.17828090  0.28352233  0.35857980  0.32638122  0.33909399  0.33271046  0.40613441  0.42029881  0.40613441  0.41318292  
44_0_0     0.36519011  0.14297495  0.16802144  0.15790148  0.21534535  0.18346415  0.18346415  0.00000000  0.12352744  0.15289264  0.24299759  0.40613441  0.37858950  0.35857980  0.38538075  0.46448494  0.42029881  0.40613441  0.38538075  
91_0_0     0.35202768  0.10926818  0.13318768  0.13806523  0.18868375  0.13806523  0.15790148  0.12352744  0.00000000  0.05920400  0.26588374  0.37858950  0.31388193  0.32010534  0.32010534  0.41318292  0.36519011  0.34553275  0.37858950  
80_0_0     0.37185965  0.12834189  0.15289264  0.14791727  0.23738435  0.15790148  0.17828090  0.15289264  0.05920400  0.00000000  0.30158910  0.39915203  0.30771014  0.36519011  0.30771014  0.44206403  0.39223454  0.37185965  0.39915203  
63_0_0     0.31388193  0.26588374  0.20456583  0.23738435  0.26009589  0.27759623  0.28352233  0.24299759  0.26588374  0.30158910  0.00000000  0.32638122  0.32638122  0.30158910  0.32010534  0.37185965  0.37185965  0.33909399  0.38538075  
98_1_0     0.39915203  0.35857980  0.35202768  0.33909399  0.37185965  0.34553275  0.35857980  0.40613441  0.37858950  0.39915203  0.32638122  0.00000000  0.27171695  0.28352233  0.26009589  0.33271046  0.30771014  0.30771014  0.28949599  
77_1_0     0.34553275  0.28949599  0.31388193  0.29551798  0.35857980  0.30771014  0.32638122  0.37858950  0.31388193  0.30771014  0.32638122  0.27171695  0.00000000  0.26588374  0.22628328  0.35857980  0.28949599  0.26588374  0.28352233  
98_0_0     0.35857980  0.33271046  0.33909399  0.34553275  0.37858950  0.32638122  0.33909399  0.35857980  0.32010534  0.36519011  0.30158910  0.28352233  0.26588374  0.00000000  0.19923406  0.30771014  0.30158910  0.26588374  0.32010534  
58_0_0     0.31388193  0.32010534  0.29551798  0.31388193  0.35857980  0.30771014  0.33271046  0.38538075  0.32010534  0.30771014  0.32010534  0.26009589  0.22628328  0.19923406  0.00000000  0.25435271  0.27759623  0.23181311  0.32010534  
41_0_0     0.32638122  0.38538075  0.33909399  0.36519011  0.41318292  0.39223454  0.40613441  0.46448494  0.41318292  0.44206403  0.37185965  0.33271046  0.35857980  0.30771014  0.25435271  0.00000000  0.15790148  0.11874394  0.25435271  
64_0_0     0.37858950  0.41318292  0.39223454  0.39223454  0.42748340  0.42029881  0.42029881  0.42029881  0.36519011  0.39223454  0.37185965  0.30771014  0.28949599  0.30158910  0.27759623  0.15790148  0.00000000  0.05481537  0.24299759  
94_0_0     0.35202768  0.37858950  0.33271046  0.34553275  0.39223454  0.39915203  0.40613441  0.40613441  0.34553275  0.37185965  0.33909399  0.30771014  0.26588374  0.26588374  0.23181311  0.11874394  0.05481537  0.00000000  0.25435271  
77_0_0     0.39915203  0.36519011  0.37185965  0.35857980  0.40613441  0.40613441  0.41318292  0.38538075  0.37858950  0.39915203  0.38538075  0.28949599  0.28352233  0.32010534  0.32010534  0.25435271  0.24299759  0.25435271  0.00000000  

