20
94_0_0     0.00000000  0.24193871  0.24193871  0.24193871  0.20095165  0.19302228  0.20095165  0.25899762  0.22526784  0.37063844  0.37063844  0.40142409  0.37063844  0.39101787  0.38075732  0.37063844  0.47872397  0.42269057  0.42269057  0.38075732  
92_0_0     0.24193871  0.00000000  0.00000000  0.00000000  0.20896774  0.24193871  0.25899762  0.26767832  0.27646306  0.41198020  0.41198020  0.42269057  0.41198020  0.41198020  0.40142409  0.39101787  0.51452276  0.47872397  0.46716933  0.39101787  
98_0_0     0.24193871  0.00000000  0.00000000  0.00000000  0.20896774  0.24193871  0.25899762  0.26767832  0.27646306  0.41198020  0.41198020  0.42269057  0.41198020  0.41198020  0.40142409  0.39101787  0.51452276  0.47872397  0.46716933  0.39101787  
96_0_0     0.24193871  0.00000000  0.00000000  0.00000000  0.20896774  0.24193871  0.25899762  0.26767832  0.27646306  0.41198020  0.41198020  0.42269057  0.41198020  0.41198020  0.40142409  0.39101787  0.51452276  0.47872397  0.46716933  0.39101787  
93_0_0     0.20095165  0.20896774  0.20896774  0.20896774  0.00000000  0.08335291  0.13979620  0.23355588  0.20095165  0.35081039  0.35081039  0.38075732  0.35081039  0.37063844  0.36065737  0.35081039  0.43355977  0.39101787  0.39101787  0.39101787  
95_0_0     0.19302228  0.24193871  0.24193871  0.24193871  0.08335291  0.00000000  0.13249845  0.29435487  0.25899762  0.35081039  0.35081039  0.38075732  0.35081039  0.38075732  0.36065737  0.35081039  0.45579404  0.35081039  0.35081039  0.39101787  
100_0_0    0.20095165  0.25899762  0.25899762  0.25899762  0.13979620  0.13249845  0.00000000  0.33150465  0.29435487  0.41198020  0.41198020  0.44459259  0.41198020  0.45579404  0.44459259  0.43355977  0.49046368  0.44459259  0.44459259  0.43355977  
97_0_0     0.25899762  0.26767832  0.26767832  0.26767832  0.23355588  0.29435487  0.33150465  0.00000000  0.03729671  0.35081039  0.35081039  0.38075732  0.35081039  0.35081039  0.34109395  0.33150465  0.40142409  0.42269057  0.42269057  0.35081039  
99_0_0     0.22526784  0.27646306  0.27646306  0.27646306  0.20095165  0.25899762  0.29435487  0.03729671  0.00000000  0.31269441  0.31269441  0.34109395  0.31269441  0.33150465  0.32203919  0.31269441  0.38075732  0.38075732  0.38075732  0.31269441  
82_0_0     0.37063844  0.41198020  0.41198020  0.41198020  0.35081039  0.35081039  0.41198020  0.35081039  0.31269441  0.00000000  0.00000000  0.01841114  0.01222256  0.04370161  0.03094730  0.03729671  0.17741635  0.16973625  0.16973625  0.05016298  
72_0_0     0.37063844  0.41198020  0.41198020  0.41198020  0.35081039  0.35081039  0.41198020  0.35081039  0.31269441  0.00000000  0.00000000  0.01841114  0.01222256  0.04370161  0.03094730  0.03729671  0.17741635  0.16973625  0.16973625  0.05016298  
67_0_0     0.40142409  0.42269057  0.42269057  0.42269057  0.38075732  0.38075732  0.44459259  0.38075732  0.34109395  0.01841114  0.01841114  0.00000000  0.03094730  0.06325915  0.05016298  0.05668182  0.20095165  0.19302228  0.19302228  0.06989605  
3_0_0      0.37063844  0.41198020  0.41198020  0.41198020  0.35081039  0.35081039  0.41198020  0.35081039  0.31269441  0.01222256  0.01222256  0.03094730  0.00000000  0.04370161  0.03094730  0.03729671  0.17741635  0.16973625  0.16973625  0.05016298  
19_0_0     0.39101787  0.41198020  0.41198020  0.41198020  0.37063844  0.38075732  0.45579404  0.35081039  0.33150465  0.04370161  0.04370161  0.06325915  0.04370161  0.00000000  0.01222256  0.01841114  0.20095165  0.19302228  0.19302228  0.06989605  
73_0_0     0.38075732  0.40142409  0.40142409  0.40142409  0.36065737  0.36065737  0.44459259  0.34109395  0.32203919  0.03094730  0.03094730  0.05016298  0.03094730  0.01222256  0.00000000  0.00608580  0.18517778  0.17741635  0.17741635  0.05668182  
86_0_0     0.37063844  0.39101787  0.39101787  0.39101787  0.35081039  0.35081039  0.43355977  0.33150465  0.31269441  0.03729671  0.03729671  0.05668182  0.03729671  0.01841114  0.00608580  0.00000000  0.19302228  0.16973625  0.16973625  0.06325915  
49_0_0     0.47872397  0.51452276  0.51452276  0.51452276  0.43355977  0.45579404  0.49046368  0.40142409  0.38075732  0.17741635  0.17741635  0.20095165  0.17741635  0.20095165  0.18517778  0.19302228  0.00000000  0.14716733  0.14716733  0.20896774  
51_0_0     0.42269057  0.47872397  0.47872397  0.47872397  0.39101787  0.35081039  0.44459259  0.42269057  0.38075732  0.16973625  0.16973625  0.19302228  0.16973625  0.19302228  0.17741635  0.16973625  0.14716733  0.00000000  0.00608580  0.18517778  
44_0_0     0.42269057  0.46716933  0.46716933  0.46716933  0.39101787  0.35081039  0.44459259  0.42269057  0.38075732  0.16973625  0.16973625  0.19302228  0.16973625  0.19302228  0.17741635  0.16973625  0.14716733  0.00608580  0.00000000  0.18517778  
8_0_0      0.38075732  0.39101787  0.39101787  0.39101787  0.39101787  0.39101787  0.43355977  0.35081039  0.31269441  0.05016298  0.05016298  0.06989605  0.05016298  0.06989605  0.05668182  0.06325915  0.20896774  0.18517778  0.18517778  0.00000000  

