fastme_mat.p : 4.813687324523926
fastme.f81 : 7.046895265579224
ba.exp : 39.720802783966064
pipeline_dl4683309 : 52.7518413066864
