fastme_mat.p : 1.1207996367177964
fastme.f81 : 3.2066652546167376
ba.exp : 20.16976865224886
