20
11_0_0     0.00000000  0.01157323  0.14471885  0.11559721  0.15931540  0.15931540  0.15931540  0.16730511  0.24433088  0.23678452  0.22750240  0.21110382  0.20650396  0.19928764  0.19928764  0.35287093  0.32154394  0.33271928  0.31895199  0.31895199  
17_0_0     0.01157323  0.00000000  0.14471885  0.13043642  0.17543635  0.17543635  0.17543635  0.18371420  0.26366312  0.25593151  0.24625820  0.22931657  0.22414901  0.21677824  0.21677824  0.35287093  0.32154394  0.33271928  0.31895199  0.31895199  
16_0_0     0.14471885  0.14471885  0.00000000  0.11559721  0.17543635  0.17543635  0.17543635  0.18371420  0.22577996  0.21840424  0.22750240  0.19358614  0.26161413  0.25389524  0.25389524  0.30818062  0.27937931  0.25011738  0.27730467  0.27730467  
20_0_0     0.11559721  0.13043642  0.11559721  0.00000000  0.12952112  0.11481044  0.11481044  0.12210686  0.19214407  0.18507176  0.19358614  0.16163634  0.17424109  0.15146236  0.15146236  0.26941665  0.24249948  0.23323256  0.24076371  0.24076371  
14_0_0     0.15931540  0.17543635  0.17543635  0.12952112  0.00000000  0.01157323  0.01157323  0.01747113  0.18951208  0.18243904  0.19078605  0.15931540  0.20514580  0.18124632  0.18124632  0.32736626  0.27730467  0.32998217  0.31647751  0.31647751  
2_0_0      0.15931540  0.17543635  0.17543635  0.11481044  0.01157323  0.00000000  0.00000000  0.00575015  0.18951208  0.18243904  0.19078605  0.15931540  0.20514580  0.18124632  0.18124632  0.30584106  0.25781718  0.30818062  0.29544547  0.29544547  
3_0_0      0.15931540  0.17543635  0.17543635  0.11481044  0.01157323  0.00000000  0.00000000  0.00575015  0.18951208  0.18243904  0.19078605  0.15931540  0.20514580  0.18124632  0.18124632  0.30584106  0.25781718  0.30818062  0.29544547  0.29544547  
1_0_0      0.16730511  0.18371420  0.18371420  0.12210686  0.01747113  0.00575015  0.00575015  0.00000000  0.19792941  0.19078605  0.19928764  0.16730511  0.19665696  0.18951208  0.18951208  0.29544547  0.24837512  0.29765621  0.28528009  0.28528009  
4_0_0      0.24433088  0.26366312  0.22577996  0.19214407  0.18951208  0.18951208  0.18951208  0.19792941  0.00000000  0.00573966  0.01152309  0.02323960  0.11287415  0.09257803  0.09257803  0.38276077  0.34995061  0.38605771  0.37058397  0.35872183  
12_0_0     0.23678452  0.25593151  0.21840424  0.18507176  0.18243904  0.18243904  0.18243904  0.19078605  0.00573966  0.00000000  0.00575015  0.01738031  0.10638577  0.08624588  0.08624588  0.37370376  0.34128392  0.37696105  0.36167358  0.34995061  
10_0_0     0.22750240  0.24625820  0.22750240  0.19358614  0.19078605  0.19078605  0.19078605  0.19928764  0.01152309  0.00575015  0.00000000  0.02331323  0.11344857  0.09305117  0.09305117  0.38605771  0.35287093  0.38949738  0.37370376  0.36167358  
5_0_0      0.21110382  0.22931657  0.19358614  0.16163634  0.15931540  0.15931540  0.15931540  0.16730511  0.02323960  0.01738031  0.02331323  0.00000000  0.08624588  0.06674560  0.06674560  0.35287093  0.32154394  0.35592076  0.34128392  0.32998217  
7_0_0      0.20650396  0.22414901  0.26161413  0.17424109  0.20514580  0.20514580  0.20514580  0.19665696  0.11287415  0.10638577  0.11344857  0.08624588  0.00000000  0.02932383  0.02932383  0.32249421  0.29334492  0.34715850  0.31187771  0.32249421  
13_0_0     0.19928764  0.21677824  0.25389524  0.15146236  0.18124632  0.18124632  0.18124632  0.18951208  0.09257803  0.08624588  0.09305117  0.06674560  0.02932383  0.00000000  0.00000000  0.32487056  0.29544547  0.34995061  0.31411966  0.32487056  
9_0_0      0.19928764  0.21677824  0.25389524  0.15146236  0.18124632  0.18124632  0.18124632  0.18951208  0.09257803  0.08624588  0.09305117  0.06674560  0.02932383  0.00000000  0.00000000  0.32487056  0.29544547  0.34995061  0.31411966  0.32487056  
6_0_0      0.35287093  0.35287093  0.30818062  0.26941665  0.32736626  0.30584106  0.30584106  0.29544547  0.38276077  0.37370376  0.38605771  0.35287093  0.32249421  0.32487056  0.32487056  0.00000000  0.02932383  0.03541417  0.04138262  0.05388898  
19_0_0     0.32154394  0.32154394  0.27937931  0.24249948  0.27730467  0.25781718  0.25781718  0.24837512  0.34995061  0.34128392  0.35287093  0.32154394  0.29334492  0.29544547  0.29544547  0.02932383  0.00000000  0.02949923  0.03541417  0.04784274  
15_0_0     0.33271928  0.33271928  0.25011738  0.23323256  0.32998217  0.30818062  0.30818062  0.29765621  0.38605771  0.37696105  0.38949738  0.35592076  0.34715850  0.34995061  0.34995061  0.03541417  0.02949923  0.00000000  0.04158640  0.05418553  
8_0_0      0.31895199  0.31895199  0.27730467  0.24076371  0.31647751  0.29544547  0.29544547  0.28528009  0.37058397  0.36167358  0.37370376  0.34128392  0.31187771  0.31411966  0.31411966  0.04138262  0.03541417  0.04158640  0.00000000  0.01157323  
18_0_0     0.31895199  0.31895199  0.27730467  0.24076371  0.31647751  0.29544547  0.29544547  0.28528009  0.35872183  0.34995061  0.36167358  0.32998217  0.32249421  0.32487056  0.32487056  0.05388898  0.04784274  0.05418553  0.01157323  0.00000000  

