20
11_0_0     0.00000000  0.02343961  0.18336064  0.16819218  0.12852460  0.13597241  0.13597241  0.12852460  0.19755859  0.19755859  0.19755859  0.21337322  0.21478688  0.22364711  0.22364711  0.25898370  0.26675931  0.26088444  0.28867107  0.27068043  
17_0_0     0.02343961  0.00000000  0.16702062  0.15226280  0.12852460  0.13597241  0.13597241  0.12852460  0.19755859  0.19755859  0.19755859  0.22214352  0.19755859  0.20609274  0.20609274  0.27856266  0.28653163  0.28068780  0.30957388  0.29091588  
16_0_0     0.18336064  0.16702062  0.00000000  0.10822680  0.16015910  0.16819218  0.16819218  0.16015910  0.24367967  0.24367967  0.24367967  0.27068043  0.20750538  0.21628789  0.21628789  0.28068780  0.26866987  0.28291602  0.29091588  0.27279138  
20_0_0     0.16819218  0.15226280  0.10822680  0.00000000  0.13024636  0.13782483  0.13782483  0.13024636  0.19175174  0.19175174  0.19175174  0.21628789  0.17511867  0.16702062  0.16702062  0.25318197  0.26088444  0.27500320  0.23436816  0.24556072  
14_0_0     0.12852460  0.12852460  0.16015910  0.13024636  0.00000000  0.00574978  0.00574978  0.00000000  0.12777091  0.12777091  0.12777091  0.14941004  0.11334620  0.12050248  0.12050248  0.25129108  0.24019791  0.23436816  0.27068043  0.26288304  
2_0_0      0.13597241  0.13597241  0.16819218  0.13782483  0.00574978  0.00000000  0.01157174  0.00574978  0.13515507  0.13515507  0.13515507  0.15709562  0.12050248  0.12777091  0.12777091  0.26088444  0.24949569  0.24367967  0.28068780  0.27279138  
3_0_0      0.13597241  0.13597241  0.16819218  0.13782483  0.00574978  0.01157174  0.00000000  0.00574978  0.13515507  0.13515507  0.13515507  0.15709562  0.12050248  0.12777091  0.12777091  0.26088444  0.24949569  0.24367967  0.28068780  0.27279138  
1_0_0      0.12852460  0.12852460  0.16015910  0.13024636  0.00000000  0.00574978  0.00574978  0.00000000  0.12777091  0.12777091  0.12777091  0.14941004  0.11334620  0.12050248  0.12050248  0.25129108  0.24019791  0.23436816  0.27068043  0.26288304  
4_0_0      0.19755859  0.19755859  0.24367967  0.19175174  0.12777091  0.13515507  0.13515507  0.12777091  0.00000000  0.00000000  0.00000000  0.01737856  0.04812720  0.05451005  0.05451005  0.27500320  0.30385353  0.29828878  0.29572401  0.28768407  
12_0_0     0.19755859  0.19755859  0.24367967  0.19175174  0.12777091  0.13515507  0.13515507  0.12777091  0.00000000  0.00000000  0.00000000  0.01737856  0.04812720  0.05451005  0.05451005  0.27500320  0.30385353  0.29828878  0.29572401  0.28768407  
10_0_0     0.19755859  0.19755859  0.24367967  0.19175174  0.12777091  0.13515507  0.13515507  0.12777091  0.00000000  0.00000000  0.00000000  0.01737856  0.04812720  0.05451005  0.05451005  0.27500320  0.30385353  0.29828878  0.29572401  0.28768407  
5_0_0      0.21337322  0.22214352  0.27068043  0.21628789  0.14941004  0.15709562  0.15709562  0.14941004  0.01737856  0.01737856  0.01737856  0.00000000  0.06709577  0.07370259  0.07370259  0.29326663  0.32302743  0.31741405  0.31468776  0.30644224  
7_0_0      0.21478688  0.19755859  0.20750538  0.17511867  0.11334620  0.12050248  0.12050248  0.11334620  0.04812720  0.04812720  0.04812720  0.06709577  0.00000000  0.00574978  0.00574978  0.25516869  0.26288304  0.25725160  0.27500320  0.26717552  
13_0_0     0.22364711  0.20609274  0.21628789  0.16702062  0.12050248  0.12777091  0.12777091  0.12050248  0.05451005  0.05451005  0.05451005  0.07370259  0.00574978  0.00000000  0.00000000  0.24556072  0.25318197  0.24753558  0.26497992  0.25725160  
9_0_0      0.22364711  0.20609274  0.21628789  0.16702062  0.12050248  0.12777091  0.12777091  0.12050248  0.05451005  0.05451005  0.05451005  0.07370259  0.00574978  0.00000000  0.00000000  0.24556072  0.25318197  0.24753558  0.26497992  0.25725160  
6_0_0      0.25898370  0.27856266  0.28068780  0.25318197  0.25129108  0.26088444  0.26088444  0.25129108  0.27500320  0.27500320  0.27500320  0.29326663  0.25516869  0.24556072  0.24556072  0.00000000  0.03515123  0.04157128  0.03524762  0.02330946  
19_0_0     0.26675931  0.28653163  0.26866987  0.26088444  0.24019791  0.24949569  0.24949569  0.24019791  0.30385353  0.30385353  0.30385353  0.32302743  0.26288304  0.25318197  0.25318197  0.03515123  0.00000000  0.02920362  0.04739343  0.03524762  
15_0_0     0.26088444  0.28068780  0.28291602  0.27500320  0.23436816  0.24367967  0.24367967  0.23436816  0.29828878  0.29828878  0.29828878  0.31741405  0.25725160  0.24753558  0.24753558  0.04157128  0.02920362  0.00000000  0.05415796  0.04183102  
8_0_0      0.28867107  0.30957388  0.29091588  0.23436816  0.27068043  0.28068780  0.28068780  0.27068043  0.29572401  0.29572401  0.29572401  0.31468776  0.27500320  0.26497992  0.26497992  0.03524762  0.04739343  0.05415796  0.00000000  0.01152255  
18_0_0     0.27068043  0.29091588  0.27279138  0.24556072  0.26288304  0.27279138  0.27279138  0.26288304  0.28768407  0.28768407  0.28768407  0.30644224  0.26717552  0.25725160  0.25725160  0.02330946  0.03524762  0.04183102  0.01152255  0.00000000  

