20
11_0_0     0.00000000  0.02328642  0.13563087  0.15069515  0.16068398  0.15379954  0.15379954  0.16127274  0.12172179  0.12172179  0.13645194  0.10041384  0.21457115  0.20600123  0.20600123  0.27028026  0.25053514  0.26099214  0.25956962  0.25956962  
17_0_0     0.02328642  0.00000000  0.12903232  0.14398397  0.15379954  0.14698230  0.14698230  0.15440006  0.10808385  0.11523691  0.12985936  0.10808385  0.22477658  0.21597876  0.21597876  0.26249756  0.24292076  0.27187376  0.27028026  0.27028026  
16_0_0     0.13563087  0.12903232  0.00000000  0.09985366  0.14698230  0.14023088  0.14023088  0.14759402  0.12172179  0.11451720  0.12903232  0.12172179  0.22329138  0.21457115  0.21457115  0.27974520  0.27814651  0.32997738  0.28770190  0.28770190  
20_0_0     0.15069515  0.14398397  0.09985366  0.00000000  0.17585870  0.16885998  0.16885998  0.17656480  0.13645194  0.12903232  0.14398397  0.12172179  0.18929219  0.18114363  0.18114363  0.32997738  0.30738188  0.34066285  0.29744453  0.31752192  
14_0_0     0.16068398  0.15379954  0.14698230  0.17585870  0.00000000  0.00573900  0.00573900  0.01151960  0.14643701  0.13918191  0.15379954  0.14643701  0.23184175  0.22334790  0.22334790  0.35147541  0.33907466  0.39615116  0.33907466  0.33907466  
2_0_0      0.15379954  0.14698230  0.14023088  0.16885998  0.00573900  0.00000000  0.00000000  0.00574738  0.14698230  0.13967358  0.15440006  0.14698230  0.22437679  0.21595448  0.21595448  0.34283973  0.33055797  0.38702168  0.33055797  0.33055797  
3_0_0      0.15379954  0.14698230  0.14023088  0.16885998  0.00573900  0.00000000  0.00000000  0.00574738  0.14698230  0.13967358  0.15440006  0.14698230  0.22437679  0.21595448  0.21595448  0.34283973  0.33055797  0.38702168  0.33055797  0.33055797  
1_0_0      0.16127274  0.15440006  0.14759402  0.17656480  0.01151960  0.00574738  0.00574738  0.00000000  0.13967358  0.13247074  0.14698230  0.13967358  0.23294423  0.20767247  0.20767247  0.35352262  0.34090670  0.39870909  0.34090670  0.34090670  
4_0_0      0.12172179  0.10808385  0.12172179  0.13645194  0.14643701  0.14698230  0.14698230  0.13967358  0.00000000  0.00574738  0.01744536  0.03552517  0.13563087  0.11385715  0.11385715  0.33217838  0.30927164  0.34298058  0.28939382  0.28939382  
12_0_0     0.12172179  0.11523691  0.11451720  0.12903232  0.13918191  0.13967358  0.13967358  0.13247074  0.00574738  0.00000000  0.01156197  0.02942523  0.12826651  0.10680610  0.10680610  0.32160588  0.29923340  0.33217838  0.27974520  0.27974520  
10_0_0     0.13645194  0.12985936  0.12903232  0.14398397  0.15379954  0.15440006  0.15440006  0.14698230  0.01744536  0.01156197  0.00000000  0.04170088  0.12826651  0.12100963  0.12100963  0.32160588  0.29923340  0.33217838  0.27974520  0.27974520  
5_0_0      0.10041384  0.10808385  0.12172179  0.12172179  0.14643701  0.14698230  0.14698230  0.13967358  0.03552517  0.02942523  0.04170088  0.00000000  0.15069515  0.12826651  0.12826651  0.31125353  0.28939382  0.32160588  0.27028026  0.27028026  
7_0_0      0.21457115  0.22477658  0.22329138  0.18929219  0.23184175  0.22437679  0.22437679  0.23294423  0.13563087  0.12826651  0.12826651  0.15069515  0.00000000  0.02942523  0.02942523  0.43223489  0.40417145  0.41949692  0.33632466  0.33632466  
13_0_0     0.20600123  0.21597876  0.21457115  0.18114363  0.22334790  0.21595448  0.21595448  0.20767247  0.11385715  0.10680610  0.12100963  0.12826651  0.02942523  0.00000000  0.00000000  0.41949692  0.39220107  0.40707715  0.32586524  0.32586524  
9_0_0      0.20600123  0.21597876  0.21457115  0.18114363  0.22334790  0.21595448  0.21595448  0.20767247  0.11385715  0.10680610  0.12100963  0.12826651  0.02942523  0.00000000  0.00000000  0.41949692  0.39220107  0.40707715  0.32586524  0.32586524  
6_0_0      0.27028026  0.26249756  0.27974520  0.32997738  0.35147541  0.34283973  0.34283973  0.35352262  0.33217838  0.32160588  0.32160588  0.31125353  0.43223489  0.41949692  0.41949692  0.00000000  0.02927593  0.05428731  0.06681225  0.05398268  
19_0_0     0.25053514  0.24292076  0.27814651  0.30738188  0.33907466  0.33055797  0.33055797  0.34090670  0.30927164  0.29923340  0.29923340  0.28939382  0.40417145  0.39220107  0.39220107  0.02927593  0.00000000  0.04768994  0.07297709  0.06006469  
15_0_0     0.26099214  0.27187376  0.32997738  0.34066285  0.39615116  0.38702168  0.38702168  0.39870909  0.34298058  0.33217838  0.33217838  0.32160588  0.41949692  0.40707715  0.40707715  0.05428731  0.04768994  0.00000000  0.07335335  0.06035608  
8_0_0      0.25956962  0.27028026  0.28770190  0.29744453  0.33907466  0.33055797  0.33055797  0.34090670  0.28939382  0.27974520  0.27974520  0.27028026  0.33632466  0.32586524  0.32586524  0.06681225  0.07297709  0.07335335  0.00000000  0.01156197  
18_0_0     0.25956962  0.27028026  0.28770190  0.31752192  0.33907466  0.33055797  0.33055797  0.34090670  0.28939382  0.27974520  0.27974520  0.27028026  0.33632466  0.32586524  0.32586524  0.05398268  0.06006469  0.06035608  0.01156197  0.00000000  

