28
13_17_0    0.00000000  0.20589994  0.21234916  0.23872632  0.28729058  0.33928642  0.28015357  0.28015357  0.34702353  0.35484282  0.38697802  0.29449746  0.24547098  0.17447511  0.18065367  0.20589994  0.19950674  0.30912640  0.27308510  0.52177560  0.52177560  0.79293311  0.83698697  0.68691640  0.85227759  0.86789257  0.80732678  0.67467669  
7_17_0     0.20589994  0.00000000  0.01470909  0.15624460  0.23872632  0.25914856  0.25914856  0.26608385  0.27308510  0.28729058  0.30912640  0.23872632  0.23204289  0.22541960  0.23204289  0.21885537  0.24547098  0.24547098  0.26608385  0.47404739  0.47404739  0.69936307  0.68691640  0.66263716  0.85227759  0.80732678  0.88384596  0.72490611  
7_32_0     0.21234916  0.01470909  0.00000000  0.15026673  0.23204289  0.25227800  0.25227800  0.27308510  0.28015357  0.29449746  0.30177559  0.24547098  0.22541960  0.21885537  0.22541960  0.21234916  0.23872632  0.23872632  0.25914856  0.47404739  0.47404739  0.72490611  0.68691640  0.68691640  0.85227759  0.80732678  0.88384596  0.75136742  
9_17_0     0.23872632  0.15624460  0.15026673  0.00000000  0.28729058  0.30912640  0.25914856  0.29449746  0.30912640  0.30912640  0.36274607  0.28015357  0.25914856  0.21885537  0.22541960  0.23872632  0.22541960  0.28015357  0.28015357  0.57281417  0.57281417  0.68691640  0.67467669  0.62765676  0.95135943  0.95135943  0.95135943  0.68691640  
9_25_0     0.28729058  0.23872632  0.23204289  0.28729058  0.00000000  0.04503948  0.12682917  0.19316858  0.26608385  0.26608385  0.27308510  0.22541960  0.23872632  0.20589994  0.19950674  0.21234916  0.23872632  0.25227800  0.25914856  0.44682854  0.44682854  0.71202381  0.69936307  0.69936307  0.77881549  0.73801788  0.75136742  0.71202381  
9_28_0     0.33928642  0.25914856  0.25227800  0.30912640  0.04503948  0.00000000  0.15624460  0.22541960  0.24547098  0.27308510  0.25227800  0.21885537  0.24547098  0.23872632  0.23204289  0.23204289  0.25914856  0.26608385  0.28015357  0.44682854  0.44682854  0.75136742  0.71202381  0.68691640  0.73801788  0.72490611  0.73801788  0.68691640  
9_27_0     0.28015357  0.25914856  0.25227800  0.25914856  0.12682917  0.15624460  0.00000000  0.15624460  0.29449746  0.25914856  0.25914856  0.25914856  0.22541960  0.19316858  0.18688453  0.21234916  0.19950674  0.25914856  0.24547098  0.49276900  0.49276900  0.66263716  0.67467669  0.66263716  0.73801788  0.69936307  0.83698697  0.73801788  
9_22_0     0.28015357  0.26608385  0.27308510  0.29449746  0.19316858  0.22541960  0.15624460  0.00000000  0.29449746  0.26608385  0.28015357  0.23872632  0.23872632  0.21234916  0.20589994  0.21885537  0.21885537  0.28015357  0.26608385  0.45579013  0.45579013  0.69936307  0.71202381  0.62765676  0.79293311  0.72490611  0.85227759  0.79293311  
9_31_0     0.34702353  0.27308510  0.28015357  0.30912640  0.26608385  0.24547098  0.29449746  0.29449746  0.00000000  0.05021830  0.12682917  0.19950674  0.21885537  0.19950674  0.20589994  0.20589994  0.24547098  0.21885537  0.23204289  0.50231143  0.50231143  0.79293311  0.79293311  0.77881549  0.72490611  0.68691640  0.79293311  0.72490611  
9_30_0     0.35484282  0.28729058  0.29449746  0.30912640  0.26608385  0.27308510  0.25914856  0.26608385  0.05021830  0.00000000  0.13845467  0.19950674  0.24547098  0.21234916  0.20589994  0.21885537  0.23204289  0.23872632  0.21885537  0.51197919  0.51197919  0.82200750  0.86789257  0.80732678  0.77881549  0.73801788  0.85227759  0.73801788  
9_29_0     0.38697802  0.30912640  0.30177559  0.36274607  0.27308510  0.25227800  0.25914856  0.28015357  0.12682917  0.13845467  0.00000000  0.26608385  0.26608385  0.26608385  0.25914856  0.25914856  0.25914856  0.30177559  0.26608385  0.53170415  0.53170415  0.93389176  0.90015276  0.83698697  0.77881549  0.73801788  0.88384596  0.75136742  
14_21_0    0.29449746  0.23872632  0.24547098  0.28015357  0.22541960  0.21885537  0.25914856  0.23872632  0.19950674  0.19950674  0.26608385  0.00000000  0.19950674  0.14433701  0.13845467  0.15026673  0.17447511  0.22541960  0.20589994  0.48334868  0.48334868  0.80732678  0.79293311  0.68691640  0.82200750  0.75136742  0.79293311  0.77881549  
7_23_0     0.24547098  0.23204289  0.22541960  0.25914856  0.23872632  0.24547098  0.22541960  0.23872632  0.21885537  0.24547098  0.26608385  0.19950674  0.00000000  0.10411486  0.09854413  0.09854413  0.14433701  0.17447511  0.15026673  0.55197222  0.55197222  0.77881549  0.76496354  0.68691640  0.79293311  0.83698697  0.80732678  0.80732678  
13_34_0    0.17447511  0.22541960  0.21885537  0.21885537  0.20589994  0.23872632  0.19316858  0.21234916  0.19950674  0.21234916  0.26608385  0.14433701  0.10411486  0.00000000  0.00487045  0.02468101  0.04503948  0.13845467  0.11538441  0.48334868  0.48334868  0.77881549  0.73801788  0.68691640  0.75136742  0.79293311  0.80732678  0.68691640  
13_35_0    0.18065367  0.23204289  0.22541960  0.22541960  0.19950674  0.23204289  0.18688453  0.20589994  0.20589994  0.20589994  0.25914856  0.13845467  0.09854413  0.00487045  0.00000000  0.01967816  0.03989683  0.14433701  0.10972807  0.49276900  0.49276900  0.79293311  0.75136742  0.69936307  0.76496354  0.80732678  0.79293311  0.69936307  
13_33_0    0.20589994  0.21885537  0.21234916  0.23872632  0.21234916  0.23204289  0.21234916  0.21885537  0.20589994  0.21885537  0.25914856  0.15026673  0.09854413  0.02468101  0.01967816  0.00000000  0.06068654  0.15026673  0.12108455  0.50231143  0.50231143  0.82200750  0.77881549  0.72490611  0.76496354  0.77881549  0.77881549  0.68691640  
14_33_0    0.19950674  0.24547098  0.23872632  0.22541960  0.23872632  0.25914856  0.19950674  0.21885537  0.24547098  0.23204289  0.25914856  0.17447511  0.14433701  0.04503948  0.03989683  0.06068654  0.00000000  0.16834797  0.14433701  0.52177560  0.52177560  0.83698697  0.79293311  0.68691640  0.77881549  0.82200750  0.77881549  0.73801788  
14_23_0    0.30912640  0.24547098  0.23872632  0.28015357  0.25227800  0.26608385  0.25914856  0.28015357  0.21885537  0.23872632  0.30177559  0.22541960  0.17447511  0.13845467  0.14433701  0.15026673  0.16834797  0.00000000  0.06597702  0.50231143  0.50231143  0.75136742  0.73801788  0.68691640  0.67467669  0.72490611  0.82200750  0.75136742  
13_23_0    0.27308510  0.26608385  0.25914856  0.28015357  0.25914856  0.28015357  0.24547098  0.26608385  0.23204289  0.21885537  0.26608385  0.20589994  0.15026673  0.11538441  0.10972807  0.12108455  0.14433701  0.06597702  0.00000000  0.49276900  0.49276900  0.83698697  0.82200750  0.73801788  0.66263716  0.73801788  0.80732678  0.71202381  
8_46_0     0.52177560  0.47404739  0.47404739  0.57281417  0.44682854  0.44682854  0.49276900  0.45579013  0.50231143  0.51197919  0.53170415  0.48334868  0.55197222  0.48334868  0.49276900  0.50231143  0.52177560  0.50231143  0.49276900  0.00000000  0.00000000  0.43797474  0.44682854  0.39523590  0.48334868  0.45579013  0.50231143  0.42922616  
3_46_0     0.52177560  0.47404739  0.47404739  0.57281417  0.44682854  0.44682854  0.49276900  0.45579013  0.50231143  0.51197919  0.53170415  0.48334868  0.55197222  0.48334868  0.49276900  0.50231143  0.52177560  0.50231143  0.49276900  0.00000000  0.00000000  0.43797474  0.44682854  0.39523590  0.48334868  0.45579013  0.50231143  0.42922616  
13_4_0     0.79293311  0.69936307  0.72490611  0.68691640  0.71202381  0.75136742  0.66263716  0.69936307  0.79293311  0.82200750  0.93389176  0.80732678  0.77881549  0.77881549  0.79293311  0.82200750  0.83698697  0.75136742  0.83698697  0.43797474  0.43797474  0.00000000  0.04503948  0.09854413  0.69936307  0.61635650  0.68691640  0.54176843  
14_4_0     0.83698697  0.68691640  0.68691640  0.67467669  0.69936307  0.71202381  0.67467669  0.71202381  0.79293311  0.86789257  0.90015276  0.79293311  0.76496354  0.73801788  0.75136742  0.77881549  0.79293311  0.73801788  0.82200750  0.44682854  0.44682854  0.04503948  0.00000000  0.12108455  0.65079137  0.59426345  0.72490611  0.56231944  
7_4_0      0.68691640  0.66263716  0.68691640  0.62765676  0.69936307  0.68691640  0.66263716  0.62765676  0.77881549  0.80732678  0.83698697  0.68691640  0.68691640  0.68691640  0.69936307  0.72490611  0.68691640  0.68691640  0.73801788  0.39523590  0.39523590  0.09854413  0.12108455  0.00000000  0.66263716  0.60522709  0.65079137  0.51197919  
14_12_0    0.85227759  0.85227759  0.85227759  0.95135943  0.77881549  0.73801788  0.73801788  0.79293311  0.72490611  0.77881549  0.77881549  0.82200750  0.79293311  0.75136742  0.76496354  0.76496354  0.77881549  0.67467669  0.66263716  0.48334868  0.48334868  0.69936307  0.65079137  0.66263716  0.00000000  0.07130580  0.28729058  0.51197919  
13_12_0    0.86789257  0.80732678  0.80732678  0.95135943  0.73801788  0.72490611  0.69936307  0.72490611  0.68691640  0.73801788  0.73801788  0.75136742  0.83698697  0.79293311  0.80732678  0.77881549  0.82200750  0.72490611  0.73801788  0.45579013  0.45579013  0.61635650  0.59426345  0.60522709  0.07130580  0.00000000  0.27308510  0.54176843  
9_12_0     0.80732678  0.88384596  0.88384596  0.95135943  0.75136742  0.73801788  0.83698697  0.85227759  0.79293311  0.85227759  0.88384596  0.79293311  0.80732678  0.80732678  0.79293311  0.77881549  0.77881549  0.82200750  0.80732678  0.50231143  0.50231143  0.68691640  0.72490611  0.65079137  0.28729058  0.27308510  0.00000000  0.61635650  
11_47_0    0.67467669  0.72490611  0.75136742  0.68691640  0.71202381  0.68691640  0.73801788  0.79293311  0.72490611  0.73801788  0.75136742  0.77881549  0.80732678  0.68691640  0.69936307  0.68691640  0.73801788  0.75136742  0.71202381  0.42922616  0.42922616  0.54176843  0.56231944  0.51197919  0.51197919  0.54176843  0.61635650  0.00000000  

