15
8_1_0      0.00000000  0.05655671  0.06191853  0.05655671  0.05123335  0.04594790  0.07824041  0.07275980  0.17819426  0.44854680  0.43954164  0.43954164  0.41316376  0.43954164  0.44854680  
8_0_0      0.05655671  0.00000000  0.04594790  0.04069983  0.03548860  0.03031372  0.07275980  0.07824041  0.18451506  0.43064443  0.42185263  0.42185263  0.42185263  0.43064443  0.42185263  
1_0_0      0.06191853  0.04594790  0.00000000  0.01500210  0.02007095  0.01500210  0.06731937  0.05123335  0.17819426  0.40457544  0.39608537  0.39608537  0.36306422  0.37118279  0.37939116  
10_0_0     0.05655671  0.04069983  0.01500210  0.00000000  0.01500210  0.00996763  0.06191853  0.05655671  0.18451506  0.43064443  0.42185263  0.42185263  0.38769132  0.39608537  0.40457544  
5_0_0      0.05123335  0.03548860  0.02007095  0.01500210  0.00000000  0.00496708  0.06731937  0.06191853  0.17819426  0.43954164  0.43064443  0.43064443  0.39608537  0.40457544  0.41316376  
7_0_0      0.04594790  0.03031372  0.01500210  0.00996763  0.00496708  0.00000000  0.06191853  0.05655671  0.17192683  0.43064443  0.42185263  0.42185263  0.38769132  0.39608537  0.40457544  
12_0_0     0.07824041  0.07275980  0.06731937  0.06191853  0.06731937  0.06191853  0.00000000  0.08932456  0.19732050  0.43064443  0.43064443  0.43064443  0.40457544  0.40457544  0.41316376  
4_0_0      0.07275980  0.07824041  0.05123335  0.05655671  0.06191853  0.05655671  0.08932456  0.00000000  0.21695271  0.47623705  0.46689170  0.46689170  0.41316376  0.43954164  0.44854680  
9_0_0      0.17819426  0.18451506  0.17819426  0.18451506  0.17819426  0.17192683  0.19732050  0.21695271  0.00000000  0.44854680  0.45766257  0.43954164  0.42185263  0.43064443  0.43954164  
14_0_0     0.44854680  0.43064443  0.40457544  0.43064443  0.43954164  0.43064443  0.43064443  0.47623705  0.44854680  0.00000000  0.00996763  0.02517466  0.06731937  0.06191853  0.05655671  
2_0_0      0.43954164  0.42185263  0.39608537  0.42185263  0.43064443  0.42185263  0.43064443  0.46689170  0.45766257  0.00996763  0.00000000  0.01500210  0.06731937  0.06191853  0.05655671  
11_0_0     0.43954164  0.42185263  0.39608537  0.42185263  0.43064443  0.42185263  0.43064443  0.46689170  0.43954164  0.02517466  0.01500210  0.00000000  0.08376179  0.07824041  0.07275980  
13_0_0     0.41316376  0.42185263  0.36306422  0.38769132  0.39608537  0.38769132  0.40457544  0.41316376  0.42185263  0.06731937  0.06731937  0.08376179  0.00000000  0.02517466  0.03031372  
3_0_0      0.43954164  0.43064443  0.37118279  0.39608537  0.40457544  0.39608537  0.40457544  0.43954164  0.43064443  0.06191853  0.06191853  0.07824041  0.02517466  0.00000000  0.00496708  
6_0_0      0.44854680  0.42185263  0.37939116  0.40457544  0.41316376  0.40457544  0.41316376  0.44854680  0.43954164  0.05655671  0.05655671  0.07275980  0.03031372  0.00496708  0.00000000  

