171
92_11_0    0.00000000  0.16182784  0.06969051  0.05098145  0.04572194  0.16490089  0.13178097  0.14066733  0.28865692  0.42417568  0.43741906  0.35331127  0.34934724  0.31837864  0.34148246  0.34540438  0.33758127  0.39416811  0.39416811  0.46003335  0.48336226  0.49290421  0.16798679  0.16490089  0.17732263  0.15571984  0.18361277  0.22252231  0.21260100  0.19635612  0.18995695  0.19957663  0.33758127  0.32217942  0.27067066  0.28140975  0.37755309  0.35331127  0.39838096  0.28865692  0.29230736  0.28865692  0.29597593  0.31459733  0.51731299  0.50745243  0.26712539  0.28502444  0.24620405  0.24277408  0.23935998  0.27423303  0.27067066  0.27067066  0.29230736  0.29230736  0.26359707  0.27067066  0.26712539  0.27423303  0.29230736  0.30709232  0.31083529  0.28865692  0.38581386  0.31083529  0.28865692  0.29230736  0.30336823  0.38581386  0.35331127  0.37345711  0.28865692  0.28502444  0.29230736  0.29966283  0.27781267  0.28502444  0.29597593  0.28140975  0.34934724  0.32599986  0.32217942  0.32217942  0.28865692  0.30336823  0.29230736  0.31837864  0.31083529  0.32984018  0.32984018  0.30336823  0.30336823  0.28865692  0.36130376  0.35729670  0.36533269  0.36130376  0.36130376  0.34540438  0.34934724  0.34934724  0.35729670  0.35331127  0.33370058  0.30336823  0.28502444  0.36533269  0.28865692  0.28865692  0.41116567  0.40687946  0.36533269  0.26359707  0.29597593  0.28865692  0.25659062  0.24965003  0.23935998  0.31083529  0.31459733  0.30709232  0.29230736  0.33370058  0.32984018  0.36130376  0.34148246  0.32217942  0.37755309  0.31837864  0.29966283  0.29597593  0.28502444  0.32217942  0.26712539  0.33758127  0.30336823  0.36533269  0.36130376  0.36130376  0.34540438  0.34540438  0.34934724  0.37755309  0.36938372  0.37345711  0.37345711  0.36938372  0.35331127  0.42417568  0.37755309  0.34540438  0.31837864  0.34934724  0.36938372  0.38167192  0.39838096  0.46003335  0.34148246  0.34540438  0.31837864  0.34148246  0.39416811  0.38167192  0.38167192  0.44188685  0.40261798  0.34148246  0.35729670  0.31459733  0.29966283  
58_11_0    0.16182784  0.00000000  0.17419755  0.15268469  0.15268469  0.23257876  0.20932330  0.22585926  0.31459733  0.42856380  0.45090435  0.37755309  0.37345711  0.39838096  0.40687946  0.41116567  0.42856380  0.44638183  0.45090435  0.50745243  0.52730703  0.52229310  0.25659062  0.25311217  0.25311217  0.22921137  0.26359707  0.31837864  0.30709232  0.26008554  0.28502444  0.27423303  0.36938372  0.36130376  0.32984018  0.34934724  0.42417568  0.41547692  0.43741906  0.34148246  0.37345711  0.32984018  0.34148246  0.36130376  0.57403392  0.56869359  0.34148246  0.34148246  0.33758127  0.32984018  0.32984018  0.35331127  0.34148246  0.33370058  0.35331127  0.35331127  0.30709232  0.32599986  0.32599986  0.32599986  0.32984018  0.33370058  0.33758127  0.31837864  0.40687946  0.35331127  0.30709232  0.34148246  0.35331127  0.41116567  0.40261798  0.43297816  0.34540438  0.34148246  0.34148246  0.35729670  0.32984018  0.34148246  0.36130376  0.34148246  0.40261798  0.38581386  0.40261798  0.38167192  0.35331127  0.38167192  0.34934724  0.36533269  0.34934724  0.37345711  0.37755309  0.39416811  0.38167192  0.36938372  0.37345711  0.36938372  0.37755309  0.37345711  0.34934724  0.32984018  0.37345711  0.37345711  0.36938372  0.37345711  0.36130376  0.35331127  0.31837864  0.38581386  0.38581386  0.36130376  0.44188685  0.43741906  0.41981349  0.32599986  0.32984018  0.34540438  0.30336823  0.32217942  0.31083529  0.40687946  0.40687946  0.37755309  0.34148246  0.36938372  0.37755309  0.38997917  0.33758127  0.37345711  0.41981349  0.34934724  0.31837864  0.32217942  0.31837864  0.38167192  0.32984018  0.41981349  0.39416811  0.39416811  0.40261798  0.39416811  0.42417568  0.39416811  0.34934724  0.41116567  0.37755309  0.38997917  0.38997917  0.46464053  0.43741906  0.44638183  0.44188685  0.41116567  0.41116567  0.42856380  0.40687946  0.41116567  0.41981349  0.45545474  0.38167192  0.38581386  0.37755309  0.39416811  0.40261798  0.40261798  0.40687946  0.48811782  0.45545474  0.38581386  0.40687946  0.35729670  0.38167192  
66_11_0    0.06969051  0.17419755  0.00000000  0.03273479  0.02760323  0.17108564  0.14665156  0.15571984  0.29597593  0.43741906  0.46003335  0.33758127  0.33370058  0.31837864  0.31837864  0.32984018  0.31459733  0.37755309  0.37755309  0.47863713  0.50257110  0.49290421  0.16798679  0.16490089  0.17108564  0.15876752  0.18677805  0.22252231  0.21589331  0.18677805  0.19635612  0.19957663  0.35331127  0.32599986  0.27067066  0.27423303  0.37345711  0.33370058  0.38581386  0.28502444  0.30336823  0.27781267  0.29230736  0.31837864  0.50257110  0.49290421  0.27067066  0.28502444  0.26712539  0.24965003  0.24620405  0.28865692  0.28140975  0.26712539  0.28865692  0.28865692  0.25659062  0.26359707  0.26008554  0.26712539  0.26008554  0.26008554  0.26359707  0.25659062  0.34148246  0.29230736  0.25659062  0.28502444  0.26008554  0.32984018  0.34934724  0.33370058  0.26008554  0.25659062  0.25659062  0.25659062  0.29230736  0.29230736  0.30336823  0.30336823  0.35331127  0.34148246  0.33370058  0.33370058  0.28865692  0.29230736  0.29230736  0.29966283  0.31083529  0.32984018  0.33370058  0.32217942  0.32217942  0.29597593  0.36938372  0.36533269  0.36533269  0.36130376  0.36130376  0.32984018  0.33370058  0.34148246  0.33758127  0.32984018  0.30709232  0.27781267  0.27423303  0.34540438  0.30709232  0.28502444  0.38997917  0.38581386  0.38997917  0.28502444  0.30336823  0.30336823  0.24965003  0.24277408  0.23935998  0.32599986  0.32984018  0.30709232  0.28502444  0.34540438  0.31083529  0.36533269  0.34148246  0.32217942  0.35331127  0.31083529  0.28865692  0.27067066  0.28502444  0.30709232  0.27067066  0.34540438  0.31459733  0.38167192  0.34934724  0.34148246  0.34934724  0.32599986  0.33758127  0.36130376  0.34934724  0.35331127  0.35331127  0.36533269  0.33758127  0.38167192  0.35331127  0.33758127  0.31083529  0.33370058  0.34148246  0.34934724  0.37755309  0.41116567  0.33758127  0.32984018  0.32984018  0.34540438  0.36938372  0.34934724  0.37755309  0.40261798  0.37345711  0.32984018  0.33370058  0.28865692  0.28865692  
61_11_0    0.05098145  0.15268469  0.03273479  0.00000000  0.00494262  0.14966196  0.12591559  0.14066733  0.27423303  0.42417568  0.43741906  0.34148246  0.32984018  0.31837864  0.31837864  0.32984018  0.32217942  0.37755309  0.37755309  0.46927664  0.48336226  0.47394205  0.16490089  0.16182784  0.16798679  0.14966196  0.18361277  0.22585926  0.21260100  0.18677805  0.18046100  0.18361277  0.36130376  0.34148246  0.26712539  0.24965003  0.35331127  0.33758127  0.38997917  0.27423303  0.29230736  0.26712539  0.28865692  0.29966283  0.51236625  0.50257110  0.26359707  0.28140975  0.24965003  0.23935998  0.23596158  0.27067066  0.26359707  0.25659062  0.27781267  0.27781267  0.23935998  0.24620405  0.24277408  0.24965003  0.27067066  0.27067066  0.27423303  0.26712539  0.34540438  0.29597593  0.26712539  0.28140975  0.27423303  0.34540438  0.35729670  0.36938372  0.26008554  0.25659062  0.25659062  0.26359707  0.26712539  0.29597593  0.30709232  0.29966283  0.35729670  0.32217942  0.33758127  0.32217942  0.28502444  0.30336823  0.29597593  0.30336823  0.31459733  0.32599986  0.32984018  0.33370058  0.33370058  0.31459733  0.35729670  0.35331127  0.35331127  0.34934724  0.35331127  0.32599986  0.33758127  0.34540438  0.34540438  0.34540438  0.28865692  0.28865692  0.27781267  0.34934724  0.29597593  0.30336823  0.38997917  0.38581386  0.38167192  0.27423303  0.30709232  0.29966283  0.25311217  0.24620405  0.24277408  0.32217942  0.32599986  0.31083529  0.28140975  0.34540438  0.30336823  0.38167192  0.34148246  0.31837864  0.34934724  0.31083529  0.28865692  0.28502444  0.28502444  0.30709232  0.25659062  0.32217942  0.29966283  0.35729670  0.34934724  0.34934724  0.34148246  0.32599986  0.33758127  0.35331127  0.34934724  0.35331127  0.35331127  0.35729670  0.35331127  0.38997917  0.36130376  0.35331127  0.32599986  0.34148246  0.34934724  0.35729670  0.39416811  0.41981349  0.32984018  0.32984018  0.32217942  0.33758127  0.37755309  0.35729670  0.36938372  0.41981349  0.38167192  0.32984018  0.34934724  0.28865692  0.29597593  
77_11_0    0.04572194  0.15268469  0.02760323  0.00494262  0.00000000  0.15571984  0.12591559  0.14066733  0.27423303  0.42417568  0.43741906  0.33370058  0.32217942  0.31083529  0.31083529  0.32217942  0.31459733  0.38581386  0.38581386  0.46003335  0.47394205  0.47394205  0.15876752  0.15571984  0.16182784  0.14365338  0.17732263  0.21920037  0.20606009  0.18046100  0.18046100  0.18361277  0.36130376  0.33370058  0.26008554  0.25659062  0.34540438  0.32984018  0.38167192  0.27423303  0.29230736  0.26712539  0.28140975  0.29966283  0.50257110  0.49290421  0.26359707  0.28140975  0.24965003  0.23935998  0.23596158  0.27067066  0.25659062  0.24965003  0.27067066  0.27067066  0.23935998  0.24620405  0.24277408  0.24965003  0.27067066  0.27067066  0.27423303  0.26712539  0.34540438  0.29597593  0.26712539  0.28140975  0.27423303  0.34540438  0.35729670  0.36130376  0.26712539  0.26359707  0.26359707  0.27067066  0.26712539  0.28865692  0.29966283  0.29966283  0.35729670  0.32217942  0.33758127  0.32217942  0.29230736  0.29597593  0.29597593  0.30336823  0.31459733  0.32599986  0.32984018  0.33370058  0.33370058  0.31459733  0.35729670  0.35331127  0.36130376  0.35729670  0.35331127  0.32599986  0.34540438  0.35331127  0.35331127  0.33758127  0.29597593  0.28140975  0.27067066  0.34148246  0.29597593  0.29597593  0.39838096  0.39416811  0.38167192  0.26712539  0.29966283  0.29230736  0.24620405  0.23935998  0.23596158  0.32217942  0.32599986  0.31083529  0.27781267  0.33758127  0.30336823  0.38167192  0.34148246  0.31837864  0.34934724  0.30336823  0.28865692  0.27781267  0.28502444  0.30709232  0.25659062  0.32984018  0.29966283  0.36533269  0.34934724  0.34934724  0.34148246  0.32599986  0.33758127  0.35331127  0.34934724  0.35331127  0.35331127  0.35729670  0.34540438  0.38997917  0.36130376  0.35331127  0.32599986  0.34148246  0.34934724  0.35729670  0.39416811  0.41981349  0.32984018  0.32984018  0.32217942  0.33758127  0.37755309  0.35729670  0.36938372  0.41981349  0.38167192  0.32984018  0.34934724  0.28865692  0.29597593  
74_11_0    0.16490089  0.23257876  0.17108564  0.14966196  0.15571984  0.00000000  0.17419755  0.17732263  0.31083529  0.40261798  0.43297816  0.36938372  0.35729670  0.33758127  0.35729670  0.36533269  0.34934724  0.38167192  0.38581386  0.46927664  0.44638183  0.46003335  0.19635612  0.18995695  0.18995695  0.18046100  0.21260100  0.24277408  0.24620405  0.21589331  0.21920037  0.22252231  0.36533269  0.32984018  0.33370058  0.29966283  0.45090435  0.45545474  0.41981349  0.31837864  0.32599986  0.32217942  0.29966283  0.31837864  0.54255641  0.52730703  0.33370058  0.32217942  0.28140975  0.27781267  0.27423303  0.29597593  0.35331127  0.34148246  0.34148246  0.34148246  0.30336823  0.29597593  0.29597593  0.30336823  0.28865692  0.28502444  0.28865692  0.27781267  0.34934724  0.33370058  0.29597593  0.33370058  0.36130376  0.34148246  0.36938372  0.37345711  0.31837864  0.31459733  0.31083529  0.31837864  0.31459733  0.33370058  0.35331127  0.31837864  0.34540438  0.31837864  0.32984018  0.30336823  0.28502444  0.32217942  0.30709232  0.31837864  0.29966283  0.32217942  0.32217942  0.33758127  0.32599986  0.31083529  0.39838096  0.39838096  0.41116567  0.40687946  0.38581386  0.36130376  0.40261798  0.38997917  0.38997917  0.41981349  0.31459733  0.32599986  0.31837864  0.37755309  0.36938372  0.37755309  0.46003335  0.45545474  0.42417568  0.30336823  0.29597593  0.30336823  0.27781267  0.29597593  0.29230736  0.32599986  0.32599986  0.32599986  0.30709232  0.34148246  0.35729670  0.34540438  0.35331127  0.37345711  0.45090435  0.38581386  0.33758127  0.32984018  0.34148246  0.36533269  0.30709232  0.36130376  0.32217942  0.36533269  0.39838096  0.37345711  0.38997917  0.38167192  0.36938372  0.43741906  0.41116567  0.41547692  0.41547692  0.37755309  0.37755309  0.41116567  0.39416811  0.32984018  0.33758127  0.35729670  0.38581386  0.40261798  0.46003335  0.46003335  0.35729670  0.36938372  0.33758127  0.36533269  0.35729670  0.35331127  0.40687946  0.43297816  0.41116567  0.34540438  0.34934724  0.35729670  0.32217942  
76_11_0    0.13178097  0.20932330  0.14665156  0.12591559  0.12591559  0.17419755  0.00000000  0.01241914  0.29597593  0.41981349  0.42417568  0.32217942  0.31837864  0.31837864  0.32984018  0.32599986  0.32599986  0.34540438  0.34540438  0.47394205  0.46927664  0.47863713  0.19314960  0.18677805  0.18677805  0.17108564  0.19957663  0.23257876  0.22585926  0.17732263  0.15876752  0.16798679  0.35729670  0.32984018  0.26359707  0.25311217  0.35729670  0.36130376  0.38167192  0.26359707  0.27067066  0.25659062  0.26712539  0.27067066  0.51236625  0.49290421  0.29597593  0.28865692  0.25659062  0.25659062  0.24620405  0.27423303  0.27423303  0.26712539  0.27423303  0.27423303  0.26008554  0.27067066  0.27423303  0.27781267  0.27781267  0.27423303  0.27781267  0.26712539  0.34934724  0.28502444  0.27781267  0.32217942  0.31083529  0.36130376  0.36938372  0.35729670  0.28502444  0.28140975  0.28140975  0.28140975  0.31459733  0.33370058  0.34540438  0.32599986  0.34540438  0.30709232  0.32599986  0.31459733  0.29966283  0.31459733  0.30709232  0.29966283  0.29597593  0.31459733  0.31837864  0.32217942  0.32217942  0.29230736  0.37345711  0.36938372  0.37755309  0.37345711  0.34540438  0.33370058  0.36938372  0.37345711  0.36130376  0.34148246  0.32599986  0.33370058  0.27067066  0.36938372  0.29966283  0.32599986  0.41547692  0.41116567  0.41116567  0.29597593  0.31459733  0.32217942  0.26359707  0.26712539  0.26359707  0.32984018  0.32599986  0.29966283  0.27781267  0.32217942  0.34934724  0.35331127  0.34148246  0.33758127  0.38167192  0.34148246  0.29597593  0.26712539  0.26712539  0.32984018  0.27781267  0.36533269  0.30709232  0.38581386  0.35331127  0.34540438  0.36938372  0.36938372  0.36130376  0.35729670  0.38581386  0.38167192  0.38167192  0.35729670  0.39416811  0.42856380  0.37345711  0.34540438  0.33758127  0.34934724  0.36130376  0.36938372  0.42856380  0.42856380  0.37345711  0.34934724  0.33758127  0.34540438  0.35331127  0.34934724  0.36533269  0.43741906  0.39838096  0.34934724  0.35331127  0.31837864  0.31459733  
99_11_0    0.14066733  0.22585926  0.15571984  0.14066733  0.14066733  0.17732263  0.01241914  0.00000000  0.29230736  0.41547692  0.41981349  0.31837864  0.32217942  0.31837864  0.32217942  0.31837864  0.31837864  0.33758127  0.33758127  0.45545474  0.46003335  0.46927664  0.18361277  0.17732263  0.17732263  0.17419755  0.20281124  0.22921137  0.22252231  0.16798679  0.16182784  0.17108564  0.35331127  0.33370058  0.26712539  0.25659062  0.37755309  0.36533269  0.37755309  0.26008554  0.26712539  0.24620405  0.25659062  0.26008554  0.52229310  0.50257110  0.28502444  0.28502444  0.24620405  0.24620405  0.23596158  0.26359707  0.27067066  0.26359707  0.27067066  0.27067066  0.26359707  0.26712539  0.27067066  0.27423303  0.27423303  0.27067066  0.27423303  0.26359707  0.34540438  0.28140975  0.27423303  0.31837864  0.30709232  0.34934724  0.35729670  0.35331127  0.28865692  0.28502444  0.28502444  0.28502444  0.31083529  0.31459733  0.32599986  0.30709232  0.34148246  0.30336823  0.32217942  0.31083529  0.28140975  0.29597593  0.29597593  0.28140975  0.27781267  0.29597593  0.29966283  0.31837864  0.31837864  0.28140975  0.36938372  0.36533269  0.37345711  0.36938372  0.34148246  0.32984018  0.37345711  0.37755309  0.36533269  0.32984018  0.31459733  0.31459733  0.28140975  0.38167192  0.30336823  0.30709232  0.41547692  0.41981349  0.42856380  0.29966283  0.31837864  0.32599986  0.26359707  0.27067066  0.26712539  0.31837864  0.31459733  0.29597593  0.28865692  0.32599986  0.34934724  0.36533269  0.35331127  0.34148246  0.38581386  0.34540438  0.29966283  0.26359707  0.27781267  0.32984018  0.27423303  0.36938372  0.31083529  0.37345711  0.34148246  0.32599986  0.36533269  0.35729670  0.34148246  0.35331127  0.38167192  0.37755309  0.37755309  0.36130376  0.38997917  0.42417568  0.37755309  0.34148246  0.33370058  0.34540438  0.34148246  0.34934724  0.43297816  0.41547692  0.38581386  0.35331127  0.33370058  0.34934724  0.34148246  0.34540438  0.37755309  0.44188685  0.40261798  0.34540438  0.34148246  0.32599986  0.31837864  
75_12_0    0.28865692  0.31459733  0.29597593  0.27423303  0.27423303  0.31083529  0.29597593  0.29230736  0.00000000  0.33370058  0.32984018  0.38167192  0.36938372  0.40687946  0.42856380  0.42856380  0.39416811  0.42417568  0.41547692  0.51731299  0.48811782  0.52229310  0.24277408  0.23596158  0.24620405  0.22252231  0.24620405  0.28865692  0.28502444  0.22585926  0.24620405  0.24965003  0.43741906  0.41547692  0.35331127  0.29597593  0.42856380  0.44188685  0.47863713  0.31083529  0.32599986  0.29597593  0.32599986  0.32984018  0.57941316  0.58483189  0.32984018  0.34540438  0.33370058  0.32984018  0.31083529  0.33758127  0.36130376  0.34148246  0.33370058  0.33370058  0.31837864  0.33370058  0.33370058  0.34148246  0.31459733  0.31837864  0.32217942  0.31083529  0.35331127  0.32984018  0.35331127  0.34148246  0.35331127  0.38581386  0.40687946  0.38167192  0.36533269  0.36130376  0.35331127  0.38167192  0.31083529  0.35729670  0.35331127  0.35729670  0.37345711  0.34934724  0.40687946  0.34934724  0.31459733  0.34540438  0.34540438  0.33370058  0.31459733  0.36533269  0.36533269  0.34934724  0.36533269  0.35331127  0.42417568  0.42856380  0.41116567  0.40687946  0.37755309  0.35331127  0.37345711  0.38167192  0.38167192  0.36130376  0.34540438  0.34540438  0.32599986  0.39838096  0.37755309  0.34934724  0.47394205  0.46927664  0.45545474  0.30336823  0.30709232  0.30709232  0.28502444  0.27781267  0.28140975  0.38997917  0.38581386  0.35729670  0.31837864  0.41116567  0.34540438  0.35331127  0.32217942  0.37755309  0.41547692  0.35729670  0.34934724  0.34148246  0.34934724  0.32599986  0.32217942  0.36533269  0.33370058  0.37345711  0.36533269  0.39416811  0.40687946  0.36130376  0.36130376  0.40687946  0.38581386  0.38167192  0.38167192  0.42417568  0.36533269  0.42856380  0.41116567  0.40261798  0.37755309  0.37755309  0.34934724  0.36533269  0.44188685  0.45545474  0.41116567  0.38997917  0.35729670  0.39416811  0.36533269  0.38167192  0.41981349  0.43297816  0.42856380  0.35729670  0.35331127  0.34934724  0.37755309  
51_12_0    0.42417568  0.42856380  0.43741906  0.42417568  0.42417568  0.40261798  0.41981349  0.41547692  0.33370058  0.00000000  0.03531401  0.48811782  0.49290421  0.54771035  0.54771035  0.54255641  0.52229310  0.55812742  0.54255641  0.67742084  0.61253862  0.61820696  0.40261798  0.39416811  0.39416811  0.39416811  0.42856380  0.42417568  0.42856380  0.41116567  0.42856380  0.38997917  0.52730703  0.49290421  0.39838096  0.43297816  0.53743821  0.53743821  0.50257110  0.47863713  0.50257110  0.45090435  0.46003335  0.47394205  0.64722042  0.64722042  0.42856380  0.45545474  0.43741906  0.43741906  0.42417568  0.46003335  0.40687946  0.40687946  0.40261798  0.40261798  0.41981349  0.44638183  0.44188685  0.44188685  0.44638183  0.44638183  0.45090435  0.43297816  0.51236625  0.45090435  0.45090435  0.49772184  0.48336226  0.45090435  0.55812742  0.52730703  0.47863713  0.47394205  0.46464053  0.46927664  0.45545474  0.47394205  0.45090435  0.45545474  0.48336226  0.43741906  0.46927664  0.45545474  0.52229310  0.53743821  0.50745243  0.53235524  0.50257110  0.53743821  0.53743821  0.53235524  0.53743821  0.50257110  0.54255641  0.54771035  0.53743821  0.54255641  0.50257110  0.51236625  0.54255641  0.51731299  0.55290051  0.56869359  0.46003335  0.50745243  0.50257110  0.56869359  0.49290421  0.52730703  0.64722042  0.64722042  0.52730703  0.50257110  0.49772184  0.47394205  0.43297816  0.44188685  0.44188685  0.51731299  0.52229310  0.51731299  0.43297816  0.50745243  0.43741906  0.44188685  0.52229310  0.52229310  0.52730703  0.49772184  0.42417568  0.46927664  0.44638183  0.46927664  0.46464053  0.47394205  0.53743821  0.52229310  0.51236625  0.52730703  0.53235524  0.52229310  0.51236625  0.53743821  0.54771035  0.56339160  0.56339160  0.54771035  0.54255641  0.55812742  0.55290051  0.47394205  0.50257110  0.50257110  0.48336226  0.52229310  0.55290051  0.55290051  0.47863713  0.44188685  0.43297816  0.46003335  0.41981349  0.44188685  0.46003335  0.46464053  0.45545474  0.44638183  0.46003335  0.49290421  0.51731299  
45_12_0    0.43741906  0.45090435  0.46003335  0.43741906  0.43741906  0.43297816  0.42417568  0.41981349  0.32984018  0.03531401  0.00000000  0.48336226  0.47863713  0.52730703  0.54255641  0.53743821  0.49772184  0.53235524  0.51731299  0.65316248  0.61253862  0.60691347  0.41116567  0.40261798  0.40261798  0.40687946  0.43297816  0.42856380  0.43297816  0.41547692  0.41547692  0.38581386  0.53235524  0.50745243  0.40261798  0.42856380  0.50745243  0.51731299  0.50745243  0.46464053  0.47863713  0.45545474  0.45545474  0.46003335  0.64722042  0.64722042  0.43741906  0.46003335  0.44188685  0.44188685  0.42856380  0.45545474  0.41116567  0.41116567  0.40687946  0.40687946  0.41547692  0.44188685  0.43741906  0.43741906  0.44188685  0.44188685  0.44638183  0.42856380  0.52730703  0.44638183  0.45545474  0.48811782  0.46927664  0.45090435  0.55812742  0.50257110  0.47394205  0.46927664  0.46003335  0.46464053  0.48811782  0.47863713  0.45545474  0.46927664  0.50745243  0.45090435  0.48336226  0.46927664  0.54255641  0.54255641  0.54255641  0.54771035  0.51731299  0.54255641  0.54255641  0.54771035  0.55290051  0.51731299  0.53235524  0.53743821  0.52730703  0.53235524  0.48336226  0.49290421  0.54771035  0.53235524  0.55812742  0.55812742  0.47863713  0.50745243  0.49290421  0.56869359  0.47394205  0.51236625  0.62391916  0.62391916  0.52730703  0.50745243  0.48336226  0.47863713  0.43741906  0.44638183  0.44638183  0.51731299  0.52229310  0.51731299  0.42856380  0.52229310  0.44638183  0.45545474  0.49772184  0.54255641  0.55812742  0.48811782  0.42856380  0.47394205  0.45090435  0.47394205  0.46464053  0.47394205  0.51731299  0.51236625  0.49290421  0.52730703  0.52229310  0.51236625  0.50257110  0.51236625  0.53743821  0.54255641  0.54255641  0.53235524  0.54255641  0.54771035  0.54255641  0.47394205  0.48811782  0.48811782  0.46927664  0.50745243  0.56869359  0.55812742  0.49290421  0.44188685  0.41547692  0.44188685  0.41981349  0.44188685  0.48811782  0.46927664  0.45545474  0.45545474  0.46927664  0.51236625  0.51731299  
43_12_0    0.35331127  0.37755309  0.33758127  0.34148246  0.33370058  0.36938372  0.32217942  0.31837864  0.38167192  0.48811782  0.48336226  0.00000000  0.02250709  0.30709232  0.30709232  0.29230736  0.31083529  0.34540438  0.32984018  0.43741906  0.42856380  0.41547692  0.32217942  0.31459733  0.30709232  0.31837864  0.32217942  0.33370058  0.33758127  0.29966283  0.32984018  0.33370058  0.45545474  0.43297816  0.35729670  0.41981349  0.45090435  0.45090435  0.42856380  0.40687946  0.41116567  0.38997917  0.39416811  0.39838096  0.55290051  0.55290051  0.40261798  0.37345711  0.36938372  0.34148246  0.34540438  0.35331127  0.38581386  0.37345711  0.39838096  0.39838096  0.43741906  0.43741906  0.43297816  0.42856380  0.41116567  0.40261798  0.40687946  0.39838096  0.41981349  0.41981349  0.44188685  0.38997917  0.42856380  0.41981349  0.46927664  0.46927664  0.41547692  0.41116567  0.41116567  0.41116567  0.44638183  0.42856380  0.44188685  0.44188685  0.40261798  0.36938372  0.42417568  0.38997917  0.43297816  0.41547692  0.39838096  0.38581386  0.38997917  0.38997917  0.38581386  0.41547692  0.40687946  0.41547692  0.45090435  0.44638183  0.45545474  0.45090435  0.42417568  0.40261798  0.44638183  0.46464053  0.45545474  0.39416811  0.40261798  0.33370058  0.37755309  0.42856380  0.43741906  0.41981349  0.51236625  0.52730703  0.46464053  0.36938372  0.39838096  0.42417568  0.34934724  0.35331127  0.36130376  0.36938372  0.37345711  0.36938372  0.36533269  0.40261798  0.44188685  0.41547692  0.39838096  0.39416811  0.43297816  0.41116567  0.38997917  0.38167192  0.38167192  0.41547692  0.38167192  0.44638183  0.38167192  0.49290421  0.45090435  0.44638183  0.48336226  0.45545474  0.47863713  0.47394205  0.49290421  0.49772184  0.49772184  0.46464053  0.42417568  0.45090435  0.41981349  0.45090435  0.44188685  0.44188685  0.38997917  0.38997917  0.49772184  0.44188685  0.41547692  0.41981349  0.39416811  0.41116567  0.41116567  0.42856380  0.46003335  0.44638183  0.47394205  0.38997917  0.38167192  0.41981349  0.44638183  
90_12_0    0.34934724  0.37345711  0.33370058  0.32984018  0.32217942  0.35729670  0.31837864  0.32217942  0.36938372  0.49290421  0.47863713  0.02250709  0.00000000  0.28865692  0.31083529  0.28865692  0.29230736  0.32599986  0.31083529  0.42417568  0.41547692  0.41116567  0.32217942  0.31459733  0.30709232  0.32217942  0.32599986  0.34540438  0.34148246  0.29597593  0.33758127  0.34540438  0.46003335  0.42856380  0.36938372  0.40687946  0.44638183  0.46464053  0.42417568  0.39416811  0.40687946  0.39416811  0.36533269  0.36938372  0.55290051  0.55290051  0.40687946  0.38581386  0.38167192  0.36938372  0.36533269  0.38167192  0.38997917  0.38581386  0.41116567  0.41116567  0.44188685  0.43741906  0.43297816  0.43297816  0.42417568  0.41547692  0.41981349  0.41116567  0.40687946  0.43297816  0.45545474  0.41981349  0.44188685  0.42856380  0.46927664  0.47394205  0.41981349  0.41547692  0.41547692  0.41547692  0.46003335  0.45090435  0.45545474  0.47394205  0.41116567  0.37755309  0.44188685  0.40261798  0.42856380  0.41981349  0.41981349  0.38997917  0.39416811  0.39416811  0.38997917  0.42856380  0.41981349  0.43741906  0.45090435  0.44638183  0.46464053  0.46003335  0.43297816  0.41116567  0.45545474  0.47394205  0.45545474  0.41547692  0.40687946  0.36130376  0.38997917  0.43297816  0.45090435  0.42417568  0.52730703  0.54255641  0.46927664  0.38167192  0.41116567  0.42856380  0.36130376  0.36533269  0.36533269  0.39416811  0.39838096  0.38581386  0.37755309  0.41547692  0.44188685  0.44638183  0.41116567  0.39416811  0.43297816  0.41116567  0.39416811  0.37755309  0.37755309  0.43741906  0.39416811  0.45090435  0.39416811  0.49290421  0.46927664  0.46464053  0.47394205  0.44638183  0.46927664  0.48336226  0.49290421  0.49772184  0.49772184  0.47394205  0.42417568  0.46003335  0.43741906  0.44638183  0.42856380  0.43741906  0.40687946  0.40687946  0.49772184  0.44188685  0.43297816  0.42856380  0.41116567  0.41981349  0.40261798  0.41981349  0.46003335  0.45545474  0.47394205  0.39838096  0.38997917  0.44188685  0.44188685  
31_12_0    0.31837864  0.39838096  0.31837864  0.31837864  0.31083529  0.33758127  0.31837864  0.31837864  0.40687946  0.54771035  0.52730703  0.30709232  0.28865692  0.00000000  0.10574614  0.07785613  0.04834701  0.10290925  0.10859397  0.28140975  0.29597593  0.32599986  0.28140975  0.27423303  0.27423303  0.28140975  0.29230736  0.30336823  0.29966283  0.30709232  0.30336823  0.31837864  0.46003335  0.43741906  0.36533269  0.40261798  0.44638183  0.42417568  0.42856380  0.39838096  0.38167192  0.37755309  0.32984018  0.34934724  0.53235524  0.52730703  0.42856380  0.39416811  0.36938372  0.37755309  0.36533269  0.38167192  0.41547692  0.41547692  0.43297816  0.43297816  0.42417568  0.43297816  0.42856380  0.43297816  0.39416811  0.39416811  0.39838096  0.37755309  0.42856380  0.39838096  0.41981349  0.38167192  0.38581386  0.43297816  0.42856380  0.41116567  0.42417568  0.41981349  0.41116567  0.41981349  0.38167192  0.37755309  0.38997917  0.40261798  0.43297816  0.46927664  0.44188685  0.43741906  0.40261798  0.39838096  0.39416811  0.39838096  0.38581386  0.41547692  0.37755309  0.38167192  0.39838096  0.37345711  0.40687946  0.40261798  0.41116567  0.40687946  0.44188685  0.42856380  0.43741906  0.46927664  0.45090435  0.43741906  0.44638183  0.39416811  0.40261798  0.44188685  0.41981349  0.42856380  0.51731299  0.51236625  0.46003335  0.36533269  0.37755309  0.39416811  0.32984018  0.32217942  0.32599986  0.40687946  0.40261798  0.39416811  0.38167192  0.41116567  0.42417568  0.42417568  0.44188685  0.41981349  0.42856380  0.42856380  0.36938372  0.39416811  0.38997917  0.44638183  0.38581386  0.41981349  0.39416811  0.46464053  0.48336226  0.47394205  0.48336226  0.47863713  0.47394205  0.48811782  0.47394205  0.47863713  0.47863713  0.46464053  0.42856380  0.49290421  0.45545474  0.44188685  0.43297816  0.45545474  0.45090435  0.45090435  0.44188685  0.44188685  0.45090435  0.42856380  0.36938372  0.37755309  0.42417568  0.43297816  0.42417568  0.46464053  0.44638183  0.41547692  0.39416811  0.41116567  0.43741906  
48_12_0    0.34148246  0.40687946  0.31837864  0.31837864  0.31083529  0.35729670  0.32984018  0.32217942  0.42856380  0.54771035  0.54255641  0.30709232  0.31083529  0.10574614  0.00000000  0.05627869  0.09166945  0.12591559  0.13178097  0.31837864  0.32984018  0.37345711  0.30709232  0.30709232  0.29966283  0.32217942  0.32599986  0.31459733  0.32984018  0.34148246  0.36130376  0.36938372  0.48336226  0.44188685  0.37345711  0.36130376  0.45545474  0.41981349  0.46927664  0.36130376  0.36130376  0.34934724  0.36130376  0.37345711  0.56869359  0.56339160  0.43297816  0.39416811  0.37755309  0.36938372  0.38167192  0.38167192  0.42417568  0.40687946  0.42417568  0.42417568  0.46003335  0.48811782  0.48336226  0.48811782  0.39838096  0.39838096  0.40261798  0.39838096  0.45545474  0.38167192  0.41547692  0.39416811  0.40687946  0.43741906  0.47863713  0.43741906  0.43297816  0.42856380  0.41981349  0.42856380  0.38167192  0.40261798  0.41547692  0.39416811  0.46003335  0.45545474  0.43297816  0.40687946  0.44188685  0.38997917  0.38167192  0.38997917  0.40261798  0.41981349  0.38997917  0.41547692  0.41116567  0.39416811  0.41547692  0.41116567  0.42856380  0.42417568  0.42417568  0.41981349  0.44188685  0.46927664  0.45090435  0.45090435  0.38997917  0.39416811  0.40261798  0.44188685  0.45545474  0.43741906  0.51236625  0.51731299  0.47394205  0.40261798  0.38997917  0.40687946  0.38167192  0.36533269  0.36938372  0.43741906  0.43297816  0.43297816  0.38167192  0.42417568  0.43741906  0.42856380  0.43297816  0.43741906  0.43741906  0.43297816  0.40687946  0.41547692  0.43297816  0.46464053  0.39838096  0.44638183  0.41981349  0.46003335  0.47394205  0.47394205  0.49290421  0.46003335  0.48336226  0.48336226  0.46927664  0.47394205  0.47394205  0.46003335  0.46464053  0.51236625  0.46003335  0.42417568  0.45090435  0.44638183  0.45545474  0.45545474  0.43297816  0.43297816  0.44638183  0.41981349  0.40261798  0.39416811  0.39838096  0.41547692  0.45545474  0.45090435  0.45090435  0.41547692  0.40261798  0.41116567  0.44188685  
38_12_0    0.34540438  0.41116567  0.32984018  0.32984018  0.32217942  0.36533269  0.32599986  0.31837864  0.42856380  0.54255641  0.53743821  0.29230736  0.28865692  0.07785613  0.05627869  0.00000000  0.05894164  0.10859397  0.10859397  0.28140975  0.28502444  0.34148246  0.29966283  0.29230736  0.28502444  0.31837864  0.32217942  0.32984018  0.33370058  0.32599986  0.33758127  0.33758127  0.44188685  0.41116567  0.32599986  0.34934724  0.44188685  0.43297816  0.43741906  0.36533269  0.36533269  0.34540438  0.32984018  0.34148246  0.55290051  0.54771035  0.41547692  0.36938372  0.36130376  0.35331127  0.34148246  0.35729670  0.41547692  0.39838096  0.40687946  0.40687946  0.44188685  0.46003335  0.45545474  0.46003335  0.37345711  0.37345711  0.37755309  0.37345711  0.42856380  0.39838096  0.41981349  0.38581386  0.40687946  0.41547692  0.45545474  0.41981349  0.40687946  0.40261798  0.39416811  0.41116567  0.36130376  0.38581386  0.40687946  0.41116567  0.46464053  0.46003335  0.44638183  0.43741906  0.44638183  0.40261798  0.40261798  0.41116567  0.40687946  0.42417568  0.38581386  0.43741906  0.43297816  0.40687946  0.40687946  0.40261798  0.41116567  0.40687946  0.41547692  0.41116567  0.44638183  0.47863713  0.46003335  0.44188685  0.43297816  0.40261798  0.40261798  0.45090435  0.42856380  0.44188685  0.52730703  0.54255641  0.49772184  0.40687946  0.41116567  0.42856380  0.36533269  0.35729670  0.36130376  0.42856380  0.42417568  0.43297816  0.37755309  0.39838096  0.43741906  0.43741906  0.42417568  0.41116567  0.42856380  0.41547692  0.40687946  0.40687946  0.42417568  0.42417568  0.39838096  0.44188685  0.40261798  0.41981349  0.46464053  0.44638183  0.47394205  0.45090435  0.46464053  0.46927664  0.45545474  0.46927664  0.46927664  0.45090435  0.42856380  0.48336226  0.46927664  0.42856380  0.45090435  0.44638183  0.42856380  0.42856380  0.45545474  0.42856380  0.43741906  0.40261798  0.38581386  0.37755309  0.38167192  0.38997917  0.42856380  0.45545474  0.46464053  0.40687946  0.39416811  0.42417568  0.42417568  
19_12_0    0.33758127  0.42856380  0.31459733  0.32217942  0.31459733  0.34934724  0.32599986  0.31837864  0.39416811  0.52229310  0.49772184  0.31083529  0.29230736  0.04834701  0.09166945  0.05894164  0.00000000  0.10574614  0.10574614  0.28140975  0.26712539  0.31837864  0.28140975  0.27423303  0.26712539  0.29597593  0.29966283  0.31459733  0.31837864  0.30336823  0.30709232  0.32217942  0.43741906  0.40687946  0.33758127  0.36938372  0.41116567  0.41981349  0.43297816  0.38581386  0.38581386  0.35729670  0.35331127  0.37345711  0.54771035  0.54255641  0.41981349  0.37755309  0.37755309  0.36938372  0.36533269  0.38167192  0.42417568  0.40687946  0.41547692  0.41547692  0.38581386  0.41116567  0.40687946  0.41116567  0.37755309  0.37755309  0.38167192  0.36938372  0.43297816  0.39416811  0.41547692  0.37345711  0.36130376  0.39416811  0.42417568  0.41547692  0.39416811  0.38997917  0.38167192  0.39838096  0.39416811  0.37345711  0.37755309  0.38997917  0.43741906  0.44188685  0.44638183  0.44188685  0.41547692  0.40687946  0.40687946  0.40687946  0.40261798  0.43741906  0.40687946  0.41547692  0.43741906  0.38581386  0.41116567  0.40687946  0.40687946  0.40261798  0.44638183  0.43297816  0.43297816  0.45545474  0.43741906  0.44638183  0.43741906  0.39838096  0.38997917  0.44188685  0.41547692  0.43297816  0.50257110  0.51731299  0.46927664  0.41116567  0.41547692  0.41547692  0.34540438  0.34540438  0.34148246  0.40687946  0.40261798  0.39838096  0.36938372  0.41981349  0.43297816  0.43297816  0.43297816  0.41116567  0.42856380  0.40261798  0.37345711  0.39838096  0.39838096  0.42417568  0.37345711  0.38997917  0.39416811  0.44188685  0.46927664  0.47863713  0.46927664  0.45545474  0.46003335  0.47394205  0.46927664  0.47394205  0.47394205  0.43741906  0.44188685  0.47863713  0.45545474  0.40687946  0.42417568  0.43741906  0.42856380  0.42856380  0.44638183  0.42856380  0.46927664  0.43297816  0.38997917  0.40687946  0.40261798  0.41116567  0.44188685  0.46927664  0.44188685  0.41116567  0.38167192  0.41981349  0.43297816  
23_12_0    0.39416811  0.44638183  0.37755309  0.37755309  0.38581386  0.38167192  0.34540438  0.33758127  0.42417568  0.55812742  0.53235524  0.34540438  0.32599986  0.10290925  0.12591559  0.10859397  0.10574614  0.00000000  0.01492824  0.33370058  0.34540438  0.38581386  0.34934724  0.34148246  0.33370058  0.34148246  0.34540438  0.34540438  0.35729670  0.35331127  0.36533269  0.37345711  0.46927664  0.43741906  0.41981349  0.37345711  0.49290421  0.46464053  0.46927664  0.39416811  0.37755309  0.35729670  0.34934724  0.36130376  0.56869359  0.55290051  0.42856380  0.42417568  0.39416811  0.41116567  0.39838096  0.41116567  0.49290421  0.47394205  0.47394205  0.47394205  0.46464053  0.47394205  0.47863713  0.48336226  0.42856380  0.42856380  0.43297816  0.42856380  0.46464053  0.41547692  0.42856380  0.42856380  0.41981349  0.43297816  0.47394205  0.45090435  0.40687946  0.40261798  0.39416811  0.40261798  0.40687946  0.40687946  0.42856380  0.42417568  0.49290421  0.50257110  0.47394205  0.46927664  0.41981349  0.39838096  0.39838096  0.40261798  0.37345711  0.40261798  0.37345711  0.43297816  0.41981349  0.40261798  0.42856380  0.43297816  0.43297816  0.42856380  0.44188685  0.42856380  0.45090435  0.46927664  0.44638183  0.46464053  0.44188685  0.45545474  0.46464053  0.49772184  0.49290421  0.46003335  0.52229310  0.51731299  0.49772184  0.43297816  0.41981349  0.42856380  0.41116567  0.39416811  0.39838096  0.47863713  0.47394205  0.43297816  0.45545474  0.45090435  0.47863713  0.46927664  0.47394205  0.49772184  0.48811782  0.46003335  0.46464053  0.46927664  0.46927664  0.46003335  0.44638183  0.44638183  0.43741906  0.50257110  0.49772184  0.48811782  0.55812742  0.53235524  0.51731299  0.52229310  0.52229310  0.51731299  0.51731299  0.49290421  0.48336226  0.56339160  0.49772184  0.46464053  0.47863713  0.50745243  0.47394205  0.47394205  0.46003335  0.44638183  0.46464053  0.43297816  0.40261798  0.41116567  0.42417568  0.44188685  0.43741906  0.45545474  0.46003335  0.44188685  0.42417568  0.46464053  0.44638183  
65_12_0    0.39416811  0.45090435  0.37755309  0.37755309  0.38581386  0.38581386  0.34540438  0.33758127  0.41547692  0.54255641  0.51731299  0.32984018  0.31083529  0.10859397  0.13178097  0.10859397  0.10574614  0.01492824  0.00000000  0.31837864  0.32984018  0.37345711  0.34148246  0.33370058  0.32599986  0.34148246  0.34540438  0.36130376  0.37345711  0.34540438  0.36130376  0.36938372  0.46927664  0.42856380  0.41116567  0.37345711  0.49290421  0.48336226  0.46927664  0.41116567  0.39416811  0.37345711  0.36533269  0.37755309  0.56869359  0.56339160  0.43741906  0.42417568  0.38997917  0.40687946  0.39416811  0.40687946  0.48336226  0.46464053  0.47394205  0.47394205  0.45545474  0.47394205  0.46927664  0.47394205  0.42417568  0.42417568  0.42856380  0.42417568  0.44638183  0.41547692  0.44188685  0.42856380  0.42417568  0.44188685  0.47394205  0.45090435  0.39838096  0.39416811  0.38581386  0.39416811  0.40687946  0.40687946  0.42856380  0.42417568  0.51731299  0.50745243  0.48811782  0.47394205  0.42417568  0.39416811  0.41116567  0.40687946  0.38581386  0.41547692  0.38581386  0.43741906  0.42417568  0.41547692  0.43741906  0.44188685  0.43297816  0.42856380  0.44188685  0.42856380  0.45090435  0.46927664  0.45545474  0.46927664  0.44188685  0.45545474  0.44638183  0.48811782  0.49290421  0.45090435  0.54255641  0.53743821  0.50745243  0.44188685  0.41981349  0.43741906  0.39416811  0.39416811  0.39838096  0.47863713  0.47394205  0.42417568  0.45545474  0.45545474  0.47394205  0.47394205  0.46464053  0.50745243  0.49772184  0.47863713  0.45545474  0.46927664  0.46003335  0.45090435  0.44638183  0.45090435  0.43741906  0.50257110  0.48811782  0.47863713  0.53743821  0.51236625  0.50745243  0.51731299  0.52730703  0.52229310  0.52229310  0.49772184  0.48336226  0.56339160  0.48811782  0.46927664  0.49290421  0.48811782  0.47394205  0.47394205  0.46003335  0.44638183  0.46464053  0.44188685  0.40261798  0.40261798  0.41547692  0.43297816  0.44638183  0.45545474  0.46003335  0.44188685  0.41547692  0.45545474  0.43741906  
