16
20_0_0     0.00000000  0.06343258  0.06343258  0.08172621  0.10048661  0.09417981  0.08792665  0.08792665  0.13285849  0.17368532  0.17368532  0.19498153  0.16672147  0.15982297  0.23190602  0.21691299  
13_0_0     0.06343258  0.00000000  0.00000000  0.04558306  0.07557763  0.06948003  0.06343258  0.06343258  0.15298858  0.19498153  0.19498153  0.22437129  0.19498153  0.16672147  0.20221958  0.20221958  
19_0_0     0.06343258  0.00000000  0.00000000  0.04558306  0.07557763  0.06948003  0.06343258  0.06343258  0.15298858  0.19498153  0.19498153  0.22437129  0.19498153  0.16672147  0.20221958  0.20221958  
16_0_0     0.08172621  0.04558306  0.04558306  0.00000000  0.08792665  0.08172621  0.07557763  0.07557763  0.15982297  0.20952958  0.20952958  0.23190602  0.21691299  0.15982297  0.21691299  0.21691299  
14_0_0     0.10048661  0.07557763  0.07557763  0.08792665  0.00000000  0.00554572  0.01113359  0.01113359  0.14621713  0.18071574  0.18071574  0.19498153  0.19498153  0.17368532  0.18781404  0.17368532  
18_0_0     0.09417981  0.06948003  0.06948003  0.08172621  0.00554572  0.00000000  0.00554572  0.00554572  0.13950748  0.17368532  0.17368532  0.18781404  0.18781404  0.16672147  0.18071574  0.16672147  
17_0_0     0.08792665  0.06343258  0.06343258  0.07557763  0.01113359  0.00554572  0.00000000  0.00000000  0.14621713  0.16672147  0.16672147  0.19498153  0.18071574  0.15982297  0.18781404  0.17368532  
15_0_0     0.08792665  0.06343258  0.06343258  0.07557763  0.01113359  0.00554572  0.00000000  0.00000000  0.14621713  0.16672147  0.16672147  0.19498153  0.18071574  0.15982297  0.18781404  0.17368532  
7_0_0      0.13285849  0.15298858  0.15298858  0.15982297  0.14621713  0.13950748  0.14621713  0.14621713  0.00000000  0.13285849  0.13285849  0.12626910  0.11326485  0.11326485  0.16672147  0.12626910  
4_0_0      0.17368532  0.19498153  0.19498153  0.20952958  0.18071574  0.17368532  0.16672147  0.16672147  0.13285849  0.00000000  0.00000000  0.07557763  0.05148489  0.07557763  0.15982297  0.11973823  
11_0_0     0.17368532  0.19498153  0.19498153  0.20952958  0.18071574  0.17368532  0.16672147  0.16672147  0.13285849  0.00000000  0.00000000  0.07557763  0.05148489  0.07557763  0.15982297  0.11973823  
8_0_0      0.19498153  0.22437129  0.22437129  0.23190602  0.19498153  0.18781404  0.19498153  0.19498153  0.12626910  0.07557763  0.07557763  0.00000000  0.02243836  0.09417981  0.18781404  0.14621713  
1_0_0      0.16672147  0.19498153  0.19498153  0.21691299  0.19498153  0.18781404  0.18071574  0.18071574  0.11326485  0.05148489  0.05148489  0.02243836  0.00000000  0.08172621  0.17368532  0.13285849  
10_0_0     0.15982297  0.16672147  0.16672147  0.15982297  0.17368532  0.16672147  0.15982297  0.15982297  0.11326485  0.07557763  0.07557763  0.09417981  0.08172621  0.00000000  0.13950748  0.10048661  
9_0_0      0.23190602  0.20221958  0.20221958  0.21691299  0.18781404  0.18071574  0.18781404  0.18781404  0.16672147  0.15982297  0.15982297  0.18781404  0.17368532  0.13950748  0.00000000  0.05148489  
6_0_0      0.21691299  0.20221958  0.20221958  0.21691299  0.17368532  0.16672147  0.17368532  0.17368532  0.12626910  0.11973823  0.11973823  0.14621713  0.13285849  0.10048661  0.05148489  0.00000000  

