16
5_0_0      0.00000000  0.06454430  0.10228909  0.18412762  0.26003840  0.25208554  0.25208554  0.30114383  0.40056239  0.39094912  0.41030275  0.41030275  0.40056239  0.38145969  0.36283981  0.35370342  
1_0_0      0.06454430  0.00000000  0.05238053  0.16280005  0.23643281  0.22872941  0.24421760  0.28442546  0.35370342  0.36283981  0.36283981  0.38145969  0.38145969  0.35370342  0.33576368  0.38145969  
8_0_0      0.10228909  0.05238053  0.00000000  0.19137625  0.22872941  0.23643281  0.23643281  0.32695502  0.39094912  0.40056239  0.39094912  0.38145969  0.34467895  0.36283981  0.34467895  0.38145969  
10_0_0     0.18412762  0.16280005  0.19137625  0.00000000  0.21356014  0.21356014  0.21356014  0.26003840  0.34467895  0.35370342  0.36283981  0.39094912  0.36283981  0.36283981  0.35370342  0.41030275  
3_0_0      0.26003840  0.23643281  0.22872941  0.21356014  0.00000000  0.02282176  0.06454430  0.30964748  0.41030275  0.42017361  0.41030275  0.43017853  0.38145969  0.33576368  0.31825042  0.34467895  
6_0_0      0.25208554  0.22872941  0.23643281  0.21356014  0.02282176  0.00000000  0.06454430  0.31825042  0.38145969  0.39094912  0.38145969  0.40056239  0.35370342  0.30964748  0.29273722  0.33576368  
9_0_0      0.25208554  0.24421760  0.23643281  0.21356014  0.06454430  0.06454430  0.00000000  0.26807806  0.38145969  0.39094912  0.38145969  0.39094912  0.34467895  0.32695502  0.30964748  0.35370342  
7_0_0      0.30114383  0.28442546  0.32695502  0.26003840  0.30964748  0.31825042  0.26807806  0.00000000  0.40056239  0.41030275  0.43017853  0.40056239  0.45060543  0.42017361  0.44032119  0.43017853  
17_0_0     0.40056239  0.35370342  0.39094912  0.34467895  0.41030275  0.38145969  0.38145969  0.40056239  0.00000000  0.00563951  0.04637314  0.08317500  0.12857130  0.10877227  0.12191233  0.16280005  
15_0_0     0.39094912  0.36283981  0.40056239  0.35370342  0.42017361  0.39094912  0.39094912  0.41030275  0.00563951  0.00000000  0.05238053  0.08949142  0.13529101  0.11531300  0.12857130  0.15582590  
14_0_0     0.41030275  0.36283981  0.39094912  0.36283981  0.41030275  0.38145969  0.38145969  0.43017853  0.04637314  0.05238053  0.00000000  0.09586247  0.14207257  0.12191233  0.12191233  0.16280005  
18_0_0     0.41030275  0.38145969  0.38145969  0.39094912  0.43017853  0.40056239  0.39094912  0.40056239  0.08317500  0.08949142  0.09586247  0.00000000  0.15582590  0.12857130  0.14207257  0.16984086  
16_0_0     0.40056239  0.38145969  0.34467895  0.36283981  0.38145969  0.35370342  0.34467895  0.45060543  0.12857130  0.13529101  0.14207257  0.15582590  0.00000000  0.08949142  0.07691227  0.10877227  
19_0_0     0.38145969  0.35370342  0.36283981  0.36283981  0.33576368  0.30964748  0.32695502  0.42017361  0.10877227  0.11531300  0.12191233  0.12857130  0.08949142  0.00000000  0.01132252  0.07070233  
13_0_0     0.36283981  0.33576368  0.34467895  0.35370342  0.31825042  0.29273722  0.30964748  0.44032119  0.12191233  0.12857130  0.12191233  0.14207257  0.07691227  0.01132252  0.00000000  0.05843731  
20_0_0     0.35370342  0.38145969  0.38145969  0.41030275  0.34467895  0.33576368  0.35370342  0.43017853  0.16280005  0.15582590  0.16280005  0.16984086  0.10877227  0.07070233  0.05843731  0.00000000  

