7
39_9_0     0.00000000  0.04979353  0.04408967  0.07306679  0.07900328  0.06133714  0.06133714  
29_10_0    0.04979353  0.00000000  0.01622224  0.03281433  0.03843016  0.06717833  0.05554245  
29_7_0     0.04408967  0.01622224  0.00000000  0.03843016  0.04408967  0.06133714  0.04979353  
39_7_0     0.07306679  0.03281433  0.03843016  0.00000000  0.00536734  0.09102354  0.07900328  
39_11_0    0.07900328  0.03843016  0.04408967  0.00536734  0.00000000  0.09710894  0.08498859  
29_0_0     0.06133714  0.06717833  0.06133714  0.09102354  0.09710894  0.00000000  0.03281433  
39_0_0     0.06133714  0.05554245  0.04979353  0.07900328  0.08498859  0.03281433  0.00000000  

