fastme_mat.p : 1.0634138584136963
fastme.f81 : 2.8926992416381836
ba.exp : 24.807333946228027
pipeline_dl6783683 : 29.60656499862671
