fastme_mat.p : 0.6023391888141632
fastme.f81 : 1.5584262577052117
ba.exp : 13.870758899627209
