16
16_0_0     0.00000000  0.07597351  0.39346772  0.44217361  0.42230691  0.44217361  0.44217361  0.43217394  0.48357348  0.42230691  0.28000163  0.27195035  0.27195035  0.24058942  0.25610461  0.25610461  
20_0_0     0.07597351  0.00000000  0.46258554  0.47300549  0.47300549  0.47300549  0.47300549  0.46258554  0.51620940  0.44217361  0.24058942  0.24830656  0.24830656  0.23295153  0.24830656  0.24830656  
8_0_0      0.39346772  0.46258554  0.00000000  0.04582769  0.04582769  0.04582769  0.04582769  0.04582769  0.08838247  0.14693669  0.45230956  0.46258554  0.46258554  0.44217361  0.46258554  0.46258554  
7_0_0      0.44217361  0.47300549  0.04582769  0.00000000  0.01119494  0.00000000  0.01119494  0.01119494  0.03994242  0.12034199  0.45230956  0.44217361  0.44217361  0.44217361  0.44217361  0.44217361  
5_0_0      0.42230691  0.47300549  0.04582769  0.01119494  0.00000000  0.01119494  0.02256095  0.02256095  0.05175990  0.13352048  0.44217361  0.43217394  0.43217394  0.43217394  0.43217394  0.43217394  
10_0_0     0.44217361  0.47300549  0.04582769  0.00000000  0.01119494  0.00000000  0.01119494  0.01119494  0.03994242  0.12034199  0.45230956  0.44217361  0.44217361  0.44217361  0.44217361  0.44217361  
1_0_0      0.44217361  0.47300549  0.04582769  0.01119494  0.02256095  0.01119494  0.00000000  0.02256095  0.05175990  0.13352048  0.45230956  0.44217361  0.44217361  0.44217361  0.44217361  0.44217361  
12_0_0     0.43217394  0.46258554  0.04582769  0.01119494  0.02256095  0.01119494  0.02256095  0.00000000  0.05175990  0.12034199  0.43217394  0.44217361  0.44217361  0.42230691  0.44217361  0.44217361  
4_0_0      0.48357348  0.51620940  0.08838247  0.03994242  0.05175990  0.03994242  0.05175990  0.05175990  0.00000000  0.16752595  0.49429380  0.48357348  0.48357348  0.48357348  0.48357348  0.48357348  
9_0_0      0.42230691  0.44217361  0.14693669  0.12034199  0.13352048  0.12034199  0.13352048  0.12034199  0.16752595  0.00000000  0.40295708  0.39346772  0.39346772  0.40295708  0.39346772  0.39346772  
11_0_0     0.28000163  0.24058942  0.45230956  0.45230956  0.44217361  0.45230956  0.45230956  0.43217394  0.49429380  0.40295708  0.00000000  0.02830976  0.02830976  0.05175990  0.04582769  0.04582769  
14_0_0     0.27195035  0.24830656  0.46258554  0.44217361  0.43217394  0.44217361  0.44217361  0.44217361  0.48357348  0.39346772  0.02830976  0.00000000  0.00000000  0.05773981  0.03994242  0.03994242  
2_0_0      0.27195035  0.24830656  0.46258554  0.44217361  0.43217394  0.44217361  0.44217361  0.44217361  0.48357348  0.39346772  0.02830976  0.00000000  0.00000000  0.05773981  0.03994242  0.03994242  
13_0_0     0.24058942  0.23295153  0.44217361  0.44217361  0.43217394  0.44217361  0.44217361  0.42230691  0.48357348  0.40295708  0.05175990  0.05773981  0.05773981  0.00000000  0.02830976  0.02830976  
3_0_0      0.25610461  0.24830656  0.46258554  0.44217361  0.43217394  0.44217361  0.44217361  0.44217361  0.48357348  0.39346772  0.04582769  0.03994242  0.03994242  0.02830976  0.00000000  0.00000000  
6_0_0      0.25610461  0.24830656  0.46258554  0.44217361  0.43217394  0.44217361  0.44217361  0.44217361  0.48357348  0.39346772  0.04582769  0.03994242  0.03994242  0.02830976  0.00000000  0.00000000  

