20
16_0_0     0.00000000  0.11219696  0.11219696  0.14666612  0.25279302  0.25279302  0.25279302  0.25279302  0.30343342  0.28616235  0.31222371  0.32112050  0.32112050  0.29474711  0.29474711  0.30343342  0.40644957  0.41657284  0.41657284  0.37689108  
15_0_0     0.11219696  0.00000000  0.09884991  0.10549311  0.27767678  0.27767678  0.27767678  0.27767678  0.30343342  0.30343342  0.29474711  0.28616235  0.28616235  0.31222371  0.33012640  0.31222371  0.46939473  0.45852201  0.45852201  0.44780793  
6_0_0      0.11219696  0.09884991  0.00000000  0.09226627  0.23666028  0.23666028  0.23666028  0.23666028  0.29474711  0.29474711  0.26099427  0.28616235  0.28616235  0.32112050  0.35782637  0.31222371  0.40644957  0.41657284  0.41657284  0.38661231  
14_0_0     0.14666612  0.10549311  0.09226627  0.00000000  0.27767678  0.27767678  0.27767678  0.27767678  0.27767678  0.27767678  0.26928816  0.27767678  0.27767678  0.31222371  0.33012640  0.33924412  0.35782637  0.34847647  0.34847647  0.35782637  
10_0_0     0.25279302  0.27767678  0.23666028  0.27767678  0.00000000  0.00000000  0.00000000  0.02948586  0.09884991  0.09884991  0.33924412  0.33924412  0.33924412  0.39646396  0.40644957  0.35782637  0.46939473  0.46939473  0.46939473  0.46939473  
12_0_0     0.25279302  0.27767678  0.23666028  0.27767678  0.00000000  0.00000000  0.00000000  0.02948586  0.09884991  0.09884991  0.33924412  0.33924412  0.33924412  0.39646396  0.40644957  0.35782637  0.46939473  0.46939473  0.46939473  0.46939473  
4_0_0      0.25279302  0.27767678  0.23666028  0.27767678  0.00000000  0.00000000  0.00000000  0.02948586  0.09884991  0.09884991  0.33924412  0.33924412  0.33924412  0.39646396  0.40644957  0.35782637  0.46939473  0.46939473  0.46939473  0.46939473  
5_0_0      0.25279302  0.27767678  0.23666028  0.27767678  0.02948586  0.02948586  0.02948586  0.00000000  0.11896257  0.11896257  0.33012640  0.33012640  0.33012640  0.40644957  0.41657284  0.39646396  0.46939473  0.46939473  0.46939473  0.46939473  
17_0_0     0.30343342  0.30343342  0.29474711  0.27767678  0.09884991  0.09884991  0.09884991  0.11896257  0.00000000  0.01165266  0.32112050  0.33012640  0.33012640  0.37689108  0.41657284  0.44780793  0.50301348  0.51457068  0.51457068  0.50301348  
11_0_0     0.28616235  0.30343342  0.29474711  0.27767678  0.09884991  0.09884991  0.09884991  0.11896257  0.01165266  0.00000000  0.33924412  0.34847647  0.34847647  0.37689108  0.41657284  0.44780793  0.50301348  0.51457068  0.51457068  0.50301348  
7_0_0      0.31222371  0.29474711  0.26099427  0.26928816  0.33924412  0.33924412  0.33924412  0.33012640  0.32112050  0.33924412  0.00000000  0.01754907  0.01754907  0.13964164  0.18283325  0.49163536  0.49163536  0.50301348  0.50301348  0.53824548  
13_0_0     0.32112050  0.28616235  0.28616235  0.27767678  0.33924412  0.33924412  0.33924412  0.33012640  0.33012640  0.34847647  0.01754907  0.00000000  0.00000000  0.13268371  0.16091994  0.48043085  0.50301348  0.49163536  0.49163536  0.55037540  
9_0_0      0.32112050  0.28616235  0.28616235  0.27767678  0.33924412  0.33924412  0.33924412  0.33012640  0.33012640  0.34847647  0.01754907  0.00000000  0.00000000  0.13268371  0.16091994  0.48043085  0.50301348  0.49163536  0.49163536  0.55037540  
18_0_0     0.29474711  0.31222371  0.32112050  0.31222371  0.39646396  0.39646396  0.39646396  0.40644957  0.37689108  0.37689108  0.13964164  0.13268371  0.13268371  0.00000000  0.03552781  0.48043085  0.50301348  0.51457068  0.51457068  0.55037540  
8_0_0      0.29474711  0.33012640  0.35782637  0.33012640  0.40644957  0.40644957  0.40644957  0.41657284  0.41657284  0.41657284  0.18283325  0.16091994  0.16091994  0.03552781  0.00000000  0.48043085  0.51457068  0.50301348  0.50301348  0.56270905  
20_0_0     0.30343342  0.31222371  0.31222371  0.33924412  0.35782637  0.35782637  0.35782637  0.39646396  0.44780793  0.44780793  0.49163536  0.48043085  0.48043085  0.48043085  0.48043085  0.00000000  0.48043085  0.49163536  0.49163536  0.46939473  
1_0_0      0.40644957  0.46939473  0.40644957  0.35782637  0.46939473  0.46939473  0.46939473  0.46939473  0.50301348  0.50301348  0.49163536  0.50301348  0.50301348  0.50301348  0.51457068  0.48043085  0.00000000  0.00580322  0.00580322  0.02948586  
2_0_0      0.41657284  0.45852201  0.41657284  0.34847647  0.46939473  0.46939473  0.46939473  0.46939473  0.51457068  0.51457068  0.50301348  0.49163536  0.49163536  0.51457068  0.50301348  0.49163536  0.00580322  0.00000000  0.00000000  0.03552781  
3_0_0      0.41657284  0.45852201  0.41657284  0.34847647  0.46939473  0.46939473  0.46939473  0.46939473  0.51457068  0.51457068  0.50301348  0.49163536  0.49163536  0.51457068  0.50301348  0.49163536  0.00580322  0.00000000  0.00000000  0.03552781  
19_0_0     0.37689108  0.44780793  0.38661231  0.35782637  0.46939473  0.46939473  0.46939473  0.46939473  0.50301348  0.50301348  0.53824548  0.55037540  0.55037540  0.55037540  0.56270905  0.46939473  0.02948586  0.03552781  0.03552781  0.00000000  

