20
16_0_0     0.00000000  0.06689079  0.07372022  0.10047662  0.21430976  0.21430976  0.21430976  0.19727037  0.21561492  0.20693405  0.33558388  0.35805583  0.35805583  0.37341690  0.39724932  0.24234458  0.32572362  0.32572362  0.32572362  0.31523883  
15_0_0     0.06689079  0.00000000  0.06784395  0.06746082  0.20571322  0.20571322  0.20571322  0.18897580  0.20693405  0.19840987  0.31413281  0.35805583  0.35805583  0.36698530  0.39085831  0.27894400  0.33557442  0.33557442  0.33557442  0.32478426  
6_0_0      0.07372022  0.06784395  0.00000000  0.08816371  0.20693405  0.20693405  0.20693405  0.22445835  0.19118265  0.18287825  0.33799209  0.38466683  0.38466683  0.41274314  0.43890907  0.27089529  0.35732783  0.35732783  0.35732783  0.34563507  
14_0_0     0.10047662  0.06746082  0.08816371  0.00000000  0.23198702  0.23198702  0.23198702  0.21430976  0.23347054  0.22445835  0.35805583  0.40648664  0.40648664  0.49163724  0.46269098  0.29836537  0.35591471  0.35591471  0.35591471  0.33675102  
10_0_0     0.21430976  0.20571322  0.20693405  0.23198702  0.00000000  0.00000000  0.00000000  0.01170454  0.03580749  0.02965296  0.34923548  0.37255861  0.37255861  0.41274314  0.41274314  0.29013219  0.41773985  0.41773985  0.41773985  0.42747823  
12_0_0     0.21430976  0.20571322  0.20693405  0.23198702  0.00000000  0.00000000  0.00000000  0.01170454  0.03580749  0.02965296  0.34923548  0.37255861  0.37255861  0.41274314  0.41274314  0.29013219  0.41773985  0.41773985  0.41773985  0.42747823  
4_0_0      0.21430976  0.20571322  0.20693405  0.23198702  0.00000000  0.00000000  0.00000000  0.01170454  0.03580749  0.02965296  0.34923548  0.37255861  0.37255861  0.41274314  0.41274314  0.29013219  0.41773985  0.41773985  0.41773985  0.42747823  
5_0_0      0.19727037  0.18897580  0.22445835  0.21430976  0.01170454  0.01170454  0.01170454  0.00000000  0.04836251  0.04204328  0.34923548  0.37255861  0.37255861  0.43890907  0.43890907  0.29013219  0.39402837  0.39402837  0.39402837  0.40348583  
17_0_0     0.21561492  0.20693405  0.19118265  0.23347054  0.03580749  0.03580749  0.03580749  0.04836251  0.00000000  0.00581601  0.32940168  0.32940168  0.32940168  0.39085831  0.39085831  0.27237025  0.39193174  0.39193174  0.39193174  0.40138356  
11_0_0     0.20693405  0.19840987  0.18287825  0.22445835  0.02965296  0.02965296  0.02965296  0.04204328  0.00581601  0.00000000  0.34052162  0.34052162  0.34052162  0.37877098  0.37877098  0.26293840  0.38065358  0.38065358  0.38065358  0.38997839  
7_0_0      0.33558388  0.31413281  0.33799209  0.35805583  0.34923548  0.34923548  0.34923548  0.34923548  0.32940168  0.34052162  0.00000000  0.02370655  0.02370655  0.17695008  0.17695008  0.46209527  0.50233601  0.50233601  0.50233601  0.51328371  
13_0_0     0.35805583  0.35805583  0.38466683  0.40648664  0.37255861  0.37255861  0.37255861  0.37255861  0.32940168  0.34052162  0.02370655  0.00000000  0.00000000  0.17695008  0.17695008  0.43568670  0.47578126  0.47578126  0.47578126  0.48637611  
9_0_0      0.35805583  0.35805583  0.38466683  0.40648664  0.37255861  0.37255861  0.37255861  0.37255861  0.32940168  0.34052162  0.02370655  0.00000000  0.00000000  0.17695008  0.17695008  0.43568670  0.47578126  0.47578126  0.47578126  0.48637611  
18_0_0     0.37341690  0.36698530  0.41274314  0.49163724  0.41274314  0.41274314  0.41274314  0.43890907  0.39085831  0.37877098  0.17695008  0.17695008  0.17695008  0.00000000  0.01170454  0.50776932  0.58045118  0.58045118  0.58045118  0.56183188  
8_0_0      0.39724932  0.39085831  0.43890907  0.46269098  0.41274314  0.41274314  0.41274314  0.43890907  0.39085831  0.37877098  0.17695008  0.17695008  0.17695008  0.01170454  0.00000000  0.50776932  0.59636474  0.59636474  0.59636474  0.57696340  
20_0_0     0.24234458  0.27894400  0.27089529  0.29836537  0.29013219  0.29013219  0.29013219  0.29013219  0.27237025  0.26293840  0.46209527  0.43568670  0.43568670  0.50776932  0.50776932  0.00000000  0.34692737  0.34692737  0.34692737  0.35591471  
1_0_0      0.32572362  0.33557442  0.35732783  0.35591471  0.41773985  0.41773985  0.41773985  0.39402837  0.39193174  0.38065358  0.50233601  0.47578126  0.47578126  0.58045118  0.59636474  0.34692737  0.00000000  0.00000000  0.00000000  0.04204328  
2_0_0      0.32572362  0.33557442  0.35732783  0.35591471  0.41773985  0.41773985  0.41773985  0.39402837  0.39193174  0.38065358  0.50233601  0.47578126  0.47578126  0.58045118  0.59636474  0.34692737  0.00000000  0.00000000  0.00000000  0.04204328  
3_0_0      0.32572362  0.33557442  0.35732783  0.35591471  0.41773985  0.41773985  0.41773985  0.39402837  0.39193174  0.38065358  0.50233601  0.47578126  0.47578126  0.58045118  0.59636474  0.34692737  0.00000000  0.00000000  0.00000000  0.04204328  
19_0_0     0.31523883  0.32478426  0.34563507  0.33675102  0.42747823  0.42747823  0.42747823  0.40348583  0.40138356  0.38997839  0.51328371  0.48637611  0.48637611  0.56183188  0.57696340  0.35591471  0.04204328  0.04204328  0.04204328  0.00000000  

