20
16_0_0     0.00000000  0.11359722  0.11318338  0.14959435  0.26457674  0.26457674  0.26457674  0.26308537  0.32501387  0.30399588  0.34083443  0.35224676  0.35224676  0.31880617  0.31880617  0.31371117  0.43048501  0.44318165  0.44318165  0.39432532  
15_0_0     0.11359722  0.00000000  0.10100732  0.10808042  0.29776094  0.29776094  0.29776094  0.29574153  0.32969172  0.32969172  0.31880617  0.30816619  0.30816619  0.34083443  0.36394207  0.32739089  0.52974484  0.51403958  0.51403958  0.49884044  
6_0_0      0.11318338  0.10100732  0.00000000  0.09456281  0.24743265  0.24743265  0.24743265  0.24603744  0.31654123  0.31654123  0.27582042  0.30602674  0.30602674  0.34956872  0.39754280  0.32555798  0.44590984  0.45957991  0.45957991  0.41970376  
14_0_0     0.14959435  0.10808042  0.09456281  0.00000000  0.29574153  0.29574153  0.29574153  0.29382797  0.29574153  0.29574153  0.28567581  0.29574153  0.29574153  0.33830064  0.36111259  0.35770406  0.38837294  0.37641558  0.37641558  0.38837294  
10_0_0     0.26457674  0.29776094  0.24743265  0.29574153  0.00000000  0.00000000  0.00000000  0.02965465  0.10158631  0.10158631  0.38230597  0.38230597  0.38230597  0.46389223  0.47897540  0.37366204  0.51236094  0.51236094  0.51236094  0.51236094  
12_0_0     0.26457674  0.29776094  0.24743265  0.29574153  0.00000000  0.00000000  0.00000000  0.02965465  0.10158631  0.10158631  0.38230597  0.38230597  0.38230597  0.46389223  0.47897540  0.37366204  0.51236094  0.51236094  0.51236094  0.51236094  
4_0_0      0.26457674  0.29776094  0.24743265  0.29574153  0.00000000  0.00000000  0.00000000  0.02965465  0.10158631  0.10158631  0.38230597  0.38230597  0.38230597  0.46389223  0.47897540  0.37366204  0.51236094  0.51236094  0.51236094  0.51236094  
5_0_0      0.26308537  0.29574153  0.24603744  0.29382797  0.02965465  0.02965465  0.02965465  0.00000000  0.12255300  0.12255300  0.36689805  0.36689805  0.36689805  0.47424415  0.48955797  0.41812120  0.50849861  0.50849861  0.50849861  0.50849861  
17_0_0     0.32501387  0.32969172  0.31654123  0.29574153  0.10158631  0.10158631  0.10158631  0.12255300  0.00000000  0.01170473  0.35797128  0.36998171  0.36998171  0.43510005  0.49455686  0.48703730  0.55932963  0.57608604  0.57608604  0.55932963  
11_0_0     0.30399588  0.32969172  0.31654123  0.29574153  0.10158631  0.10158631  0.10158631  0.12255300  0.01170473  0.00000000  0.38230597  0.39496091  0.39496091  0.43510005  0.49455686  0.48703730  0.55932963  0.57608604  0.57608604  0.55932963  
7_0_0      0.34083443  0.31880617  0.27582042  0.28567581  0.38230597  0.38230597  0.38230597  0.36689805  0.35797128  0.38230597  0.00000000  0.01766784  0.01766784  0.14818823  0.19823611  0.54774206  0.54314813  0.55932963  0.55932963  0.61149791  
13_0_0     0.35224676  0.30816619  0.30602674  0.29574153  0.38230597  0.38230597  0.38230597  0.36689805  0.36998171  0.39496091  0.01766784  0.00000000  0.00000000  0.14033986  0.17254868  0.53181786  0.55932963  0.54314813  0.54314813  0.63025343  
9_0_0      0.35224676  0.30816619  0.30602674  0.29574153  0.38230597  0.38230597  0.38230597  0.36689805  0.36998171  0.39496091  0.01766784  0.00000000  0.00000000  0.14033986  0.17254868  0.53181786  0.55932963  0.54314813  0.54314813  0.63025343  
18_0_0     0.31880617  0.34083443  0.34956872  0.33830064  0.46389223  0.46389223  0.46389223  0.47424415  0.43510005  0.43510005  0.14818823  0.14033986  0.14033986  0.00000000  0.03602332  0.53181786  0.55932963  0.57608604  0.57608604  0.63025343  
8_0_0      0.31880617  0.36394207  0.39754280  0.36111259  0.47897540  0.47897540  0.47897540  0.48955797  0.49455686  0.49455686  0.19823611  0.17254868  0.17254868  0.03602332  0.00000000  0.53181786  0.57608604  0.55932963  0.55932963  0.64978574  
20_0_0     0.31371117  0.32739089  0.32555798  0.35770406  0.37366204  0.37366204  0.37366204  0.41812120  0.48703730  0.48703730  0.54774206  0.53181786  0.53181786  0.53181786  0.53181786  0.00000000  0.52750339  0.54314813  0.54314813  0.51236094  
1_0_0      0.43048501  0.52974484  0.44590984  0.38837294  0.51236094  0.51236094  0.51236094  0.50849861  0.55932963  0.55932963  0.54314813  0.55932963  0.55932963  0.55932963  0.57608604  0.52750339  0.00000000  0.00581606  0.00581606  0.02982512  
2_0_0      0.44318165  0.51403958  0.45957991  0.37641558  0.51236094  0.51236094  0.51236094  0.50849861  0.57608604  0.57608604  0.55932963  0.54314813  0.54314813  0.57608604  0.55932963  0.54314813  0.00581606  0.00000000  0.00000000  0.03602332  
3_0_0      0.44318165  0.51403958  0.45957991  0.37641558  0.51236094  0.51236094  0.51236094  0.50849861  0.57608604  0.57608604  0.55932963  0.54314813  0.54314813  0.57608604  0.55932963  0.54314813  0.00581606  0.00000000  0.00000000  0.03602332  
19_0_0     0.39432532  0.49884044  0.41970376  0.38837294  0.51236094  0.51236094  0.51236094  0.50849861  0.55932963  0.55932963  0.61149791  0.63025343  0.63025343  0.63025343  0.64978574  0.51236094  0.02982512  0.03602332  0.03602332  0.00000000  

