13
13_0_0     0.00000000  0.01818453  0.01818453  0.05594405  0.06242793  0.37312320  0.38307765  0.40339530  0.39316711  0.40339530  0.38307765  0.38307765  0.42428349  
3_0_0      0.01818453  0.00000000  0.00000000  0.04951619  0.05594405  0.34403497  0.37312320  0.39316711  0.38307765  0.39316711  0.39316711  0.39316711  0.41376608  
6_0_0      0.01818453  0.00000000  0.00000000  0.04951619  0.05594405  0.34403497  0.37312320  0.39316711  0.38307765  0.39316711  0.39316711  0.39316711  0.41376608  
14_0_0     0.05594405  0.04951619  0.04951619  0.00000000  0.00601225  0.40339530  0.39316711  0.41376608  0.40339530  0.41376608  0.39316711  0.39316711  0.43495172  
2_0_0      0.06242793  0.05594405  0.05594405  0.00601225  0.00000000  0.41376608  0.40339530  0.42428349  0.41376608  0.42428349  0.40339530  0.40339530  0.44577518  
9_1_0      0.37312320  0.34403497  0.34403497  0.40339530  0.41376608  0.00000000  0.20560843  0.23787580  0.19775563  0.22156717  0.24616618  0.23787580  0.18229442  
7_0_0      0.38307765  0.37312320  0.37312320  0.39316711  0.40339530  0.20560843  0.00000000  0.02434618  0.01818453  0.01207350  0.07556775  0.06242793  0.03682474  
5_0_0      0.40339530  0.39316711  0.39316711  0.41376608  0.42428349  0.23787580  0.02434618  0.00000000  0.04314340  0.03682474  0.08894383  0.08894383  0.06242793  
10_0_0     0.39316711  0.38307765  0.38307765  0.40339530  0.41376608  0.19775563  0.01818453  0.04314340  0.00000000  0.03055929  0.09572316  0.08222573  0.05594405  
1_0_0      0.40339530  0.39316711  0.39316711  0.41376608  0.42428349  0.22156717  0.01207350  0.03682474  0.03055929  0.00000000  0.08894383  0.07556775  0.04951619  
12_0_0     0.38307765  0.39316711  0.39316711  0.39316711  0.40339530  0.24616618  0.07556775  0.08894383  0.09572316  0.08894383  0.00000000  0.10256484  0.08894383  
4_0_0      0.38307765  0.39316711  0.39316711  0.39316711  0.40339530  0.23787580  0.06242793  0.08894383  0.08222573  0.07556775  0.10256484  0.00000000  0.08894383  
8_0_0      0.42428349  0.41376608  0.41376608  0.43495172  0.44577518  0.18229442  0.03682474  0.06242793  0.05594405  0.04951619  0.08894383  0.08894383  0.00000000  

