133
12_8_0     0.00000000  0.02691534  0.05484675  0.39141069  0.45377827  0.47022758  0.46195722  0.47022758  0.46195722  0.48705087  0.47022758  0.48705087  0.46195722  0.45377827  0.40651673  0.46195722  0.45377827  0.45377827  0.46195722  0.43768669  0.41418700  0.48705087  0.46195722  0.46195722  0.46195722  0.47859142  0.49560816  0.52189030  0.55845143  0.59691332  0.59691332  0.63748449  0.53994508  0.49560816  0.48705087  0.43768669  0.45377827  0.43768669  0.47022758  0.47022758  0.52189030  0.54914040  0.52189030  0.43768669  0.48705087  0.47859142  0.50426557  0.52189030  0.46195722  0.45377827  0.43768669  0.46195722  0.47859142  0.47859142  0.51302546  0.52189030  0.42977025  0.46195722  0.46195722  0.47859142  0.46195722  0.47022758  0.46195722  0.47859142  0.52189030  0.52189030  0.49560816  0.46195722  0.42977025  0.43768669  0.46195722  0.48705087  0.47022758  0.42193760  0.48705087  0.43768669  0.43768669  0.41418700  0.38397175  0.49560816  0.51302546  0.56788111  0.48705087  0.46195722  0.50426557  0.49560816  0.53994508  0.50426557  0.50426557  0.49560816  0.52189030  0.53086262  0.53086262  0.55845143  0.45377827  0.41418700  0.46195722  0.47022758  0.46195722  0.44568874  0.58710881  0.53994508  0.63748449  0.47022758  0.46195722  0.45377827  0.53994508  0.56788111  0.56788111  0.59691332  0.56788111  0.57743251  0.50426557  0.48705087  0.50426557  0.43768669  0.49560816  0.49560816  0.47022758  0.47859142  0.49560816  0.46195722  0.56788111  0.52189030  0.62713126  0.63748449  0.60684948  0.58710881  0.56788111  0.50426557  0.59691332  0.60684948  0.60684948  
20_8_0     0.02691534  0.00000000  0.05484675  0.41418700  0.45377827  0.47022758  0.47859142  0.47022758  0.44568874  0.48705087  0.47022758  0.46195722  0.47022758  0.44568874  0.39892516  0.42193760  0.41418700  0.41418700  0.42193760  0.42977025  0.40651673  0.47022758  0.43768669  0.50426557  0.50426557  0.50426557  0.53994508  0.54914040  0.56788111  0.63748449  0.63748449  0.64798464  0.54914040  0.53994508  0.51302546  0.42977025  0.44568874  0.42977025  0.46195722  0.46195722  0.51302546  0.53994508  0.51302546  0.47859142  0.47859142  0.47022758  0.53086262  0.54914040  0.47022758  0.48705087  0.44568874  0.47022758  0.50426557  0.50426557  0.50426557  0.53086262  0.43768669  0.47022758  0.47022758  0.48705087  0.47022758  0.47859142  0.47022758  0.50426557  0.54914040  0.54914040  0.50426557  0.47022758  0.43768669  0.42977025  0.47022758  0.49560816  0.44568874  0.42977025  0.49560816  0.42977025  0.44568874  0.43768669  0.39141069  0.52189030  0.51302546  0.56788111  0.47022758  0.47022758  0.49560816  0.48705087  0.53086262  0.53086262  0.53086262  0.50426557  0.53086262  0.52189030  0.52189030  0.54914040  0.48705087  0.44568874  0.48705087  0.48705087  0.48705087  0.47022758  0.58710881  0.53086262  0.60684948  0.47859142  0.50426557  0.47859142  0.56788111  0.57743251  0.57743251  0.59691332  0.56788111  0.57743251  0.53086262  0.51302546  0.49560816  0.42977025  0.50426557  0.50426557  0.46195722  0.47022758  0.48705087  0.45377827  0.53994508  0.51302546  0.61692089  0.62713126  0.60684948  0.56788111  0.57743251  0.53086262  0.62713126  0.63748449  0.63748449  
3_8_0      0.05484675  0.05484675  0.00000000  0.40651673  0.42977025  0.42977025  0.42193760  0.42977025  0.42977025  0.47022758  0.45377827  0.47022758  0.42977025  0.42193760  0.39141069  0.46195722  0.45377827  0.45377827  0.46195722  0.43768669  0.38397175  0.48705087  0.44568874  0.47022758  0.47022758  0.48705087  0.53994508  0.52189030  0.53994508  0.60684948  0.60684948  0.61692089  0.55845143  0.51302546  0.50426557  0.47022758  0.47022758  0.45377827  0.50426557  0.48705087  0.56788111  0.52189030  0.53086262  0.47022758  0.50426557  0.47859142  0.52189030  0.52189030  0.46195722  0.49560816  0.45377827  0.46195722  0.50426557  0.48705087  0.50426557  0.51302546  0.41418700  0.46195722  0.42977025  0.51302546  0.46195722  0.47022758  0.46195722  0.47859142  0.53994508  0.50426557  0.52189030  0.48705087  0.44568874  0.48705087  0.47859142  0.52189030  0.50426557  0.47022758  0.50426557  0.40651673  0.43768669  0.42977025  0.39892516  0.49560816  0.44568874  0.49560816  0.43768669  0.48705087  0.54914040  0.50426557  0.50426557  0.47859142  0.49560816  0.48705087  0.53086262  0.52189030  0.52189030  0.53086262  0.47022758  0.42977025  0.46195722  0.45377827  0.44568874  0.42977025  0.66944278  0.59691332  0.61692089  0.48705087  0.49560816  0.47022758  0.57743251  0.56788111  0.56788111  0.59691332  0.56788111  0.57743251  0.50426557  0.50426557  0.53994508  0.43768669  0.51302546  0.51302546  0.52189030  0.53086262  0.54914040  0.49560816  0.56788111  0.57743251  0.66944278  0.68040980  0.59691332  0.59691332  0.54914040  0.52189030  0.61692089  0.61692089  0.61692089  
3_7_0      0.39141069  0.41418700  0.40651673  0.00000000  0.36209339  0.34785912  0.35494203  0.35494203  0.38397175  0.40651673  0.40651673  0.39892516  0.40651673  0.44568874  0.40651673  0.38397175  0.39141069  0.39141069  0.36931454  0.36209339  0.35494203  0.39141069  0.36209339  0.43768669  0.43768669  0.39141069  0.42193760  0.47859142  0.49560816  0.53994508  0.53994508  0.52189030  0.47859142  0.45377827  0.45377827  0.33389351  0.38397175  0.39141069  0.42193760  0.41418700  0.56788111  0.53994508  0.53994508  0.39141069  0.39892516  0.40651673  0.42977025  0.40651673  0.42193760  0.39892516  0.38397175  0.39141069  0.51302546  0.49560816  0.51302546  0.49560816  0.42193760  0.39141069  0.41418700  0.40651673  0.39892516  0.40651673  0.43768669  0.42193760  0.39892516  0.38397175  0.39892516  0.42193760  0.43768669  0.42977025  0.42977025  0.37660686  0.39141069  0.37660686  0.38397175  0.39141069  0.36209339  0.34084337  0.39141069  0.39892516  0.48705087  0.51302546  0.46195722  0.38397175  0.39141069  0.38397175  0.41418700  0.38397175  0.39892516  0.39141069  0.42977025  0.43768669  0.46195722  0.47022758  0.39141069  0.39892516  0.39141069  0.41418700  0.36209339  0.36931454  0.49560816  0.47022758  0.42977025  0.46195722  0.44568874  0.41418700  0.44568874  0.47859142  0.47859142  0.52189030  0.49560816  0.52189030  0.49560816  0.46195722  0.54914040  0.49560816  0.50426557  0.50426557  0.51302546  0.50426557  0.50426557  0.47859142  0.59691332  0.59691332  0.61692089  0.63748449  0.48705087  0.50426557  0.47022758  0.53086262  0.49560816  0.48705087  0.53086262  
3_6_0      0.45377827  0.45377827  0.42977025  0.36209339  0.00000000  0.04541865  0.05011769  0.04074926  0.37660686  0.39892516  0.38397175  0.34785912  0.34084337  0.36209339  0.34084337  0.37660686  0.36931454  0.36931454  0.37660686  0.30009083  0.29351172  0.33389351  0.30009083  0.40651673  0.40651673  0.36931454  0.39892516  0.42977025  0.45377827  0.47022758  0.47022758  0.45377827  0.42193760  0.42977025  0.43768669  0.42977025  0.42977025  0.39892516  0.42193760  0.42977025  0.52189030  0.53086262  0.53086262  0.40651673  0.39141069  0.37660686  0.41418700  0.46195722  0.40651673  0.42977025  0.39141069  0.39892516  0.49560816  0.51302546  0.52189030  0.52189030  0.42193760  0.37660686  0.43768669  0.47859142  0.37660686  0.38397175  0.39892516  0.41418700  0.44568874  0.45377827  0.45377827  0.42193760  0.45377827  0.44568874  0.33389351  0.37660686  0.36209339  0.34785912  0.39141069  0.36931454  0.40651673  0.38397175  0.36931454  0.42977025  0.39141069  0.44568874  0.43768669  0.42193760  0.46195722  0.43768669  0.41418700  0.42977025  0.42977025  0.39892516  0.39141069  0.38397175  0.42193760  0.42977025  0.47022758  0.46195722  0.47022758  0.47859142  0.42977025  0.46195722  0.58710881  0.52189030  0.43768669  0.39892516  0.40651673  0.38397175  0.39141069  0.38397175  0.38397175  0.54914040  0.52189030  0.53086262  0.50426557  0.56788111  0.58710881  0.54914040  0.57743251  0.57743251  0.53086262  0.50426557  0.53994508  0.56788111  0.55845143  0.53086262  0.49560816  0.53086262  0.44568874  0.47859142  0.39892516  0.39892516  0.36931454  0.47022758  0.53994508  
20_6_0     0.47022758  0.47022758  0.42977025  0.34785912  0.04541865  0.00000000  0.00441845  0.02236091  0.37660686  0.38397175  0.36931454  0.34785912  0.31342718  0.39141069  0.35494203  0.40651673  0.39892516  0.39892516  0.40651673  0.30009083  0.29351172  0.32018659  0.30009083  0.39892516  0.39892516  0.37660686  0.39141069  0.42193760  0.49560816  0.44568874  0.44568874  0.41418700  0.42977025  0.42193760  0.42977025  0.45377827  0.45377827  0.42193760  0.46195722  0.48705087  0.54914040  0.55845143  0.53994508  0.41418700  0.39892516  0.38397175  0.39141069  0.42193760  0.37660686  0.39141069  0.39892516  0.39141069  0.53994508  0.53994508  0.56788111  0.54914040  0.39892516  0.36931454  0.42977025  0.45377827  0.38397175  0.39141069  0.38397175  0.39892516  0.43768669  0.44568874  0.42977025  0.39892516  0.44568874  0.43768669  0.35494203  0.38397175  0.38397175  0.35494203  0.39892516  0.37660686  0.38397175  0.36209339  0.34785912  0.45377827  0.38397175  0.42193760  0.41418700  0.42977025  0.47022758  0.42977025  0.42193760  0.40651673  0.39141069  0.42193760  0.41418700  0.40651673  0.44568874  0.45377827  0.47859142  0.47022758  0.47859142  0.48705087  0.43768669  0.47022758  0.53994508  0.47859142  0.44568874  0.37660686  0.39892516  0.39141069  0.36931454  0.36209339  0.36209339  0.52189030  0.49560816  0.50426557  0.49560816  0.52189030  0.59691332  0.52189030  0.53086262  0.53086262  0.52189030  0.49560816  0.53086262  0.55845143  0.54914040  0.57743251  0.52189030  0.55845143  0.42193760  0.47022758  0.40651673  0.43768669  0.40651673  0.44568874  0.49560816  
20_9_0     0.46195722  0.47859142  0.42193760  0.35494203  0.05011769  0.00441845  0.00000000  0.02691534  0.38397175  0.37660686  0.36209339  0.35494203  0.30672896  0.39892516  0.36209339  0.41418700  0.40651673  0.40651673  0.41418700  0.30672896  0.30009083  0.32700831  0.30672896  0.39141069  0.39141069  0.38397175  0.38397175  0.41418700  0.48705087  0.43768669  0.43768669  0.42193760  0.42193760  0.41418700  0.42193760  0.46195722  0.46195722  0.42977025  0.47022758  0.49560816  0.55845143  0.54914040  0.53086262  0.40651673  0.40651673  0.39141069  0.38397175  0.41418700  0.36931454  0.38397175  0.39141069  0.38397175  0.53086262  0.53086262  0.57743251  0.53994508  0.40651673  0.37660686  0.43768669  0.46195722  0.39141069  0.39892516  0.37660686  0.39141069  0.44568874  0.43768669  0.43768669  0.40651673  0.43768669  0.44568874  0.36209339  0.39141069  0.39141069  0.36209339  0.40651673  0.38397175  0.39141069  0.35494203  0.34084337  0.44568874  0.37660686  0.41418700  0.40651673  0.42193760  0.47859142  0.43768669  0.42977025  0.39892516  0.38397175  0.41418700  0.40651673  0.39892516  0.43768669  0.44568874  0.47022758  0.46195722  0.48705087  0.49560816  0.44568874  0.47859142  0.54914040  0.48705087  0.45377827  0.36931454  0.39141069  0.38397175  0.36209339  0.35494203  0.35494203  0.52189030  0.49560816  0.50426557  0.50426557  0.51302546  0.60684948  0.53086262  0.52189030  0.52189030  0.53086262  0.50426557  0.53994508  0.56788111  0.55845143  0.58710881  0.53086262  0.56788111  0.42977025  0.47859142  0.41418700  0.42977025  0.41418700  0.43768669  0.48705087  
12_6_0     0.47022758  0.47022758  0.42977025  0.35494203  0.04074926  0.02236091  0.02691534  0.00000000  0.38397175  0.40651673  0.39141069  0.36931454  0.33389351  0.36931454  0.34785912  0.38397175  0.37660686  0.37660686  0.38397175  0.28052643  0.27411824  0.30009083  0.28052643  0.40651673  0.40651673  0.36931454  0.39892516  0.44568874  0.50426557  0.47022758  0.47022758  0.43768669  0.45377827  0.42977025  0.45377827  0.44568874  0.42977025  0.39892516  0.43768669  0.44568874  0.55845143  0.56788111  0.54914040  0.40651673  0.39141069  0.37660686  0.41418700  0.41418700  0.38397175  0.39892516  0.39141069  0.39892516  0.53086262  0.53086262  0.55845143  0.52189030  0.40651673  0.37660686  0.42193760  0.46195722  0.37660686  0.38397175  0.40651673  0.42193760  0.44568874  0.45377827  0.43768669  0.40651673  0.45377827  0.44568874  0.33389351  0.39141069  0.39141069  0.36209339  0.39141069  0.38397175  0.40651673  0.38397175  0.34084337  0.42977025  0.37660686  0.42977025  0.43768669  0.42193760  0.46195722  0.42193760  0.42977025  0.39892516  0.38397175  0.39892516  0.39141069  0.38397175  0.43768669  0.42977025  0.47022758  0.46195722  0.48705087  0.49560816  0.44568874  0.47859142  0.53994508  0.47859142  0.45377827  0.38397175  0.42193760  0.41418700  0.39141069  0.38397175  0.38397175  0.51302546  0.48705087  0.49560816  0.47022758  0.53086262  0.56788111  0.53086262  0.55845143  0.55845143  0.54914040  0.52189030  0.55845143  0.58710881  0.57743251  0.58710881  0.50426557  0.56788111  0.44568874  0.47859142  0.39141069  0.41418700  0.39141069  0.45377827  0.50426557  
10_4_0     0.46195722  0.44568874  0.42977025  0.38397175  0.37660686  0.37660686  0.38397175  0.38397175  0.00000000  0.08387398  0.09380840  0.24288422  0.29351172  0.28052643  0.24288422  0.23075064  0.23679256  0.23679256  0.25522008  0.31342718  0.32700831  0.34084337  0.33389351  0.42193760  0.42193760  0.41418700  0.40651673  0.47022758  0.50426557  0.47859142  0.47859142  0.39141069  0.50426557  0.43768669  0.41418700  0.42977025  0.36209339  0.37660686  0.42193760  0.42193760  0.49560816  0.51302546  0.53086262  0.36931454  0.38397175  0.37660686  0.47859142  0.50426557  0.43768669  0.48705087  0.46195722  0.45377827  0.51302546  0.48705087  0.47859142  0.46195722  0.41418700  0.40651673  0.42977025  0.42977025  0.44568874  0.45377827  0.46195722  0.44568874  0.45377827  0.41418700  0.50426557  0.46195722  0.52189030  0.47022758  0.50426557  0.40651673  0.37660686  0.38397175  0.42193760  0.39141069  0.39141069  0.36931454  0.40651673  0.49560816  0.41418700  0.46195722  0.37660686  0.42977025  0.43768669  0.39892516  0.45377827  0.43768669  0.44568874  0.42977025  0.44568874  0.43768669  0.45377827  0.46195722  0.48705087  0.53086262  0.40651673  0.38397175  0.42193760  0.42193760  0.50426557  0.47859142  0.39892516  0.47859142  0.37660686  0.42193760  0.42193760  0.45377827  0.45377827  0.48705087  0.49560816  0.48705087  0.59691332  0.53994508  0.46195722  0.41418700  0.47859142  0.47859142  0.47022758  0.44568874  0.51302546  0.46195722  0.53086262  0.53994508  0.50426557  0.47859142  0.46195722  0.43768669  0.53086262  0.45377827  0.51302546  0.45377827  0.50426557  
10_3_0     0.48705087  0.48705087  0.47022758  0.40651673  0.39892516  0.38397175  0.37660686  0.40651673  0.08387398  0.00000000  0.00886344  0.27411824  0.32700831  0.34785912  0.33389351  0.29351172  0.30009083  0.30009083  0.32018659  0.34084337  0.36209339  0.34084337  0.33389351  0.47859142  0.47859142  0.45377827  0.41418700  0.46195722  0.49560816  0.46195722  0.46195722  0.38397175  0.49560816  0.43768669  0.42193760  0.42977025  0.42977025  0.42977025  0.41418700  0.43768669  0.50426557  0.50426557  0.52189030  0.38397175  0.39892516  0.40651673  0.48705087  0.49560816  0.43768669  0.47022758  0.49560816  0.48705087  0.46195722  0.45377827  0.46195722  0.44568874  0.37660686  0.39892516  0.42977025  0.39141069  0.40651673  0.41418700  0.41418700  0.39892516  0.43768669  0.40651673  0.48705087  0.39892516  0.46195722  0.43768669  0.49560816  0.41418700  0.39141069  0.42977025  0.45377827  0.39892516  0.39892516  0.37660686  0.37660686  0.46195722  0.44568874  0.44568874  0.39141069  0.42193760  0.44568874  0.40651673  0.46195722  0.45377827  0.46195722  0.42193760  0.45377827  0.44568874  0.44568874  0.48705087  0.48705087  0.51302546  0.42977025  0.42193760  0.44568874  0.46195722  0.53086262  0.52189030  0.45377827  0.46195722  0.39141069  0.43768669  0.44568874  0.46195722  0.46195722  0.48705087  0.49560816  0.48705087  0.69154181  0.56788111  0.48705087  0.43768669  0.49560816  0.49560816  0.49560816  0.47022758  0.52189030  0.52189030  0.49560816  0.52189030  0.50426557  0.49560816  0.42977025  0.45377827  0.54914040  0.49560816  0.53994508  0.49560816  0.53086262  
10_5_0     0.47022758  0.47022758  0.45377827  0.40651673  0.38397175  0.36931454  0.36209339  0.39141069  0.09380840  0.00886344  0.00000000  0.27411824  0.31342718  0.34785912  0.33389351  0.30672896  0.30009083  0.30009083  0.30672896  0.34084337  0.34785912  0.32700831  0.32018659  0.47859142  0.47859142  0.45377827  0.42977025  0.47859142  0.51302546  0.44568874  0.44568874  0.38397175  0.47859142  0.42193760  0.40651673  0.41418700  0.41418700  0.41418700  0.42977025  0.43768669  0.50426557  0.49560816  0.51302546  0.38397175  0.38397175  0.39141069  0.47859142  0.48705087  0.42193760  0.45377827  0.47859142  0.47022758  0.46195722  0.45377827  0.46195722  0.44568874  0.36209339  0.38397175  0.41418700  0.37660686  0.39141069  0.39892516  0.39892516  0.38397175  0.43768669  0.42193760  0.48705087  0.38397175  0.46195722  0.45377827  0.47859142  0.41418700  0.39141069  0.42977025  0.45377827  0.39892516  0.39892516  0.37660686  0.37660686  0.47859142  0.42977025  0.42977025  0.37660686  0.42193760  0.44568874  0.40651673  0.46195722  0.45377827  0.46195722  0.42193760  0.45377827  0.44568874  0.44568874  0.48705087  0.48705087  0.49560816  0.42977025  0.42193760  0.44568874  0.46195722  0.54914040  0.52189030  0.47022758  0.44568874  0.40651673  0.42193760  0.44568874  0.46195722  0.46195722  0.50426557  0.51302546  0.50426557  0.66944278  0.54914040  0.50426557  0.43768669  0.51302546  0.51302546  0.47859142  0.45377827  0.50426557  0.50426557  0.47859142  0.50426557  0.50426557  0.51302546  0.42977025  0.45377827  0.53086262  0.47859142  0.52189030  0.49560816  0.53086262  
7_0_0      0.48705087  0.46195722  0.47022758  0.39892516  0.34785912  0.34785912  0.35494203  0.36931454  0.24288422  0.27411824  0.27411824  0.00000000  0.21291536  0.20125960  0.20125960  0.21881282  0.21291536  0.21291536  0.23075064  0.29351172  0.28052643  0.31342718  0.30672896  0.48705087  0.48705087  0.47859142  0.45377827  0.51302546  0.51302546  0.45377827  0.45377827  0.38397175  0.43768669  0.47022758  0.46195722  0.39141069  0.43768669  0.42193760  0.42193760  0.44568874  0.57743251  0.53994508  0.52189030  0.41418700  0.38397175  0.38397175  0.51302546  0.49560816  0.53086262  0.49560816  0.50426557  0.49560816  0.54914040  0.52189030  0.51302546  0.53086262  0.42193760  0.42977025  0.47859142  0.45377827  0.38397175  0.40651673  0.39141069  0.39141069  0.40651673  0.40651673  0.52189030  0.42977025  0.47022758  0.47859142  0.41418700  0.38397175  0.39892516  0.38397175  0.45377827  0.35494203  0.38397175  0.37660686  0.42977025  0.45377827  0.42193760  0.43768669  0.38397175  0.39892516  0.40651673  0.36931454  0.40651673  0.45377827  0.47859142  0.43768669  0.46195722  0.45377827  0.42193760  0.46195722  0.42193760  0.44568874  0.42193760  0.42193760  0.42193760  0.43768669  0.49560816  0.48705087  0.45377827  0.46195722  0.49560816  0.47859142  0.39141069  0.39141069  0.39141069  0.49560816  0.48705087  0.49560816  0.56788111  0.53086262  0.47022758  0.44568874  0.43768669  0.43768669  0.47859142  0.45377827  0.50426557  0.45377827  0.48705087  0.48705087  0.48705087  0.47022758  0.44568874  0.47859142  0.46195722  0.45377827  0.47859142  0.41418700  0.47859142  
18_0_0     0.46195722  0.47022758  0.42977025  0.40651673  0.34084337  0.31342718  0.30672896  0.33389351  0.29351172  0.32700831  0.31342718  0.21291536  0.00000000  0.18978459  0.17848482  0.18411314  0.17848482  0.17848482  0.16185225  0.26146599  0.20125960  0.26776508  0.27411824  0.40651673  0.40651673  0.44568874  0.42193760  0.45377827  0.45377827  0.48705087  0.48705087  0.42193760  0.47022758  0.40651673  0.42193760  0.39141069  0.39892516  0.39892516  0.43768669  0.44568874  0.50426557  0.49560816  0.47859142  0.40651673  0.40651673  0.40651673  0.47022758  0.45377827  0.45377827  0.48705087  0.46195722  0.47022758  0.47022758  0.44568874  0.47022758  0.48705087  0.46195722  0.42977025  0.47022758  0.47859142  0.42193760  0.42977025  0.39892516  0.38397175  0.41418700  0.39892516  0.47022758  0.45377827  0.49560816  0.48705087  0.43768669  0.42193760  0.47022758  0.45377827  0.49560816  0.43768669  0.42193760  0.39892516  0.42193760  0.52189030  0.40651673  0.39141069  0.38397175  0.38397175  0.40651673  0.41418700  0.44568874  0.39141069  0.41418700  0.43768669  0.42977025  0.42193760  0.42193760  0.41418700  0.46195722  0.48705087  0.42977025  0.42977025  0.42977025  0.44568874  0.47022758  0.42977025  0.51302546  0.45377827  0.47022758  0.43768669  0.40651673  0.37660686  0.37660686  0.53086262  0.53994508  0.56788111  0.43768669  0.42193760  0.50426557  0.43768669  0.47022758  0.47022758  0.55845143  0.53086262  0.58710881  0.49560816  0.55845143  0.52189030  0.53994508  0.53994508  0.42977025  0.49560816  0.41418700  0.45377827  0.48705087  0.48705087  0.53994508  
13_0_0     0.45377827  0.44568874  0.42193760  0.44568874  0.36209339  0.39141069  0.39892516  0.36931454  0.28052643  0.34785912  0.34785912  0.20125960  0.18978459  0.00000000  0.11408653  0.15096801  0.14558534  0.14558534  0.15096801  0.31342718  0.29351172  0.32018659  0.34084337  0.49560816  0.49560816  0.50426557  0.54914040  0.50426557  0.53994508  0.52189030  0.52189030  0.42193760  0.52189030  0.47022758  0.48705087  0.44568874  0.41418700  0.44568874  0.44568874  0.43768669  0.50426557  0.52189030  0.50426557  0.36931454  0.38397175  0.36931454  0.51302546  0.49560816  0.49560816  0.52189030  0.47022758  0.46195722  0.55845143  0.53086262  0.53994508  0.53994508  0.46195722  0.46195722  0.47859142  0.47022758  0.38397175  0.37660686  0.41418700  0.42977025  0.40651673  0.42193760  0.44568874  0.47859142  0.44568874  0.43768669  0.47022758  0.48705087  0.51302546  0.49560816  0.49560816  0.39141069  0.42193760  0.41418700  0.42193760  0.53994508  0.47859142  0.49560816  0.45377827  0.49560816  0.50426557  0.49560816  0.55845143  0.50426557  0.49560816  0.48705087  0.44568874  0.47022758  0.48705087  0.46195722  0.44568874  0.45377827  0.45377827  0.47022758  0.43768669  0.47022758  0.53086262  0.53994508  0.49560816  0.50426557  0.51302546  0.47859142  0.46195722  0.46195722  0.46195722  0.50426557  0.49560816  0.50426557  0.47859142  0.53994508  0.46195722  0.47022758  0.51302546  0.51302546  0.53994508  0.54914040  0.60684948  0.51302546  0.61692089  0.47022758  0.47022758  0.50426557  0.43768669  0.44568874  0.46195722  0.43768669  0.43768669  0.47859142  0.53086262  
16_0_0     0.40651673  0.39892516  0.39141069  0.40651673  0.34084337  0.35494203  0.36209339  0.34785912  0.24288422  0.33389351  0.33389351  0.20125960  0.17848482  0.11408653  0.00000000  0.12966834  0.12443787  0.12443787  0.12966834  0.25522008  0.24288422  0.27411824  0.26776508  0.42193760  0.42193760  0.44568874  0.45377827  0.53086262  0.56788111  0.53086262  0.53086262  0.42977025  0.47859142  0.44568874  0.46195722  0.47859142  0.41418700  0.46195722  0.49560816  0.47022758  0.57743251  0.59691332  0.57743251  0.38397175  0.42977025  0.41418700  0.54914040  0.51302546  0.51302546  0.54914040  0.47022758  0.49560816  0.59691332  0.56788111  0.57743251  0.59691332  0.42977025  0.42977025  0.44568874  0.43768669  0.39892516  0.39141069  0.42193760  0.40651673  0.39141069  0.39141069  0.41418700  0.41418700  0.47022758  0.44568874  0.47022758  0.44568874  0.47859142  0.44568874  0.45377827  0.43768669  0.40651673  0.41418700  0.40651673  0.50426557  0.44568874  0.45377827  0.40651673  0.40651673  0.41418700  0.40651673  0.49560816  0.43768669  0.46195722  0.43768669  0.42977025  0.43768669  0.40651673  0.41418700  0.45377827  0.47859142  0.38397175  0.39892516  0.41418700  0.42977025  0.46195722  0.45377827  0.47022758  0.49560816  0.47022758  0.43768669  0.39892516  0.42977025  0.42977025  0.48705087  0.47859142  0.48705087  0.41418700  0.51302546  0.47859142  0.42977025  0.47859142  0.47859142  0.52189030  0.49560816  0.56788111  0.46195722  0.59691332  0.51302546  0.54914040  0.54914040  0.42977025  0.42193760  0.43768669  0.39892516  0.44568874  0.42193760  0.48705087  
11_0_0     0.46195722  0.42193760  0.46195722  0.38397175  0.37660686  0.40651673  0.41418700  0.38397175  0.23075064  0.29351172  0.30672896  0.21881282  0.18411314  0.15096801  0.12966834  0.00000000  0.00441845  0.00441845  0.02691534  0.30009083  0.27411824  0.31342718  0.28052643  0.43768669  0.43768669  0.44568874  0.45377827  0.49560816  0.54914040  0.51302546  0.51302546  0.44568874  0.48705087  0.47859142  0.46195722  0.42193760  0.39141069  0.37660686  0.42193760  0.41418700  0.45377827  0.47022758  0.48705087  0.34785912  0.40651673  0.40651673  0.54914040  0.53086262  0.52189030  0.55845143  0.47859142  0.50426557  0.55845143  0.53086262  0.53994508  0.55845143  0.42193760  0.39141069  0.47859142  0.47022758  0.36931454  0.37660686  0.37660686  0.37660686  0.39892516  0.38397175  0.47859142  0.44568874  0.43768669  0.39892516  0.42193760  0.44568874  0.42977025  0.44568874  0.42193760  0.40651673  0.40651673  0.41418700  0.36209339  0.47022758  0.48705087  0.50426557  0.42977025  0.41418700  0.42193760  0.42977025  0.50426557  0.44568874  0.47022758  0.41418700  0.42193760  0.41418700  0.44568874  0.43768669  0.52189030  0.53086262  0.44568874  0.45377827  0.42977025  0.44568874  0.47859142  0.44568874  0.44568874  0.50426557  0.44568874  0.44568874  0.43768669  0.45377827  0.45377827  0.49560816  0.52189030  0.51302546  0.53994508  0.52189030  0.47859142  0.51302546  0.53086262  0.53086262  0.54914040  0.55845143  0.57743251  0.52189030  0.54914040  0.55845143  0.53086262  0.53994508  0.52189030  0.53086262  0.56788111  0.51302546  0.52189030  0.44568874  0.53086262  
22_0_0     0.45377827  0.41418700  0.45377827  0.39141069  0.36931454  0.39892516  0.40651673  0.37660686  0.23679256  0.30009083  0.30009083  0.21291536  0.17848482  0.14558534  0.12443787  0.00441845  0.00000000  0.00000000  0.02236091  0.29351172  0.26776508  0.30672896  0.27411824  0.42977025  0.42977025  0.43768669  0.46195722  0.50426557  0.55845143  0.50426557  0.50426557  0.43768669  0.47859142  0.47022758  0.45377827  0.41418700  0.38397175  0.36931454  0.42977025  0.42193760  0.44568874  0.46195722  0.47859142  0.34084337  0.39892516  0.39892516  0.54914040  0.53086262  0.51302546  0.54914040  0.47022758  0.49560816  0.54914040  0.52189030  0.53086262  0.54914040  0.41418700  0.38397175  0.47022758  0.46195722  0.36209339  0.36931454  0.36931454  0.36931454  0.40651673  0.39141069  0.48705087  0.43768669  0.42977025  0.40651673  0.41418700  0.45377827  0.43768669  0.45377827  0.42977025  0.41418700  0.41418700  0.42193760  0.36931454  0.47859142  0.47859142  0.49560816  0.42193760  0.42193760  0.42977025  0.43768669  0.51302546  0.45377827  0.47859142  0.42193760  0.42977025  0.42193760  0.45377827  0.44568874  0.51302546  0.52189030  0.45377827  0.46195722  0.43768669  0.45377827  0.48705087  0.45377827  0.45377827  0.49560816  0.45377827  0.43768669  0.44568874  0.46195722  0.46195722  0.50426557  0.53086262  0.52189030  0.53086262  0.51302546  0.48705087  0.50426557  0.53994508  0.53994508  0.53994508  0.54914040  0.56788111  0.51302546  0.53994508  0.54914040  0.52189030  0.54914040  0.51302546  0.52189030  0.55845143  0.50426557  0.51302546  0.45377827  0.53994508  
6_0_0      0.45377827  0.41418700  0.45377827  0.39141069  0.36931454  0.39892516  0.40651673  0.37660686  0.23679256  0.30009083  0.30009083  0.21291536  0.17848482  0.14558534  0.12443787  0.00441845  0.00000000  0.00000000  0.02236091  0.29351172  0.26776508  0.30672896  0.27411824  0.42977025  0.42977025  0.43768669  0.46195722  0.50426557  0.55845143  0.50426557  0.50426557  0.43768669  0.47859142  0.47022758  0.45377827  0.41418700  0.38397175  0.36931454  0.42977025  0.42193760  0.44568874  0.46195722  0.47859142  0.34084337  0.39892516  0.39892516  0.54914040  0.53086262  0.51302546  0.54914040  0.47022758  0.49560816  0.54914040  0.52189030  0.53086262  0.54914040  0.41418700  0.38397175  0.47022758  0.46195722  0.36209339  0.36931454  0.36931454  0.36931454  0.40651673  0.39141069  0.48705087  0.43768669  0.42977025  0.40651673  0.41418700  0.45377827  0.43768669  0.45377827  0.42977025  0.41418700  0.41418700  0.42193760  0.36931454  0.47859142  0.47859142  0.49560816  0.42193760  0.42193760  0.42977025  0.43768669  0.51302546  0.45377827  0.47859142  0.42193760  0.42977025  0.42193760  0.45377827  0.44568874  0.51302546  0.52189030  0.45377827  0.46195722  0.43768669  0.45377827  0.48705087  0.45377827  0.45377827  0.49560816  0.45377827  0.43768669  0.44568874  0.46195722  0.46195722  0.50426557  0.53086262  0.52189030  0.53086262  0.51302546  0.48705087  0.50426557  0.53994508  0.53994508  0.53994508  0.54914040  0.56788111  0.51302546  0.53994508  0.54914040  0.52189030  0.54914040  0.51302546  0.52189030  0.55845143  0.50426557  0.51302546  0.45377827  0.53994508  
17_0_0     0.46195722  0.42193760  0.46195722  0.36931454  0.37660686  0.40651673  0.41418700  0.38397175  0.25522008  0.32018659  0.30672896  0.23075064  0.16185225  0.15096801  0.12966834  0.02691534  0.02236091  0.02236091  0.00000000  0.28699059  0.24902644  0.28699059  0.25522008  0.47022758  0.47022758  0.47859142  0.50426557  0.53086262  0.56788111  0.47859142  0.47859142  0.42977025  0.47022758  0.42977025  0.42977025  0.40651673  0.37660686  0.37660686  0.45377827  0.42977025  0.48705087  0.49560816  0.51302546  0.36209339  0.40651673  0.40651673  0.55845143  0.53994508  0.50426557  0.55845143  0.47859142  0.50426557  0.55845143  0.53086262  0.53994508  0.55845143  0.43768669  0.40651673  0.44568874  0.43768669  0.36931454  0.37660686  0.37660686  0.37660686  0.41418700  0.41418700  0.46195722  0.42977025  0.45377827  0.42977025  0.43768669  0.46195722  0.46195722  0.47859142  0.43768669  0.43768669  0.43768669  0.44568874  0.39141069  0.49560816  0.48705087  0.50426557  0.42977025  0.41418700  0.42193760  0.42977025  0.52189030  0.47022758  0.49560816  0.42193760  0.42977025  0.42193760  0.45377827  0.42977025  0.53994508  0.53086262  0.42977025  0.43768669  0.44568874  0.46195722  0.47859142  0.44568874  0.46195722  0.50426557  0.46195722  0.41418700  0.45377827  0.47022758  0.47022758  0.49560816  0.50426557  0.51302546  0.48705087  0.50426557  0.51302546  0.53086262  0.54914040  0.54914040  0.54914040  0.55845143  0.57743251  0.50426557  0.56788111  0.53994508  0.54914040  0.57743251  0.53994508  0.54914040  0.54914040  0.49560816  0.50426557  0.44568874  0.54914040  
8_0_0      0.43768669  0.42977025  0.43768669  0.36209339  0.30009083  0.30009083  0.30672896  0.28052643  0.31342718  0.34084337  0.34084337  0.29351172  0.26146599  0.31342718  0.25522008  0.30009083  0.29351172  0.29351172  0.28699059  0.00000000  0.05011769  0.08882452  0.08387398  0.36931454  0.36931454  0.36931454  0.36931454  0.40651673  0.43768669  0.45377827  0.45377827  0.39141069  0.37660686  0.37660686  0.38397175  0.35494203  0.36931454  0.35494203  0.42193760  0.44568874  0.44568874  0.46195722  0.44568874  0.39141069  0.42193760  0.42193760  0.39892516  0.38397175  0.37660686  0.39141069  0.36931454  0.37660686  0.43768669  0.44568874  0.43768669  0.45377827  0.43768669  0.40651673  0.42193760  0.44568874  0.43768669  0.42977025  0.44568874  0.42977025  0.41418700  0.42193760  0.44568874  0.39892516  0.46195722  0.45377827  0.41418700  0.36209339  0.37660686  0.34785912  0.37660686  0.42977025  0.39892516  0.39141069  0.34785912  0.39141069  0.36931454  0.39141069  0.33389351  0.39892516  0.36931454  0.39141069  0.42193760  0.38397175  0.40651673  0.40651673  0.39892516  0.39141069  0.42193760  0.41418700  0.39892516  0.45377827  0.42193760  0.41418700  0.41418700  0.41418700  0.49560816  0.47859142  0.39141069  0.38397175  0.36931454  0.37660686  0.37660686  0.36209339  0.36209339  0.49560816  0.47022758  0.49560816  0.41418700  0.47859142  0.47859142  0.42977025  0.43768669  0.43768669  0.47859142  0.45377827  0.48705087  0.49560816  0.52189030  0.46195722  0.45377827  0.49560816  0.47859142  0.47859142  0.40651673  0.34084337  0.37660686  0.48705087  0.54914040  
8_1_0      0.41418700  0.40651673  0.38397175  0.35494203  0.29351172  0.29351172  0.30009083  0.27411824  0.32700831  0.36209339  0.34785912  0.28052643  0.20125960  0.29351172  0.24288422  0.27411824  0.26776508  0.26776508  0.24902644  0.05011769  0.00000000  0.06439654  0.05960624  0.34785912  0.34785912  0.35494203  0.36209339  0.43768669  0.48705087  0.42193760  0.42193760  0.36209339  0.35494203  0.35494203  0.37660686  0.35494203  0.35494203  0.34084337  0.43768669  0.42977025  0.47859142  0.50426557  0.48705087  0.38397175  0.39892516  0.39892516  0.40651673  0.34785912  0.36931454  0.41418700  0.37660686  0.38397175  0.44568874  0.43768669  0.42977025  0.44568874  0.42193760  0.39141069  0.39141069  0.44568874  0.40651673  0.39892516  0.39892516  0.38397175  0.39892516  0.42193760  0.44568874  0.39141069  0.43768669  0.46195722  0.39141069  0.36209339  0.37660686  0.36209339  0.34785912  0.40651673  0.37660686  0.36931454  0.35494203  0.38397175  0.32700831  0.34785912  0.29351172  0.38397175  0.37660686  0.38397175  0.39892516  0.36209339  0.36931454  0.38397175  0.37660686  0.36931454  0.36931454  0.36209339  0.38397175  0.40651673  0.38397175  0.37660686  0.40651673  0.39141069  0.48705087  0.46195722  0.40651673  0.34785912  0.37660686  0.36931454  0.39141069  0.37660686  0.37660686  0.47022758  0.44568874  0.47022758  0.38397175  0.47859142  0.47022758  0.42193760  0.42977025  0.42977025  0.47859142  0.45377827  0.47022758  0.47859142  0.48705087  0.45377827  0.50426557  0.54914040  0.50426557  0.52189030  0.38397175  0.35494203  0.36931454  0.47022758  0.53086262  
1_2_0      0.48705087  0.47022758  0.48705087  0.39141069  0.33389351  0.32018659  0.32700831  0.30009083  0.34084337  0.34084337  0.32700831  0.31342718  0.26776508  0.32018659  0.27411824  0.31342718  0.30672896  0.30672896  0.28699059  0.08882452  0.06439654  0.00000000  0.03610916  0.43768669  0.43768669  0.43768669  0.39892516  0.46195722  0.51302546  0.42193760  0.42193760  0.35494203  0.39141069  0.38397175  0.40651673  0.41418700  0.36931454  0.39892516  0.45377827  0.44568874  0.49560816  0.53994508  0.52189030  0.40651673  0.42193760  0.42193760  0.41418700  0.36931454  0.37660686  0.40651673  0.39892516  0.40651673  0.42977025  0.43768669  0.42977025  0.42977025  0.44568874  0.42977025  0.42977025  0.45377827  0.42977025  0.42193760  0.45377827  0.43768669  0.45377827  0.49560816  0.45377827  0.39892516  0.46195722  0.47022758  0.41418700  0.36209339  0.36209339  0.35494203  0.35494203  0.44568874  0.41418700  0.42193760  0.36931454  0.39892516  0.33389351  0.35494203  0.30009083  0.39141069  0.36209339  0.36931454  0.42977025  0.38397175  0.37660686  0.37660686  0.36931454  0.36209339  0.36209339  0.36931454  0.42193760  0.42977025  0.39892516  0.38397175  0.42193760  0.43768669  0.53994508  0.51302546  0.36931454  0.33389351  0.42193760  0.41418700  0.39141069  0.39141069  0.39141069  0.47022758  0.44568874  0.47022758  0.45377827  0.56788111  0.47022758  0.45377827  0.46195722  0.46195722  0.47859142  0.45377827  0.47022758  0.49560816  0.48705087  0.48705087  0.47859142  0.55845143  0.50426557  0.53994508  0.42977025  0.36209339  0.36931454  0.48705087  0.51302546  
1_0_0      0.46195722  0.43768669  0.44568874  0.36209339  0.30009083  0.30009083  0.30672896  0.28052643  0.33389351  0.33389351  0.32018659  0.30672896  0.27411824  0.34084337  0.26776508  0.28052643  0.27411824  0.27411824  0.25522008  0.08387398  0.05960624  0.03610916  0.00000000  0.42193760  0.42193760  0.39892516  0.39141069  0.45377827  0.52189030  0.42977025  0.42977025  0.36209339  0.39892516  0.37660686  0.39892516  0.38397175  0.35494203  0.36931454  0.44568874  0.43768669  0.49560816  0.52189030  0.52189030  0.39141069  0.41418700  0.41418700  0.41418700  0.36931454  0.37660686  0.40651673  0.39892516  0.40651673  0.43768669  0.44568874  0.43768669  0.45377827  0.42193760  0.39141069  0.40651673  0.42977025  0.40651673  0.39892516  0.42977025  0.41418700  0.44568874  0.47022758  0.42977025  0.37660686  0.45377827  0.46195722  0.39892516  0.35494203  0.35494203  0.35494203  0.35494203  0.41418700  0.39892516  0.40651673  0.34084337  0.36931454  0.32700831  0.34785912  0.29351172  0.36931454  0.32700831  0.33389351  0.39141069  0.35494203  0.36209339  0.34785912  0.36931454  0.36209339  0.36931454  0.37660686  0.42193760  0.42193760  0.37660686  0.36209339  0.39892516  0.41418700  0.54914040  0.50426557  0.41418700  0.35494203  0.40651673  0.39892516  0.40651673  0.40651673  0.40651673  0.46195722  0.43768669  0.46195722  0.44568874  0.54914040  0.47859142  0.46195722  0.47022758  0.47022758  0.47022758  0.45377827  0.46195722  0.48705087  0.47859142  0.47859142  0.46195722  0.52189030  0.52189030  0.53994508  0.41418700  0.35494203  0.35494203  0.47022758  0.51302546  
24_29_0    0.46195722  0.50426557  0.47022758  0.43768669  0.40651673  0.39892516  0.39141069  0.40651673  0.42193760  0.47859142  0.47859142  0.48705087  0.40651673  0.49560816  0.42193760  0.43768669  0.42977025  0.42977025  0.47022758  0.36931454  0.34785912  0.43768669  0.42193760  0.00000000  0.00000000  0.08387398  0.06921804  0.30009083  0.30672896  0.47022758  0.47022758  0.42193760  0.40651673  0.40651673  0.39892516  0.45377827  0.46195722  0.46195722  0.46195722  0.48705087  0.39892516  0.42977025  0.39892516  0.39141069  0.42977025  0.43768669  0.44568874  0.39141069  0.39141069  0.41418700  0.41418700  0.42193760  0.51302546  0.49560816  0.52189030  0.51302546  0.47022758  0.42193760  0.48705087  0.47022758  0.45377827  0.44568874  0.42193760  0.40651673  0.38397175  0.40651673  0.43768669  0.43768669  0.42977025  0.44568874  0.41418700  0.37660686  0.36209339  0.36931454  0.38397175  0.46195722  0.42977025  0.40651673  0.36209339  0.47022758  0.39892516  0.39141069  0.36931454  0.38397175  0.44568874  0.44568874  0.43768669  0.41418700  0.42193760  0.42193760  0.38397175  0.40651673  0.42977025  0.43768669  0.42193760  0.42193760  0.40651673  0.40651673  0.39141069  0.36209339  0.47859142  0.45377827  0.42977025  0.43768669  0.34084337  0.34785912  0.42977025  0.42193760  0.42193760  0.57743251  0.59691332  0.59691332  0.40651673  0.38397175  0.53994508  0.47022758  0.49560816  0.49560816  0.48705087  0.47859142  0.47859142  0.47022758  0.50426557  0.49560816  0.48705087  0.49560816  0.49560816  0.50426557  0.51302546  0.46195722  0.56788111  0.47022758  0.42977025  
