116
77_0_0     0.00000000  0.15505680  0.15505680  0.09105609  0.09105609  0.11177001  0.14399114  0.12235253  0.13309135  0.18930155  0.14950292  0.19516914  0.25660637  0.25022373  0.16629347  0.18930155  0.23140523  0.22523909  0.20108448  0.16629347  0.16629347  0.16629347  0.16629347  0.17770651  0.47997817  0.41339369  0.41339369  0.35239813  0.32371759  0.33078237  0.31672079  0.31672079  0.30979067  0.30979067  0.32371759  0.30292598  0.30979067  0.33078237  0.33078237  0.31672079  0.33078237  0.33078237  0.33078237  0.42139087  0.30292598  0.28938801  0.32371759  0.33078237  0.26954223  0.28271239  0.26954223  0.27609749  0.28271239  0.27609749  0.33078237  0.32371759  0.33791647  0.29612549  0.29612549  0.30979067  0.30979067  0.30979067  0.31672079  0.27609749  0.27609749  0.21912480  0.26304554  0.35239813  0.26304554  0.24389663  0.24389663  0.25022373  0.25660637  0.26954223  0.25660637  0.26304554  0.33791647  0.31672079  0.30292598  0.28938801  0.29612549  0.28938801  0.26954223  0.25660637  0.25660637  0.28271239  0.26954223  0.30979067  0.28938801  0.28271239  0.30979067  0.30979067  0.33078237  0.45428924  0.45428924  0.43765401  0.43765401  0.55328006  0.41339369  0.44592406  0.42947697  0.42139087  0.48874687  0.42947697  0.40548351  0.42947697  0.38991672  0.42139087  0.41339369  0.38991672  0.46275178  0.43765401  0.42139087  0.42139087  0.42139087  0.46275178  
14_0_0     0.15505680  0.00000000  0.13309135  0.11177001  0.11177001  0.14399114  0.18930155  0.17770651  0.17770651  0.26304554  0.25022373  0.26954223  0.34512125  0.33791647  0.26304554  0.28938801  0.33791647  0.31672079  0.30292598  0.25660637  0.25022373  0.25022373  0.26304554  0.26304554  0.51570583  0.44592406  0.43765401  0.42139087  0.37467621  0.40548351  0.42139087  0.40548351  0.39765846  0.39765846  0.41339369  0.39765846  0.38225653  0.38991672  0.38991672  0.38991672  0.35239813  0.34512125  0.34512125  0.42947697  0.35974858  0.34512125  0.39765846  0.40548351  0.30979067  0.30979067  0.30979067  0.31672079  0.30979067  0.30292598  0.35239813  0.32371759  0.35239813  0.30979067  0.30979067  0.33791647  0.34512125  0.33791647  0.33078237  0.35974858  0.33078237  0.28938801  0.32371759  0.38991672  0.32371759  0.29612549  0.29612549  0.31672079  0.32371759  0.33791647  0.32371759  0.31672079  0.42139087  0.41339369  0.38991672  0.38991672  0.39765846  0.38991672  0.32371759  0.30979067  0.30979067  0.32371759  0.30979067  0.35239813  0.32371759  0.31672079  0.33791647  0.35239813  0.41339369  0.58279242  0.58279242  0.53425027  0.53425027  0.67927819  0.50660800  0.55328006  0.53425027  0.52491894  0.57282128  0.53425027  0.52491894  0.55328006  0.50660800  0.53425027  0.51570583  0.50660800  0.56298503  0.53425027  0.52491894  0.52491894  0.50660800  0.57282128  
10_0_0     0.15505680  0.13309135  0.00000000  0.12770212  0.12770212  0.15505680  0.17770651  0.15505680  0.15505680  0.25660637  0.21912480  0.26954223  0.33791647  0.33078237  0.23140523  0.25660637  0.30292598  0.28271239  0.26954223  0.23140523  0.23140523  0.23140523  0.23140523  0.24389663  0.47131396  0.44592406  0.43765401  0.40548351  0.37467621  0.38991672  0.40548351  0.40548351  0.41339369  0.41339369  0.42947697  0.45428924  0.39765846  0.38991672  0.40548351  0.40548351  0.41339369  0.40548351  0.40548351  0.42947697  0.38225653  0.36717409  0.40548351  0.41339369  0.33078237  0.34512125  0.33078237  0.33791647  0.33078237  0.32371759  0.38225653  0.36717409  0.35239813  0.33791647  0.33791647  0.35239813  0.35974858  0.36717409  0.35974858  0.37467621  0.35239813  0.29612549  0.34512125  0.38225653  0.34512125  0.31672079  0.31672079  0.33791647  0.35974858  0.37467621  0.35974858  0.36717409  0.41339369  0.42947697  0.35239813  0.37467621  0.38225653  0.37467621  0.33078237  0.31672079  0.31672079  0.34512125  0.34512125  0.33078237  0.32371759  0.31672079  0.34512125  0.35974858  0.39765846  0.56298503  0.56298503  0.47131396  0.47131396  0.63480839  0.44592406  0.48874687  0.47131396  0.46275178  0.59290219  0.47131396  0.42139087  0.47997817  0.42139087  0.45428924  0.41339369  0.42139087  0.54370292  0.53425027  0.42139087  0.42139087  0.47131396  0.49762259  
83_1_0     0.09105609  0.11177001  0.12770212  0.00000000  0.00000000  0.03695962  0.08596851  0.06596686  0.06596686  0.19516914  0.16065343  0.22523909  0.30979067  0.30292598  0.19516914  0.21912480  0.26304554  0.25660637  0.23140523  0.18348092  0.18348092  0.18348092  0.19516914  0.20704832  0.47131396  0.42947697  0.44592406  0.38225653  0.36717409  0.38991672  0.40548351  0.38991672  0.39765846  0.39765846  0.41339369  0.38991672  0.38225653  0.38991672  0.38991672  0.38991672  0.37467621  0.37467621  0.37467621  0.47131396  0.31672079  0.30292598  0.36717409  0.38225653  0.28271239  0.31672079  0.28271239  0.28938801  0.28271239  0.27609749  0.34512125  0.33078237  0.34512125  0.31672079  0.31672079  0.31672079  0.33078237  0.33791647  0.32371759  0.30292598  0.28271239  0.23140523  0.28271239  0.36717409  0.28271239  0.24389663  0.24389663  0.26304554  0.28271239  0.29612549  0.28271239  0.28938801  0.33791647  0.33791647  0.31672079  0.31672079  0.32371759  0.31672079  0.27609749  0.26304554  0.26304554  0.27609749  0.26304554  0.31672079  0.27609749  0.26954223  0.30292598  0.33078237  0.34512125  0.50660800  0.50660800  0.47131396  0.47131396  0.62410326  0.44592406  0.47131396  0.47131396  0.46275178  0.52491894  0.47131396  0.44592406  0.46275178  0.42947697  0.46275178  0.43765401  0.42947697  0.51570583  0.49762259  0.44592406  0.44592406  0.47997817  0.54370292  
83_0_0     0.09105609  0.11177001  0.12770212  0.00000000  0.00000000  0.03695962  0.08596851  0.06596686  0.06596686  0.19516914  0.16065343  0.22523909  0.30979067  0.30292598  0.19516914  0.21912480  0.26304554  0.25660637  0.23140523  0.18348092  0.18348092  0.18348092  0.19516914  0.20704832  0.47131396  0.42947697  0.44592406  0.38225653  0.36717409  0.38991672  0.40548351  0.38991672  0.39765846  0.39765846  0.41339369  0.38991672  0.38225653  0.38991672  0.38991672  0.38991672  0.37467621  0.37467621  0.37467621  0.47131396  0.31672079  0.30292598  0.36717409  0.38225653  0.28271239  0.31672079  0.28271239  0.28938801  0.28271239  0.27609749  0.34512125  0.33078237  0.34512125  0.31672079  0.31672079  0.31672079  0.33078237  0.33791647  0.32371759  0.30292598  0.28271239  0.23140523  0.28271239  0.36717409  0.28271239  0.24389663  0.24389663  0.26304554  0.28271239  0.29612549  0.28271239  0.28938801  0.33791647  0.33791647  0.31672079  0.31672079  0.32371759  0.31672079  0.27609749  0.26304554  0.26304554  0.27609749  0.26304554  0.31672079  0.27609749  0.26954223  0.30292598  0.33078237  0.34512125  0.50660800  0.50660800  0.47131396  0.47131396  0.62410326  0.44592406  0.47131396  0.47131396  0.46275178  0.52491894  0.47131396  0.44592406  0.46275178  0.42947697  0.46275178  0.43765401  0.42947697  0.51570583  0.49762259  0.44592406  0.44592406  0.47997817  0.54370292  
6_0_0      0.11177001  0.14399114  0.15505680  0.03695962  0.03695962  0.00000000  0.05616865  0.03695962  0.03695962  0.21306149  0.17197760  0.24389663  0.33791647  0.33078237  0.22523909  0.25022373  0.29612549  0.27609749  0.26304554  0.21306149  0.21306149  0.21306149  0.22523909  0.23762411  0.49762259  0.42139087  0.42947697  0.38991672  0.37467621  0.39765846  0.41339369  0.39765846  0.40548351  0.40548351  0.42139087  0.38991672  0.38991672  0.39765846  0.39765846  0.39765846  0.37467621  0.37467621  0.37467621  0.43765401  0.35239813  0.33791647  0.37467621  0.38991672  0.30292598  0.32371759  0.30292598  0.30979067  0.30292598  0.29612549  0.35239813  0.33791647  0.35239813  0.32371759  0.32371759  0.32371759  0.33791647  0.35974858  0.33078237  0.32371759  0.30292598  0.26304554  0.28938801  0.34512125  0.28938801  0.27609749  0.27609749  0.29612549  0.31672079  0.33078237  0.31672079  0.33078237  0.35974858  0.34512125  0.35239813  0.35239813  0.35974858  0.35239813  0.30979067  0.29612549  0.29612549  0.31672079  0.30292598  0.35239813  0.30979067  0.30292598  0.32371759  0.33791647  0.34512125  0.54370292  0.54370292  0.49762259  0.49762259  0.67927819  0.47131396  0.49762259  0.49762259  0.50660800  0.55328006  0.49762259  0.46275178  0.47997817  0.44592406  0.47997817  0.45428924  0.44592406  0.55328006  0.53425027  0.46275178  0.46275178  0.46275178  0.54370292  
37_0_0     0.14399114  0.18930155  0.17770651  0.08596851  0.08596851  0.05616865  0.00000000  0.07589892  0.08596851  0.22523909  0.19516914  0.25660637  0.35239813  0.34512125  0.25022373  0.25022373  0.29612549  0.26304554  0.26304554  0.24389663  0.23762411  0.23762411  0.23762411  0.25022373  0.51570583  0.43765401  0.39765846  0.38991672  0.37467621  0.41339369  0.39765846  0.39765846  0.37467621  0.37467621  0.38991672  0.40548351  0.35974858  0.36717409  0.38225653  0.36717409  0.35974858  0.35974858  0.35974858  0.45428924  0.35974858  0.35974858  0.39765846  0.42947697  0.30979067  0.33078237  0.30979067  0.31672079  0.30979067  0.30292598  0.36717409  0.35239813  0.33791647  0.34512125  0.34512125  0.31672079  0.33078237  0.35239813  0.32371759  0.31672079  0.30979067  0.28271239  0.28271239  0.33791647  0.28271239  0.29612549  0.29612549  0.31672079  0.32371759  0.33791647  0.32371759  0.32371759  0.36717409  0.33791647  0.34512125  0.34512125  0.35239813  0.34512125  0.28938801  0.27609749  0.27609749  0.32371759  0.30979067  0.30292598  0.26304554  0.25660637  0.30292598  0.31672079  0.36717409  0.49762259  0.49762259  0.47997817  0.47997817  0.60315451  0.48874687  0.51570583  0.49762259  0.50660800  0.52491894  0.49762259  0.46275178  0.47997817  0.44592406  0.47997817  0.45428924  0.44592406  0.53425027  0.55328006  0.46275178  0.46275178  0.49762259  0.58279242  
28_0_0     0.12235253  0.17770651  0.15505680  0.06596686  0.06596686  0.03695962  0.07589892  0.00000000  0.00906528  0.22523909  0.18348092  0.25660637  0.35239813  0.34512125  0.22523909  0.25022373  0.29612549  0.26304554  0.26304554  0.22523909  0.22523909  0.22523909  0.22523909  0.23762411  0.49762259  0.42139087  0.39765846  0.38991672  0.37467621  0.39765846  0.39765846  0.39765846  0.40548351  0.40548351  0.42139087  0.40548351  0.38991672  0.38225653  0.39765846  0.39765846  0.38991672  0.38991672  0.38991672  0.42139087  0.37467621  0.35974858  0.39765846  0.41339369  0.32371759  0.34512125  0.32371759  0.33078237  0.30979067  0.30292598  0.40548351  0.37467621  0.37467621  0.33078237  0.33078237  0.35974858  0.37467621  0.38225653  0.36717409  0.33078237  0.32371759  0.28271239  0.30979067  0.38225653  0.30979067  0.29612549  0.29612549  0.31672079  0.33791647  0.33791647  0.33791647  0.35239813  0.36717409  0.33791647  0.35974858  0.37467621  0.38225653  0.37467621  0.33078237  0.31672079  0.31672079  0.33791647  0.33791647  0.37467621  0.33078237  0.32371759  0.34512125  0.35974858  0.35239813  0.56298503  0.56298503  0.51570583  0.51570583  0.65670339  0.48874687  0.49762259  0.51570583  0.52491894  0.55328006  0.51570583  0.47997817  0.47997817  0.46275178  0.49762259  0.47131396  0.46275178  0.55328006  0.55328006  0.47997817  0.47997817  0.47997817  0.54370292  
60_0_0     0.13309135  0.17770651  0.15505680  0.06596686  0.06596686  0.03695962  0.08596851  0.00906528  0.00000000  0.22523909  0.18348092  0.25660637  0.35974858  0.35239813  0.22523909  0.25022373  0.29612549  0.26304554  0.26304554  0.21306149  0.21306149  0.21306149  0.22523909  0.23762411  0.47997817  0.40548351  0.41339369  0.40548351  0.38991672  0.39765846  0.39765846  0.39765846  0.40548351  0.40548351  0.42139087  0.40548351  0.38991672  0.38225653  0.38225653  0.39765846  0.38991672  0.38991672  0.38991672  0.42139087  0.38225653  0.36717409  0.40548351  0.42139087  0.33078237  0.33791647  0.33078237  0.33791647  0.31672079  0.30979067  0.41339369  0.36717409  0.38225653  0.33791647  0.33791647  0.36717409  0.38225653  0.38991672  0.37467621  0.32371759  0.31672079  0.28938801  0.31672079  0.37467621  0.31672079  0.30292598  0.30292598  0.32371759  0.34512125  0.34512125  0.34512125  0.35974858  0.36717409  0.33791647  0.35239813  0.38225653  0.38991672  0.38225653  0.32371759  0.30979067  0.30979067  0.33078237  0.33078237  0.36717409  0.32371759  0.31672079  0.33791647  0.35239813  0.35974858  0.55328006  0.55328006  0.50660800  0.50660800  0.66790318  0.47997817  0.48874687  0.50660800  0.51570583  0.56298503  0.50660800  0.47131396  0.47131396  0.45428924  0.48874687  0.46275178  0.45428924  0.56298503  0.56298503  0.47131396  0.47131396  0.47131396  0.53425027  
63_0_0     0.18930155  0.26304554  0.25660637  0.19516914  0.19516914  0.21306149  0.22523909  0.22523909  0.22523909  0.00000000  0.04171451  0.13852082  0.21306149  0.21912480  0.10653595  0.13852082  0.16629347  0.14399114  0.12770212  0.10133929  0.09617951  0.09617951  0.09617951  0.10653595  0.38991672  0.43765401  0.42947697  0.38991672  0.35974858  0.37467621  0.35974858  0.34512125  0.33791647  0.34512125  0.33791647  0.32371759  0.32371759  0.34512125  0.35974858  0.33078237  0.28271239  0.26954223  0.26954223  0.45428924  0.33791647  0.32371759  0.40548351  0.42139087  0.33078237  0.33078237  0.33078237  0.33791647  0.34512125  0.33791647  0.42139087  0.40548351  0.43765401  0.33791647  0.35239813  0.38225653  0.38225653  0.38225653  0.38991672  0.30979067  0.29612549  0.31672079  0.33791647  0.36717409  0.33791647  0.31672079  0.31672079  0.30979067  0.31672079  0.33078237  0.31672079  0.30979067  0.31672079  0.34512125  0.38225653  0.33791647  0.34512125  0.33791647  0.27609749  0.27609749  0.27609749  0.27609749  0.26304554  0.28938801  0.28938801  0.28271239  0.30292598  0.30292598  0.33791647  0.47997817  0.47997817  0.42947697  0.42947697  0.55328006  0.42947697  0.46275178  0.42947697  0.42947697  0.47997817  0.44592406  0.39765846  0.41339369  0.39765846  0.41339369  0.38991672  0.38225653  0.53425027  0.47131396  0.42139087  0.42947697  0.46275178  0.45428924  
67_0_0     0.14950292  0.25022373  0.21912480  0.16065343  0.16065343  0.17197760  0.19516914  0.18348092  0.18348092  0.04171451  0.00000000  0.11704202  0.20108448  0.19516914  0.09105609  0.12235253  0.14950292  0.14399114  0.11177001  0.08091628  0.08091628  0.08091628  0.08091628  0.09105609  0.36717409  0.38991672  0.40548351  0.34512125  0.31672079  0.33791647  0.32371759  0.30979067  0.31672079  0.32371759  0.33078237  0.30292598  0.30292598  0.32371759  0.33791647  0.30979067  0.29612549  0.28271239  0.28271239  0.39765846  0.33078237  0.31672079  0.36717409  0.38225653  0.30979067  0.33078237  0.30979067  0.31672079  0.32371759  0.31672079  0.39765846  0.38225653  0.41339369  0.33078237  0.34512125  0.37467621  0.38991672  0.38991672  0.38225653  0.31672079  0.29612549  0.28271239  0.30979067  0.34512125  0.30979067  0.29612549  0.29612549  0.28938801  0.29612549  0.30979067  0.29612549  0.30292598  0.28938801  0.30292598  0.35974858  0.30292598  0.30979067  0.30292598  0.26954223  0.26954223  0.26954223  0.25660637  0.24389663  0.29612549  0.29612549  0.28938801  0.29612549  0.28271239  0.29612549  0.47131396  0.48874687  0.42139087  0.42139087  0.52491894  0.40548351  0.43765401  0.42139087  0.41339369  0.46275178  0.43765401  0.38991672  0.41339369  0.38991672  0.42139087  0.38225653  0.37467621  0.53425027  0.43765401  0.42139087  0.42139087  0.44592406  0.45428924  
12_0_0     0.19516914  0.26954223  0.26954223  0.22523909  0.22523909  0.24389663  0.25660637  0.25660637  0.25660637  0.13852082  0.11704202  0.00000000  0.18930155  0.18348092  0.10133929  0.11177001  0.14399114  0.14399114  0.11177001  0.10653595  0.10133929  0.10133929  0.10133929  0.10133929  0.40548351  0.42947697  0.44592406  0.42139087  0.37467621  0.38225653  0.38225653  0.36717409  0.35974858  0.36717409  0.37467621  0.35974858  0.34512125  0.35239813  0.36717409  0.35239813  0.35239813  0.33791647  0.33791647  0.42139087  0.40548351  0.40548351  0.41339369  0.41339369  0.35974858  0.33078237  0.35974858  0.36717409  0.37467621  0.36717409  0.39765846  0.35239813  0.39765846  0.35974858  0.37467621  0.37467621  0.40548351  0.35974858  0.38225653  0.35974858  0.34512125  0.32371759  0.34512125  0.36717409  0.34512125  0.33791647  0.33791647  0.33078237  0.33791647  0.35239813  0.33791647  0.34512125  0.38991672  0.37467621  0.40548351  0.35974858  0.36717409  0.35974858  0.29612549  0.28271239  0.28271239  0.30979067  0.29612549  0.35974858  0.34512125  0.33791647  0.33791647  0.33791647  0.37467621  0.50660800  0.50660800  0.41339369  0.41339369  0.50660800  0.41339369  0.48874687  0.45428924  0.46275178  0.48874687  0.45428924  0.42947697  0.42139087  0.42139087  0.44592406  0.42139087  0.41339369  0.51570583  0.48874687  0.44592406  0.44592406  0.47131396  0.47997817  
30_0_0     0.25660637  0.34512125  0.33791647  0.30979067  0.30979067  0.33791647  0.35239813  0.35239813  0.35974858  0.21306149  0.20108448  0.18930155  0.00000000  0.00451851  0.12235253  0.15505680  0.14399114  0.13852082  0.14399114  0.14950292  0.14399114  0.14399114  0.13309135  0.14399114  0.42947697  0.42947697  0.48874687  0.43765401  0.40548351  0.39765846  0.38225653  0.36717409  0.35974858  0.36717409  0.35974858  0.35239813  0.34512125  0.36717409  0.36717409  0.35239813  0.35974858  0.35974858  0.35974858  0.44592406  0.38225653  0.38225653  0.35974858  0.38991672  0.38991672  0.35974858  0.38991672  0.39765846  0.38991672  0.39765846  0.43765401  0.44592406  0.47131396  0.41339369  0.42947697  0.42947697  0.46275178  0.42139087  0.43765401  0.39765846  0.38991672  0.34512125  0.34512125  0.37467621  0.34512125  0.34512125  0.34512125  0.35239813  0.35974858  0.37467621  0.35974858  0.36717409  0.40548351  0.42139087  0.42947697  0.38225653  0.38991672  0.38225653  0.36717409  0.35239813  0.35239813  0.38225653  0.38225653  0.42947697  0.41339369  0.40548351  0.39765846  0.38991672  0.38225653  0.53425027  0.55328006  0.47131396  0.47131396  0.52491894  0.48874687  0.51570583  0.47997817  0.47131396  0.48874687  0.48874687  0.45428924  0.47131396  0.43765401  0.47131396  0.44592406  0.43765401  0.51570583  0.48874687  0.47997817  0.48874687  0.49762259  0.46275178  
48_0_0     0.25022373  0.33791647  0.33078237  0.30292598  0.30292598  0.33078237  0.34512125  0.34512125  0.35239813  0.21912480  0.19516914  0.18348092  0.00451851  0.00000000  0.11704202  0.14950292  0.13852082  0.13309135  0.13852082  0.14399114  0.13852082  0.13852082  0.12770212  0.13852082  0.42139087  0.42139087  0.47997817  0.42947697  0.39765846  0.38991672  0.37467621  0.35974858  0.35239813  0.35974858  0.36717409  0.34512125  0.33791647  0.35974858  0.35974858  0.34512125  0.35239813  0.35239813  0.35239813  0.43765401  0.37467621  0.37467621  0.35239813  0.38225653  0.38225653  0.35239813  0.38225653  0.38991672  0.38225653  0.38991672  0.42947697  0.43765401  0.46275178  0.40548351  0.42139087  0.42139087  0.45428924  0.41339369  0.42947697  0.40548351  0.39765846  0.33791647  0.33791647  0.36717409  0.33791647  0.33791647  0.33791647  0.34512125  0.35239813  0.36717409  0.35239813  0.35974858  0.39765846  0.41339369  0.42139087  0.37467621  0.38225653  0.37467621  0.35974858  0.34512125  0.34512125  0.37467621  0.37467621  0.42139087  0.40548351  0.39765846  0.38991672  0.38225653  0.37467621  0.52491894  0.54370292  0.46275178  0.46275178  0.53425027  0.47997817  0.50660800  0.47131396  0.46275178  0.47997817  0.47997817  0.44592406  0.46275178  0.42947697  0.46275178  0.43765401  0.42947697  0.52491894  0.49762259  0.47997817  0.47997817  0.48874687  0.45428924  
34_0_0     0.16629347  0.26304554  0.23140523  0.19516914  0.19516914  0.22523909  0.25022373  0.22523909  0.22523909  0.10653595  0.09105609  0.10133929  0.12235253  0.11704202  0.00000000  0.04650070  0.07091593  0.06596686  0.03695962  0.03223562  0.02754211  0.02754211  0.02754211  0.02754211  0.38991672  0.38991672  0.41339369  0.37467621  0.35974858  0.32371759  0.30979067  0.29612549  0.30292598  0.30979067  0.31672079  0.30292598  0.28938801  0.29612549  0.30979067  0.29612549  0.29612549  0.29612549  0.29612549  0.41339369  0.34512125  0.33078237  0.35239813  0.36717409  0.32371759  0.31672079  0.32371759  0.33078237  0.33791647  0.33078237  0.35974858  0.34512125  0.38991672  0.32371759  0.33791647  0.35239813  0.36717409  0.36717409  0.35974858  0.30979067  0.32371759  0.28271239  0.32371759  0.38991672  0.32371759  0.29612549  0.29612549  0.27609749  0.28271239  0.29612549  0.28271239  0.28938801  0.34512125  0.37467621  0.34512125  0.31672079  0.32371759  0.31672079  0.25660637  0.24389663  0.24389663  0.26954223  0.26954223  0.30979067  0.30979067  0.30292598  0.29612549  0.29612549  0.35239813  0.49762259  0.51570583  0.40548351  0.40548351  0.47131396  0.40548351  0.43765401  0.40548351  0.41339369  0.43765401  0.42139087  0.37467621  0.38225653  0.35974858  0.38991672  0.36717409  0.35974858  0.49762259  0.43765401  0.40548351  0.40548351  0.41339369  0.42139087  
54_0_0     0.18930155  0.28938801  0.25660637  0.21912480  0.21912480  0.25022373  0.25022373  0.25022373  0.25022373  0.13852082  0.12235253  0.11177001  0.15505680  0.14950292  0.04650070  0.00000000  0.05131861  0.05616865  0.01824501  0.05131861  0.04650070  0.04650070  0.04650070  0.05616865  0.42139087  0.41339369  0.44592406  0.39765846  0.38225653  0.34512125  0.33078237  0.31672079  0.32371759  0.33078237  0.33791647  0.33791647  0.32371759  0.33078237  0.34512125  0.33078237  0.33078237  0.33078237  0.33078237  0.40548351  0.34512125  0.34512125  0.38225653  0.38225653  0.36717409  0.35974858  0.36717409  0.37467621  0.38225653  0.37467621  0.39765846  0.38225653  0.41339369  0.37467621  0.38991672  0.38991672  0.40548351  0.40548351  0.39765846  0.32371759  0.33791647  0.30979067  0.35239813  0.40548351  0.35239813  0.32371759  0.32371759  0.31672079  0.32371759  0.33791647  0.32371759  0.33078237  0.35974858  0.35974858  0.37467621  0.33078237  0.33791647  0.33078237  0.26954223  0.25660637  0.25660637  0.26954223  0.28271239  0.32371759  0.32371759  0.31672079  0.32371759  0.32371759  0.35974858  0.52491894  0.52491894  0.47131396  0.47131396  0.47997817  0.47131396  0.52491894  0.48874687  0.47997817  0.48874687  0.50660800  0.43765401  0.42947697  0.42139087  0.45428924  0.42947697  0.42139087  0.47997817  0.45428924  0.45428924  0.45428924  0.44592406  0.48874687  
5_0_0      0.23140523  0.33791647  0.30292598  0.26304554  0.26304554  0.29612549  0.29612549  0.29612549  0.29612549  0.16629347  0.14950292  0.14399114  0.14399114  0.13852082  0.07091593  0.05131861  0.00000000  0.04171451  0.04171451  0.07589892  0.07091593  0.07091593  0.07091593  0.07091593  0.43765401  0.43765401  0.51570583  0.45428924  0.44592406  0.40548351  0.38991672  0.37467621  0.38225653  0.38991672  0.39765846  0.38225653  0.38225653  0.38991672  0.40548351  0.38991672  0.38991672  0.38991672  0.38991672  0.44592406  0.33791647  0.33791647  0.40548351  0.42139087  0.37467621  0.36717409  0.37467621  0.38225653  0.38991672  0.38225653  0.42139087  0.40548351  0.43765401  0.38225653  0.39765846  0.39765846  0.41339369  0.42947697  0.40548351  0.33078237  0.34512125  0.31672079  0.35974858  0.41339369  0.35974858  0.33078237  0.33078237  0.32371759  0.34512125  0.35974858  0.34512125  0.35239813  0.36717409  0.38225653  0.38225653  0.33791647  0.34512125  0.33791647  0.28271239  0.26954223  0.26954223  0.28271239  0.29612549  0.32371759  0.32371759  0.31672079  0.32371759  0.32371759  0.36717409  0.52491894  0.54370292  0.50660800  0.50660800  0.48874687  0.52491894  0.55328006  0.51570583  0.52491894  0.51570583  0.54370292  0.48874687  0.47997817  0.47131396  0.50660800  0.47997817  0.47131396  0.55328006  0.48874687  0.52491894  0.52491894  0.51570583  0.52491894  
17_0_0     0.22523909  0.31672079  0.28271239  0.25660637  0.25660637  0.27609749  0.26304554  0.26304554  0.26304554  0.14399114  0.14399114  0.14399114  0.13852082  0.13309135  0.06596686  0.05616865  0.04171451  0.00000000  0.04650070  0.07091593  0.06596686  0.06596686  0.06596686  0.07589892  0.42139087  0.42947697  0.46275178  0.42947697  0.42139087  0.38225653  0.36717409  0.36717409  0.35974858  0.36717409  0.37467621  0.35974858  0.35974858  0.35239813  0.38225653  0.36717409  0.35239813  0.35239813  0.35239813  0.42947697  0.33078237  0.33078237  0.36717409  0.38225653  0.35239813  0.35974858  0.35239813  0.35974858  0.35239813  0.35974858  0.42947697  0.39765846  0.41339369  0.37467621  0.38991672  0.38991672  0.40548351  0.40548351  0.39765846  0.30979067  0.32371759  0.29612549  0.32371759  0.37467621  0.32371759  0.30979067  0.30979067  0.30292598  0.30979067  0.32371759  0.30979067  0.31672079  0.34512125  0.35974858  0.35974858  0.34512125  0.35239813  0.34512125  0.27609749  0.26304554  0.26304554  0.28938801  0.30292598  0.33078237  0.31672079  0.30979067  0.31672079  0.33078237  0.36717409  0.50660800  0.52491894  0.42947697  0.42947697  0.48874687  0.44592406  0.47131396  0.43765401  0.46275178  0.45428924  0.46275178  0.41339369  0.40548351  0.39765846  0.42947697  0.40548351  0.39765846  0.52491894  0.47997817  0.44592406  0.44592406  0.48874687  0.47997817  
16_0_0     0.20108448  0.30292598  0.26954223  0.23140523  0.23140523  0.26304554  0.26304554  0.26304554  0.26304554  0.12770212  0.11177001  0.11177001  0.14399114  0.13852082  0.03695962  0.01824501  0.04171451  0.04650070  0.00000000  0.04171451  0.03695962  0.03695962  0.03695962  0.04650070  0.42139087  0.42139087  0.47997817  0.40548351  0.38991672  0.35239813  0.33791647  0.32371759  0.33078237  0.33791647  0.34512125  0.34512125  0.33078237  0.32371759  0.33791647  0.32371759  0.33791647  0.33791647  0.33791647  0.41339369  0.33078237  0.33078237  0.38225653  0.39765846  0.36717409  0.35974858  0.36717409  0.37467621  0.38225653  0.37467621  0.41339369  0.39765846  0.42947697  0.37467621  0.38991672  0.38991672  0.40548351  0.40548351  0.39765846  0.32371759  0.33791647  0.30979067  0.35239813  0.40548351  0.35239813  0.32371759  0.32371759  0.31672079  0.32371759  0.33791647  0.32371759  0.33078237  0.34512125  0.35974858  0.35974858  0.33078237  0.33791647  0.33078237  0.26954223  0.25660637  0.25660637  0.26954223  0.28271239  0.32371759  0.32371759  0.31672079  0.32371759  0.32371759  0.33791647  0.50660800  0.52491894  0.45428924  0.45428924  0.46275178  0.47131396  0.50660800  0.47131396  0.47997817  0.46275178  0.48874687  0.43765401  0.42947697  0.42139087  0.45428924  0.42947697  0.42139087  0.47997817  0.45428924  0.47131396  0.47131396  0.47997817  0.48874687  
55_0_0     0.16629347  0.25660637  0.23140523  0.18348092  0.18348092  0.21306149  0.24389663  0.22523909  0.21306149  0.10133929  0.08091628  0.10653595  0.14950292  0.14399114  0.03223562  0.05131861  0.07589892  0.07091593  0.04171451  0.00000000  0.00451851  0.00451851  0.01364066  0.03223562  0.38991672  0.40548351  0.43765401  0.37467621  0.34512125  0.33791647  0.32371759  0.30979067  0.32371759  0.33078237  0.33791647  0.32371759  0.30979067  0.31672079  0.31672079  0.31672079  0.31672079  0.30292598  0.30292598  0.41339369  0.32371759  0.30979067  0.35974858  0.37467621  0.33078237  0.31672079  0.33078237  0.33791647  0.34512125  0.33791647  0.38225653  0.35239813  0.39765846  0.33078237  0.34512125  0.37467621  0.38991672  0.38991672  0.38225653  0.31672079  0.33078237  0.27609749  0.33078237  0.39765846  0.33078237  0.30292598  0.30292598  0.29612549  0.30292598  0.31672079  0.30292598  0.31672079  0.32371759  0.36717409  0.35239813  0.30979067  0.31672079  0.30979067  0.26954223  0.25660637  0.25660637  0.26304554  0.27609749  0.30979067  0.30979067  0.30292598  0.30979067  0.30979067  0.31672079  0.48874687  0.50660800  0.42139087  0.42139087  0.46275178  0.42139087  0.44592406  0.42139087  0.42947697  0.45428924  0.43765401  0.38991672  0.38225653  0.37467621  0.40548351  0.38225653  0.37467621  0.51570583  0.42947697  0.42139087  0.42139087  0.44592406  0.45428924  
85_0_0     0.16629347  0.25022373  0.23140523  0.18348092  0.18348092  0.21306149  0.23762411  0.22523909  0.21306149  0.09617951  0.08091628  0.10133929  0.14399114  0.13852082  0.02754211  0.04650070  0.07091593  0.06596686  0.03695962  0.00451851  0.00000000  0.00000000  0.00906528  0.02754211  0.38991672  0.40548351  0.42947697  0.37467621  0.34512125  0.33791647  0.32371759  0.30979067  0.31672079  0.32371759  0.33078237  0.31672079  0.30292598  0.30979067  0.30979067  0.30979067  0.30979067  0.29612549  0.29612549  0.41339369  0.32371759  0.30979067  0.35974858  0.37467621  0.33078237  0.30979067  0.33078237  0.33791647  0.34512125  0.33791647  0.37467621  0.34512125  0.38991672  0.32371759  0.33791647  0.36717409  0.38225653  0.38225653  0.37467621  0.31672079  0.33078237  0.27609749  0.33078237  0.39765846  0.33078237  0.30292598  0.30292598  0.29612549  0.30292598  0.31672079  0.30292598  0.30979067  0.32371759  0.36717409  0.35239813  0.30979067  0.31672079  0.30979067  0.26304554  0.25022373  0.25022373  0.26304554  0.27609749  0.30292598  0.30292598  0.29612549  0.30292598  0.30292598  0.31672079  0.47997817  0.49762259  0.41339369  0.41339369  0.46275178  0.41339369  0.44592406  0.41339369  0.42139087  0.46275178  0.42947697  0.38225653  0.37467621  0.36717409  0.39765846  0.37467621  0.36717409  0.50660800  0.42947697  0.41339369  0.41339369  0.43765401  0.44592406  
8_0_0      0.16629347  0.25022373  0.23140523  0.18348092  0.18348092  0.21306149  0.23762411  0.22523909  0.21306149  0.09617951  0.08091628  0.10133929  0.14399114  0.13852082  0.02754211  0.04650070  0.07091593  0.06596686  0.03695962  0.00451851  0.00000000  0.00000000  0.00906528  0.02754211  0.38991672  0.40548351  0.42947697  0.37467621  0.34512125  0.33791647  0.32371759  0.30979067  0.31672079  0.32371759  0.33078237  0.31672079  0.30292598  0.30979067  0.30979067  0.30979067  0.30979067  0.29612549  0.29612549  0.41339369  0.32371759  0.30979067  0.35974858  0.37467621  0.33078237  0.30979067  0.33078237  0.33791647  0.34512125  0.33791647  0.37467621  0.34512125  0.38991672  0.32371759  0.33791647  0.36717409  0.38225653  0.38225653  0.37467621  0.31672079  0.33078237  0.27609749  0.33078237  0.39765846  0.33078237  0.30292598  0.30292598  0.29612549  0.30292598  0.31672079  0.30292598  0.30979067  0.32371759  0.36717409  0.35239813  0.30979067  0.31672079  0.30979067  0.26304554  0.25022373  0.25022373  0.26304554  0.27609749  0.30292598  0.30292598  0.29612549  0.30292598  0.30292598  0.31672079  0.47997817  0.49762259  0.41339369  0.41339369  0.46275178  0.41339369  0.44592406  0.41339369  0.42139087  0.46275178  0.42947697  0.38225653  0.37467621  0.36717409  0.39765846  0.37467621  0.36717409  0.50660800  0.42947697  0.41339369  0.41339369  0.43765401  0.44592406  
25_0_0     0.16629347  0.26304554  0.23140523  0.19516914  0.19516914  0.22523909  0.23762411  0.22523909  0.22523909  0.09617951  0.08091628  0.10133929  0.13309135  0.12770212  0.02754211  0.04650070  0.07091593  0.06596686  0.03695962  0.01364066  0.00906528  0.00906528  0.00000000  0.02754211  0.40548351  0.40548351  0.42947697  0.37467621  0.34512125  0.33791647  0.32371759  0.30979067  0.31672079  0.32371759  0.33078237  0.31672079  0.30292598  0.30979067  0.32371759  0.30979067  0.30979067  0.29612549  0.29612549  0.41339369  0.33078237  0.31672079  0.36717409  0.38225653  0.33791647  0.31672079  0.33791647  0.34512125  0.35239813  0.34512125  0.38225653  0.35239813  0.39765846  0.33078237  0.34512125  0.37467621  0.38991672  0.38991672  0.38225653  0.32371759  0.33791647  0.28271239  0.32371759  0.38991672  0.32371759  0.30979067  0.30979067  0.30292598  0.30979067  0.32371759  0.30979067  0.31672079  0.31672079  0.37467621  0.35974858  0.31672079  0.32371759  0.31672079  0.26954223  0.25660637  0.25660637  0.26954223  0.28271239  0.30979067  0.30979067  0.30292598  0.30979067  0.30979067  0.30979067  0.47131396  0.48874687  0.40548351  0.40548351  0.47131396  0.40548351  0.43765401  0.40548351  0.41339369  0.45428924  0.42139087  0.37467621  0.36717409  0.35974858  0.38991672  0.36717409  0.35974858  0.49762259  0.42139087  0.40548351  0.40548351  0.42947697  0.43765401  
39_0_0     0.17770651  0.26304554  0.24389663  0.20704832  0.20704832  0.23762411  0.25022373  0.23762411  0.23762411  0.10653595  0.09105609  0.10133929  0.14399114  0.13852082  0.02754211  0.05616865  0.07091593  0.07589892  0.04650070  0.03223562  0.02754211  0.02754211  0.02754211  0.00000000  0.38225653  0.42139087  0.42947697  0.38991672  0.35974858  0.33791647  0.32371759  0.30979067  0.33078237  0.33791647  0.34512125  0.33078237  0.31672079  0.32371759  0.33791647  0.32371759  0.30979067  0.30979067  0.30979067  0.40548351  0.33078237  0.31672079  0.35239813  0.36717409  0.32371759  0.30292598  0.32371759  0.33078237  0.35239813  0.33078237  0.35239813  0.32371759  0.36717409  0.31672079  0.33078237  0.35974858  0.38991672  0.38991672  0.36717409  0.28938801  0.30292598  0.26954223  0.30979067  0.37467621  0.30979067  0.28271239  0.28271239  0.27609749  0.28271239  0.29612549  0.28271239  0.28938801  0.30292598  0.33078237  0.33078237  0.28938801  0.29612549  0.28938801  0.24389663  0.23140523  0.23140523  0.25660637  0.25660637  0.29612549  0.29612549  0.28938801  0.28271239  0.28271239  0.33791647  0.47131396  0.48874687  0.42139087  0.42139087  0.48874687  0.42139087  0.46275178  0.42947697  0.43765401  0.46275178  0.44592406  0.38991672  0.38225653  0.37467621  0.40548351  0.38225653  0.37467621  0.49762259  0.42139087  0.42139087  0.42139087  0.42947697  0.40548351  
71_0_0     0.47997817  0.51570583  0.47131396  0.47131396  0.47131396  0.49762259  0.51570583  0.49762259  0.47997817  0.38991672  0.36717409  0.40548351  0.42947697  0.42139087  0.38991672  0.42139087  0.43765401  0.42139087  0.42139087  0.38991672  0.38991672  0.38991672  0.40548351  0.38225653  0.00000000  0.55328006  0.56298503  0.54370292  0.52491894  0.59290219  0.59290219  0.59290219  0.58279242  0.59290219  0.60315451  0.54370292  0.57282128  0.60315451  0.59290219  0.58279242  0.47131396  0.50660800  0.50660800  0.59290219  0.49762259  0.51570583  0.47131396  0.47997817  0.54370292  0.60315451  0.54370292  0.55328006  0.55328006  0.55328006  0.62410326  0.64567348  0.62410326  0.52491894  0.54370292  0.55328006  0.56298503  0.58279242  0.56298503  0.53425027  0.52491894  0.47997817  0.50660800  0.55328006  0.50660800  0.52491894  0.52491894  0.49762259  0.49762259  0.49762259  0.49762259  0.48874687  0.47997817  0.47997817  0.52491894  0.55328006  0.56298503  0.55328006  0.48874687  0.50660800  0.50660800  0.49762259  0.47997817  0.50660800  0.58279242  0.57282128  0.52491894  0.53425027  0.55328006  0.65670339  0.67927819  0.51570583  0.51570583  0.73898604  0.53425027  0.52491894  0.55328006  0.58279242  0.60315451  0.55328006  0.57282128  0.60315451  0.57282128  0.63480839  0.57282128  0.57282128  0.62410326  0.67927819  0.58279242  0.58279242  0.60315451  0.59290219  
11_0_0     0.41339369  0.44592406  0.44592406  0.42947697  0.42947697  0.42139087  0.43765401  0.42139087  0.40548351  0.43765401  0.38991672  0.42947697  0.42947697  0.42139087  0.38991672  0.41339369  0.43765401  0.42947697  0.42139087  0.40548351  0.40548351  0.40548351  0.40548351  0.42139087  0.55328006  0.00000000  0.28271239  0.24389663  0.21306149  0.26954223  0.24389663  0.25660637  0.25022373  0.26304554  0.26304554  0.28271239  0.23762411  0.24389663  0.24389663  0.24389663  0.26954223  0.26954223  0.26954223  0.25660637  0.36717409  0.36717409  0.36717409  0.38225653  0.32371759  0.37467621  0.32371759  0.33078237  0.31672079  0.32371759  0.36717409  0.35239813  0.35239813  0.31672079  0.31672079  0.35974858  0.35974858  0.37467621  0.35239813  0.33078237  0.30979067  0.35974858  0.31672079  0.30292598  0.31672079  0.31672079  0.31672079  0.30979067  0.30292598  0.30292598  0.30292598  0.32371759  0.26954223  0.29612549  0.33791647  0.29612549  0.30292598  0.29612549  0.33078237  0.34512125  0.34512125  0.35239813  0.35239813  0.35239813  0.34512125  0.35239813  0.34512125  0.34512125  0.39765846  0.49762259  0.51570583  0.46275178  0.46275178  0.53425027  0.47997817  0.46275178  0.46275178  0.43765401  0.46275178  0.49762259  0.43765401  0.43765401  0.46275178  0.46275178  0.42947697  0.43765401  0.58279242  0.56298503  0.46275178  0.46275178  0.38225653  0.44592406  
13_0_0     0.41339369  0.43765401  0.43765401  0.44592406  0.44592406  0.42947697  0.39765846  0.39765846  0.41339369  0.42947697  0.40548351  0.44592406  0.48874687  0.47997817  0.41339369  0.44592406  0.51570583  0.46275178  0.47997817  0.43765401  0.42947697  0.42947697  0.42947697  0.42947697  0.56298503  0.28271239  0.00000000  0.25022373  0.23140523  0.25660637  0.25022373  0.26304554  0.24389663  0.25660637  0.25660637  0.30292598  0.23140523  0.23140523  0.25022373  0.23762411  0.25022373  0.25022373  0.25022373  0.26304554  0.43765401  0.42139087  0.42139087  0.40548351  0.34512125  0.35974858  0.34512125  0.33791647  0.34512125  0.35239813  0.37467621  0.38225653  0.39765846  0.38991672  0.38991672  0.39765846  0.41339369  0.39765846  0.38991672  0.43765401  0.42139087  0.35239813  0.37467621  0.42947697  0.37467621  0.37467621  0.37467621  0.35239813  0.34512125  0.34512125  0.34512125  0.32371759  0.43765401  0.42139087  0.42947697  0.39765846  0.40548351  0.39765846  0.38991672  0.40548351  0.40548351  0.42947697  0.42947697  0.42139087  0.42139087  0.42947697  0.38991672  0.39765846  0.39765846  0.55328006  0.55328006  0.51570583  0.51570583  0.66790318  0.49762259  0.52491894  0.50660800  0.51570583  0.57282128  0.52491894  0.50660800  0.52491894  0.50660800  0.54370292  0.49762259  0.48874687  0.64567348  0.58279242  0.52491894  0.52491894  0.49762259  0.54370292  
43_0_0     0.35239813  0.42139087  0.40548351  0.38225653  0.38225653  0.38991672  0.38991672  0.38991672  0.40548351  0.38991672  0.34512125  0.42139087  0.43765401  0.42947697  0.37467621  0.39765846  0.45428924  0.42947697  0.40548351  0.37467621  0.37467621  0.37467621  0.37467621  0.38991672  0.54370292  0.24389663  0.25022373  0.00000000  0.04171451  0.16065343  0.13852082  0.14950292  0.13309135  0.14399114  0.14399114  0.18348092  0.12235253  0.13852082  0.14950292  0.12770212  0.18348092  0.17197760  0.17197760  0.20704832  0.29612549  0.29612549  0.28271239  0.28938801  0.25022373  0.32371759  0.25022373  0.25660637  0.26304554  0.25660637  0.28271239  0.31672079  0.32371759  0.28938801  0.28938801  0.30292598  0.33078237  0.33078237  0.29612549  0.34512125  0.33078237  0.33078237  0.30292598  0.30979067  0.30292598  0.26304554  0.26304554  0.25660637  0.25022373  0.25022373  0.25022373  0.26954223  0.28938801  0.31672079  0.30292598  0.26304554  0.26954223  0.26304554  0.26954223  0.28271239  0.28271239  0.33078237  0.33078237  0.30292598  0.29612549  0.30292598  0.28271239  0.29612549  0.34512125  0.48874687  0.50660800  0.42947697  0.42947697  0.50660800  0.41339369  0.40548351  0.40548351  0.38225653  0.42947697  0.43765401  0.42139087  0.42139087  0.42947697  0.46275178  0.41339369  0.43765401  0.48874687  0.48874687  0.44592406  0.44592406  0.42947697  0.42947697  
