17
87_0_0     0.00000000  0.05617243  0.25669333  0.24818953  0.23978420  0.23978420  0.19915826  0.25242898  0.24818953  0.26963878  0.28281929  0.33807343  0.32386063  0.34770562  0.34287355  0.33330484  0.27839915  
17_0_0     0.05617243  0.00000000  0.27400575  0.25669333  0.24818953  0.24397470  0.21918706  0.27400575  0.27839915  0.30533300  0.29624356  0.35257007  0.33807343  0.36239788  0.35257007  0.34770562  0.30992076  
45_5_0     0.25669333  0.27400575  0.00000000  0.03696125  0.13131193  0.13491933  0.12059604  0.19915826  0.19129896  0.23147509  0.25242898  0.32856737  0.31453771  0.32386063  0.32856737  0.27400575  0.30992076  
45_7_0     0.24818953  0.25669333  0.03696125  0.00000000  0.14585038  0.14953095  0.13854476  0.20312006  0.21110911  0.24818953  0.26098288  0.34287355  0.32856737  0.33807343  0.34287355  0.28726652  0.31453771  
4_0_0      0.23978420  0.24818953  0.13131193  0.14585038  0.00000000  0.00300923  0.08936601  0.18740098  0.16444274  0.22735592  0.25669333  0.30533300  0.29624356  0.30992076  0.30533300  0.26963878  0.26098288  
4_8_0      0.23978420  0.24397470  0.13491933  0.14953095  0.00300923  0.00000000  0.09277039  0.19129896  0.16821904  0.22735592  0.25242898  0.30533300  0.29624356  0.30992076  0.30533300  0.26529793  0.26098288  
4_4_0      0.19915826  0.21918706  0.12059604  0.13854476  0.08936601  0.09277039  0.00000000  0.16068597  0.11353899  0.18740098  0.18740098  0.26098288  0.25242898  0.26529793  0.26098288  0.25669333  0.21918706  
45_3_0     0.25242898  0.27400575  0.19915826  0.20312006  0.18740098  0.19129896  0.16068597  0.00000000  0.14218838  0.26529793  0.26963878  0.32856737  0.31918420  0.32386063  0.32856737  0.29174116  0.30992076  
4_3_0      0.24818953  0.27839915  0.19129896  0.21110911  0.16444274  0.16821904  0.11353899  0.14218838  0.00000000  0.23978420  0.22735592  0.26529793  0.26098288  0.25669333  0.26098288  0.25669333  0.25242898  
44_0_0     0.26963878  0.30533300  0.23147509  0.24818953  0.22735592  0.22735592  0.18740098  0.26529793  0.23978420  0.00000000  0.10654990  0.17201509  0.17201509  0.17583110  0.17966727  0.18740098  0.17966727  
44_1_0     0.28281929  0.29624356  0.25242898  0.26098288  0.25669333  0.25242898  0.18740098  0.26963878  0.22735592  0.10654990  0.00000000  0.16068597  0.15323028  0.16444274  0.16821904  0.16444274  0.17201509  
60_0_0     0.33807343  0.35257007  0.32856737  0.34287355  0.30533300  0.30533300  0.26098288  0.32856737  0.26529793  0.17201509  0.16068597  0.00000000  0.01824540  0.02133139  0.02133139  0.11705894  0.12059604  
13_0_0     0.32386063  0.33807343  0.31453771  0.32856737  0.29624356  0.29624356  0.25242898  0.31918420  0.26098288  0.17201509  0.15323028  0.01824540  0.00000000  0.01517248  0.01824540  0.12415045  0.12059604  
23_0_0     0.34770562  0.36239788  0.32386063  0.33807343  0.30992076  0.30992076  0.26529793  0.32386063  0.25669333  0.17583110  0.16444274  0.02133139  0.01517248  0.00000000  0.01517248  0.12059604  0.11705894  
64_0_0     0.34287355  0.35257007  0.32856737  0.34287355  0.30533300  0.30533300  0.26098288  0.32856737  0.26098288  0.17966727  0.16821904  0.02133139  0.01824540  0.01517248  0.00000000  0.13131193  0.12772236  
38_0_0     0.33330484  0.34770562  0.27400575  0.28726652  0.26963878  0.26529793  0.25669333  0.29174116  0.25669333  0.18740098  0.16444274  0.11705894  0.12415045  0.12059604  0.13131193  0.00000000  0.11353899  
79_0_0     0.27839915  0.30992076  0.30992076  0.31453771  0.26098288  0.26098288  0.21918706  0.30992076  0.25242898  0.17966727  0.17201509  0.12059604  0.12059604  0.11705894  0.12772236  0.11353899  0.00000000  

