20
15_0_0     0.00000000  0.03166899  0.09053759  0.03572360  0.11725844  0.13561799  0.49946396  0.53824704  0.65894179  0.58760869  0.53824704  0.53824704  0.53032784  0.52249162  0.42745599  0.42062235  0.42745599  0.45543271  0.45543271  0.49946396  
17_0_0     0.03166899  0.00000000  0.05633317  0.01171926  0.10377867  0.10824498  0.48449695  0.53824704  0.62242497  0.58760869  0.53824704  0.53824704  0.53032784  0.52249162  0.42745599  0.43435266  0.44131352  0.45543271  0.45543271  0.48449695  
19_0_0     0.09053759  0.05633317  0.00000000  0.06897719  0.15922007  0.16403121  0.49946396  0.55434157  0.64046050  0.60481422  0.55434157  0.55434157  0.56252064  0.53824704  0.44131352  0.44833979  0.45543271  0.45543271  0.45543271  0.48449695  
18_0_0     0.03572360  0.01171926  0.06897719  0.00000000  0.09933887  0.10377867  0.48449695  0.52249162  0.62242497  0.57915214  0.53824704  0.53824704  0.53032784  0.52249162  0.44131352  0.44833979  0.45543271  0.45543271  0.45543271  0.48449695  
20_0_0     0.11725844  0.10377867  0.15922007  0.09933887  0.00000000  0.09053759  0.42062235  0.56252064  0.65894179  0.57079015  0.57079015  0.57079015  0.56252064  0.55434157  0.49194301  0.49946396  0.50706133  0.51473668  0.51473668  0.49946396  
16_0_0     0.13561799  0.10824498  0.16403121  0.10377867  0.09053759  0.00000000  0.44833979  0.54625101  0.62242497  0.54625101  0.55434157  0.55434157  0.54625101  0.53824704  0.50706133  0.51473668  0.52249162  0.52249162  0.52249162  0.50706133  
9_0_0      0.49946396  0.48449695  0.49946396  0.48449695  0.42062235  0.44833979  0.00000000  0.22956748  0.28420330  0.28989302  0.19356684  0.19356684  0.19860488  0.19356684  0.31309496  0.32497161  0.33098142  0.32497161  0.32497161  0.30140401  
8_0_0      0.53824704  0.53824704  0.55434157  0.52249162  0.56252064  0.54625101  0.22956748  0.00000000  0.24017995  0.22956748  0.07752690  0.07752690  0.08183869  0.07752690  0.41385060  0.42062235  0.42745599  0.41385060  0.41385060  0.41385060  
4_0_0      0.65894179  0.62242497  0.64046050  0.62242497  0.65894179  0.62242497  0.28420330  0.24017995  0.00000000  0.35551566  0.18359144  0.18359144  0.17865321  0.18359144  0.49946396  0.49946396  0.50706133  0.51473668  0.51473668  0.54625101  
12_0_0     0.58760869  0.58760869  0.60481422  0.57915214  0.57079015  0.54625101  0.28989302  0.22956748  0.35551566  0.00000000  0.20878396  0.20878396  0.21392594  0.21910352  0.44833979  0.46259355  0.45543271  0.44833979  0.44833979  0.44833979  
5_0_0      0.53824704  0.53824704  0.55434157  0.53824704  0.57079015  0.55434157  0.19356684  0.07752690  0.18359144  0.20878396  0.00000000  0.00000000  0.00388605  0.00779240  0.42062235  0.42745599  0.43435266  0.42062235  0.42062235  0.39389568  
10_0_0     0.53824704  0.53824704  0.55434157  0.53824704  0.57079015  0.55434157  0.19356684  0.07752690  0.18359144  0.20878396  0.00000000  0.00000000  0.00388605  0.00779240  0.42062235  0.42745599  0.43435266  0.42062235  0.42062235  0.39389568  
7_0_0      0.53032784  0.53032784  0.56252064  0.53032784  0.56252064  0.54625101  0.19860488  0.08183869  0.17865321  0.21392594  0.00388605  0.00388605  0.00000000  0.01171926  0.41385060  0.42062235  0.42745599  0.42745599  0.42745599  0.40048833  
1_0_0      0.52249162  0.52249162  0.53824704  0.52249162  0.55434157  0.53824704  0.19356684  0.07752690  0.18359144  0.21910352  0.00779240  0.00779240  0.01171926  0.00000000  0.40713962  0.41385060  0.42062235  0.40713962  0.40713962  0.38088224  
13_0_0     0.42745599  0.42745599  0.44131352  0.44131352  0.49194301  0.50706133  0.31309496  0.41385060  0.49946396  0.44833979  0.42062235  0.42062235  0.41385060  0.40713962  0.00000000  0.02362512  0.01963540  0.03980033  0.03980033  0.08183869  
6_0_0      0.42062235  0.43435266  0.44833979  0.44833979  0.49946396  0.51473668  0.32497161  0.42062235  0.49946396  0.46259355  0.42745599  0.42745599  0.42062235  0.41385060  0.02362512  0.00000000  0.00388605  0.05633317  0.05633317  0.10824498  
3_0_0      0.42745599  0.44131352  0.45543271  0.45543271  0.50706133  0.52249162  0.33098142  0.42745599  0.50706133  0.45543271  0.43435266  0.43435266  0.42745599  0.42062235  0.01963540  0.00388605  0.00000000  0.05216557  0.05216557  0.10377867  
14_0_0     0.45543271  0.45543271  0.45543271  0.45543271  0.51473668  0.52249162  0.32497161  0.41385060  0.51473668  0.44833979  0.42062235  0.42062235  0.42745599  0.40713962  0.03980033  0.05633317  0.05216557  0.00000000  0.00000000  0.04802106  
2_0_0      0.45543271  0.45543271  0.45543271  0.45543271  0.51473668  0.52249162  0.32497161  0.41385060  0.51473668  0.44833979  0.42062235  0.42062235  0.42745599  0.40713962  0.03980033  0.05633317  0.05216557  0.00000000  0.00000000  0.04802106  
11_0_0     0.49946396  0.48449695  0.48449695  0.48449695  0.49946396  0.50706133  0.30140401  0.41385060  0.54625101  0.44833979  0.39389568  0.39389568  0.40048833  0.38088224  0.08183869  0.10824498  0.10377867  0.04802106  0.04802106  0.00000000  

