20
7_0_0      0.00000000  0.26497917  0.27390703  0.25615916  0.19723352  0.23883248  0.19723352  0.20536587  0.22190745  0.22190745  0.23883248  0.24744442  0.32989581  0.32989581  0.35958708  0.35958708  0.33965936  0.28294540  0.28294540  0.32026110  
9_0_0      0.26497917  0.00000000  0.08500897  0.06449478  0.15787738  0.18123561  0.18919075  0.19723352  0.18123561  0.18123561  0.20536587  0.20536587  0.26497917  0.26497917  0.27390703  0.27390703  0.32026110  0.32026110  0.32026110  0.30136489  
3_0_0      0.27390703  0.08500897  0.00000000  0.04454124  0.17336621  0.21358981  0.20536587  0.21358981  0.19723352  0.19723352  0.20536587  0.21358981  0.33965936  0.33965936  0.32989581  0.32989581  0.41192419  0.39053710  0.39053710  0.36975868  
6_0_0      0.25615916  0.06449478  0.04454124  0.00000000  0.15787738  0.18123561  0.18919075  0.19723352  0.18123561  0.18123561  0.18919075  0.19723352  0.30136489  0.30136489  0.31075187  0.31075187  0.34955523  0.32989581  0.32989581  0.31075187  
10_0_0     0.19723352  0.15787738  0.17336621  0.15787738  0.00000000  0.12785187  0.09197715  0.09901247  0.11328979  0.11328979  0.12053453  0.12053453  0.26497917  0.26497917  0.27390703  0.27390703  0.31075187  0.31075187  0.31075187  0.32989581  
5_0_0      0.23883248  0.18123561  0.21358981  0.18123561  0.12785187  0.00000000  0.07126901  0.07810667  0.09197715  0.09197715  0.12053453  0.12785187  0.27390703  0.27390703  0.28294540  0.28294540  0.30136489  0.30136489  0.30136489  0.32026110  
4_0_0      0.19723352  0.18919075  0.20536587  0.18919075  0.09197715  0.07126901  0.00000000  0.00619908  0.03153551  0.03153551  0.08500897  0.10611623  0.25615916  0.25615916  0.26497917  0.26497917  0.30136489  0.30136489  0.30136489  0.32026110  
11_0_0     0.20536587  0.19723352  0.21358981  0.19723352  0.09901247  0.07810667  0.00619908  0.00000000  0.03800942  0.03800942  0.09197715  0.11328979  0.26497917  0.26497917  0.27390703  0.27390703  0.31075187  0.31075187  0.31075187  0.32989581  
12_0_0     0.22190745  0.18123561  0.19723352  0.18123561  0.11328979  0.09197715  0.03153551  0.03800942  0.00000000  0.00000000  0.09197715  0.11328979  0.24744442  0.24744442  0.25615916  0.25615916  0.31075187  0.29209706  0.29209706  0.31075187  
2_0_0      0.22190745  0.18123561  0.19723352  0.18123561  0.11328979  0.09197715  0.03153551  0.03800942  0.00000000  0.00000000  0.09197715  0.11328979  0.24744442  0.24744442  0.25615916  0.25615916  0.31075187  0.29209706  0.29209706  0.31075187  
1_0_0      0.23883248  0.20536587  0.20536587  0.18919075  0.12053453  0.12053453  0.08500897  0.09197715  0.09197715  0.09197715  0.00000000  0.06449478  0.26497917  0.26497917  0.27390703  0.27390703  0.29209706  0.29209706  0.29209706  0.29209706  
8_0_0      0.24744442  0.20536587  0.21358981  0.19723352  0.12053453  0.12785187  0.10611623  0.11328979  0.11328979  0.11328979  0.06449478  0.00000000  0.26497917  0.26497917  0.27390703  0.27390703  0.29209706  0.31075187  0.31075187  0.31075187  
14_0_0     0.32989581  0.26497917  0.33965936  0.30136489  0.26497917  0.27390703  0.25615916  0.26497917  0.24744442  0.24744442  0.26497917  0.26497917  0.00000000  0.00000000  0.01875741  0.01875741  0.07810667  0.07126901  0.07126901  0.11328979  
18_0_0     0.32989581  0.26497917  0.33965936  0.30136489  0.26497917  0.27390703  0.25615916  0.26497917  0.24744442  0.24744442  0.26497917  0.26497917  0.00000000  0.00000000  0.01875741  0.01875741  0.07810667  0.07126901  0.07126901  0.11328979  
15_0_0     0.35958708  0.27390703  0.32989581  0.31075187  0.27390703  0.28294540  0.26497917  0.27390703  0.25615916  0.25615916  0.27390703  0.27390703  0.01875741  0.01875741  0.00000000  0.00000000  0.09901247  0.09197715  0.09197715  0.13524329  
17_0_0     0.35958708  0.27390703  0.32989581  0.31075187  0.27390703  0.28294540  0.26497917  0.27390703  0.25615916  0.25615916  0.27390703  0.27390703  0.01875741  0.01875741  0.00000000  0.00000000  0.09901247  0.09197715  0.09197715  0.13524329  
16_0_0     0.33965936  0.32026110  0.41192419  0.34955523  0.31075187  0.30136489  0.30136489  0.31075187  0.31075187  0.31075187  0.29209706  0.29209706  0.07810667  0.07810667  0.09901247  0.09901247  0.00000000  0.05778283  0.05778283  0.08500897  
19_0_0     0.28294540  0.32026110  0.39053710  0.32989581  0.31075187  0.30136489  0.30136489  0.31075187  0.29209706  0.29209706  0.29209706  0.31075187  0.07126901  0.07126901  0.09197715  0.09197715  0.05778283  0.00000000  0.00000000  0.03800942  
13_0_0     0.28294540  0.32026110  0.39053710  0.32989581  0.31075187  0.30136489  0.30136489  0.31075187  0.29209706  0.29209706  0.29209706  0.31075187  0.07126901  0.07126901  0.09197715  0.09197715  0.05778283  0.00000000  0.00000000  0.03800942  
20_0_0     0.32026110  0.30136489  0.36975868  0.31075187  0.32989581  0.32026110  0.32026110  0.32989581  0.31075187  0.31075187  0.29209706  0.31075187  0.11328979  0.11328979  0.13524329  0.13524329  0.08500897  0.03800942  0.03800942  0.00000000  

