20
7_0_0      0.00000000  0.01145124  0.08412328  0.15061967  0.15527122  0.12778801  0.14140283  0.15527122  0.13683684  0.15527122  0.15527122  0.35168735  0.36393659  0.33963635  0.36393659  0.35778678  0.35778678  0.35778678  0.37013761  0.39547137  
11_0_0     0.01145124  0.00000000  0.07989440  0.15527122  0.15995202  0.13229868  0.15527122  0.16940282  0.14140283  0.15995202  0.15995202  0.36393659  0.37639071  0.35168735  0.37639071  0.37013761  0.37013761  0.36393659  0.37013761  0.39547137  
10_0_0     0.08412328  0.07989440  0.00000000  0.17417359  0.16466243  0.16940282  0.18380780  0.21854441  0.17897511  0.19356831  0.19356831  0.38905667  0.40194181  0.37639071  0.41505385  0.40846897  0.40846897  0.38905667  0.40846897  0.42169748  
3_0_0      0.15061967  0.15527122  0.17417359  0.00000000  0.07989440  0.10563563  0.21348172  0.20845322  0.19356831  0.15995202  0.15995202  0.40194181  0.41505385  0.32191783  0.38269676  0.38905667  0.38905667  0.40846897  0.41505385  0.42840092  
4_0_0      0.15527122  0.15995202  0.16466243  0.07989440  0.00000000  0.10563563  0.20345845  0.22877424  0.17417359  0.15061967  0.15061967  0.39547137  0.40846897  0.32191783  0.35778678  0.36393659  0.36393659  0.38269676  0.35778678  0.39547137  
5_0_0      0.12778801  0.13229868  0.16940282  0.10563563  0.10563563  0.00000000  0.18867206  0.20345845  0.20345845  0.18867206  0.18867206  0.38269676  0.38269676  0.33368321  0.35778678  0.35168735  0.35168735  0.39547137  0.36393659  0.38905667  
1_0_0      0.14140283  0.15527122  0.18380780  0.21348172  0.20345845  0.18867206  0.00000000  0.08412328  0.11441766  0.16466243  0.16466243  0.39547137  0.39547137  0.33963635  0.35168735  0.34563747  0.34563747  0.38269676  0.37639071  0.39547137  
9_0_0      0.15527122  0.16940282  0.21854441  0.20845322  0.22877424  0.20345845  0.08412328  0.00000000  0.14140283  0.14140283  0.14140283  0.41505385  0.42840092  0.38269676  0.38269676  0.37639071  0.37639071  0.38269676  0.38905667  0.39547137  
6_0_0      0.13683684  0.14140283  0.17897511  0.19356831  0.17417359  0.20345845  0.11441766  0.14140283  0.00000000  0.14599699  0.14599699  0.37013761  0.38269676  0.35778678  0.34563747  0.35168735  0.35168735  0.42169748  0.33963635  0.37639071  
8_0_0      0.15527122  0.15995202  0.19356831  0.15995202  0.15061967  0.18867206  0.16466243  0.14140283  0.14599699  0.00000000  0.00000000  0.36393659  0.37639071  0.33368321  0.34563747  0.33963635  0.33963635  0.37013761  0.37013761  0.35778678  
2_0_0      0.15527122  0.15995202  0.19356831  0.15995202  0.15061967  0.18867206  0.16466243  0.14140283  0.14599699  0.00000000  0.00000000  0.36393659  0.37639071  0.33368321  0.34563747  0.33963635  0.33963635  0.37013761  0.37013761  0.35778678  
14_0_0     0.35168735  0.36393659  0.38905667  0.40194181  0.39547137  0.38269676  0.39547137  0.41505385  0.37013761  0.36393659  0.36393659  0.00000000  0.00761456  0.14599699  0.14140283  0.14599699  0.14599699  0.27663160  0.20345845  0.18380780  
18_0_0     0.36393659  0.37639071  0.40194181  0.41505385  0.40846897  0.38269676  0.39547137  0.42840092  0.38269676  0.37639071  0.37639071  0.00761456  0.00000000  0.14599699  0.14140283  0.14599699  0.14599699  0.28769758  0.20345845  0.18380780  
13_0_0     0.33963635  0.35168735  0.37639071  0.32191783  0.32191783  0.33368321  0.33963635  0.38269676  0.35778678  0.33368321  0.33368321  0.14599699  0.14599699  0.00000000  0.08837632  0.09265379  0.09265379  0.26033499  0.17897511  0.16940282  
20_0_0     0.36393659  0.37639071  0.41505385  0.38269676  0.35778678  0.35778678  0.35168735  0.38269676  0.34563747  0.34563747  0.34563747  0.14140283  0.14140283  0.08837632  0.00000000  0.00379755  0.00379755  0.22877424  0.18867206  0.16940282  
19_0_0     0.35778678  0.37013761  0.40846897  0.38905667  0.36393659  0.35168735  0.34563747  0.37639071  0.35168735  0.33963635  0.33963635  0.14599699  0.14599699  0.09265379  0.00379755  0.00000000  0.00000000  0.22364176  0.19356831  0.17417359  
12_0_0     0.35778678  0.37013761  0.40846897  0.38905667  0.36393659  0.35168735  0.34563747  0.37639071  0.35168735  0.33963635  0.33963635  0.14599699  0.14599699  0.09265379  0.00379755  0.00000000  0.00000000  0.22364176  0.19356831  0.17417359  
15_0_0     0.35778678  0.36393659  0.38905667  0.40846897  0.38269676  0.39547137  0.38269676  0.38269676  0.42169748  0.37013761  0.37013761  0.27663160  0.28769758  0.26033499  0.22877424  0.22364176  0.22364176  0.00000000  0.27663160  0.25498109  
17_0_0     0.37013761  0.37013761  0.40846897  0.41505385  0.35778678  0.36393659  0.37639071  0.38905667  0.33963635  0.37013761  0.37013761  0.20345845  0.20345845  0.17897511  0.18867206  0.19356831  0.19356831  0.27663160  0.00000000  0.05910289  
16_0_0     0.39547137  0.39547137  0.42169748  0.42840092  0.39547137  0.38905667  0.39547137  0.39547137  0.37639071  0.35778678  0.35778678  0.18380780  0.18380780  0.16940282  0.16940282  0.17417359  0.17417359  0.25498109  0.05910289  0.00000000  

