165
18_0_0     0.00000000  0.15173722  0.15173722  0.70057091  0.70057091  0.64034297  0.62131610  0.62131610  0.64034297  0.62131610  0.62131610  0.62131610  0.64034297  0.58467935  0.43924511  0.51646826  0.50036079  0.51646826  0.53293670  0.56702390  0.60276944  0.58467935  0.54978268  0.51646826  0.48459881  0.43924511  0.46916781  0.42472859  0.43924511  0.62131610  0.65987560  0.65987560  0.62131610  0.64034297  0.76617908  0.64034297  0.64034297  0.64034297  0.64034297  0.65987560  0.72179608  0.72179608  0.72179608  0.65987560  0.56702390  0.60276944  0.64034297  0.58467935  0.58467935  0.56702390  0.64034297  0.62131610  0.62131610  0.72179608  0.70057091  0.62131610  0.64034297  0.72179608  0.67994159  0.67994159  0.67994159  0.65987560  0.58467935  0.56702390  0.56702390  0.62131610  0.58467935  0.54978268  0.53293670  0.64034297  0.64034297  0.64034297  0.64034297  0.64034297  0.62131610  0.64034297  0.65987560  0.60276944  0.58467935  0.64034297  0.60276944  0.62131610  0.70057091  0.64034297  0.64034297  0.64034297  0.64034297  0.56702390  0.62131610  0.50036079  0.50036079  0.51646826  0.53293670  0.53293670  0.60276944  0.56702390  0.60276944  0.60276944  0.58467935  0.56702390  0.53293670  0.53293670  0.62131610  0.65987560  0.65987560  0.70057091  0.54978268  0.76617908  0.72179608  0.78941800  0.64034297  0.65987560  0.62131610  0.62131610  0.64034297  0.65987560  0.51646826  0.53293670  0.58467935  0.58467935  0.54978268  0.54978268  0.56702390  0.58467935  0.56702390  0.56702390  0.58467935  0.70057091  0.70057091  0.67994159  0.67994159  0.67994159  0.58467935  0.56702390  0.70057091  0.74365257  0.70057091  0.70057091  0.70057091  0.64034297  0.70057091  0.65987560  0.65987560  0.70057091  0.76617908  0.83822389  0.64034297  0.67994159  0.65987560  0.65987560  0.70057091  0.62131610  0.64034297  0.58467935  0.58467935  0.58467935  0.64034297  0.54978268  0.53293670  0.53293670  0.58467935  0.58467935  0.48459881  0.46916781  0.56702390  
24_0_0     0.15173722  0.00000000  0.00000000  0.70057091  0.65987560  0.65987560  0.58467935  0.58467935  0.60276944  0.58467935  0.60276944  0.62131610  0.64034297  0.65987560  0.53293670  0.50036079  0.48459881  0.50036079  0.54978268  0.53293670  0.56702390  0.65987560  0.56702390  0.56702390  0.54978268  0.45405417  0.45405417  0.43924511  0.45405417  0.70057091  0.60276944  0.64034297  0.62131610  0.56702390  0.67994159  0.62131610  0.65987560  0.65987560  0.65987560  0.70057091  0.70057091  0.70057091  0.70057091  0.67994159  0.60276944  0.67994159  0.65987560  0.62131610  0.62131610  0.56702390  0.67994159  0.65987560  0.65987560  0.72179608  0.74365257  0.76617908  0.65987560  0.70057091  0.72179608  0.72179608  0.72179608  0.70057091  0.67994159  0.62131610  0.65987560  0.67994159  0.64034297  0.64034297  0.62131610  0.65987560  0.62131610  0.62131610  0.62131610  0.70057091  0.67994159  0.65987560  0.64034297  0.65987560  0.64034297  0.70057091  0.65987560  0.67994159  0.72179608  0.65987560  0.67994159  0.67994159  0.67994159  0.64034297  0.64034297  0.62131610  0.62131610  0.64034297  0.60276944  0.62131610  0.70057091  0.65987560  0.58467935  0.60276944  0.60276944  0.64034297  0.62131610  0.58467935  0.70057091  0.65987560  0.65987560  0.64034297  0.60276944  0.70057091  0.74365257  0.70057091  0.67994159  0.78941800  0.74365257  0.74365257  0.72179608  0.67994159  0.60276944  0.60276944  0.64034297  0.64034297  0.60276944  0.58467935  0.60276944  0.62131610  0.60276944  0.60276944  0.53293670  0.76617908  0.76617908  0.74365257  0.74365257  0.78941800  0.64034297  0.65987560  0.64034297  0.67994159  0.64034297  0.67994159  0.67994159  0.62131610  0.62131610  0.60276944  0.67994159  0.67994159  0.65987560  0.70057091  0.60276944  0.60276944  0.72179608  0.67994159  0.60276944  0.64034297  0.64034297  0.60276944  0.60276944  0.53293670  0.53293670  0.51646826  0.51646826  0.48459881  0.50036079  0.54978268  0.43924511  0.45405417  0.54978268  
50_0_0     0.15173722  0.00000000  0.00000000  0.70057091  0.65987560  0.65987560  0.58467935  0.58467935  0.60276944  0.58467935  0.60276944  0.62131610  0.64034297  0.65987560  0.53293670  0.50036079  0.48459881  0.50036079  0.54978268  0.53293670  0.56702390  0.65987560  0.56702390  0.56702390  0.54978268  0.45405417  0.45405417  0.43924511  0.45405417  0.70057091  0.60276944  0.64034297  0.62131610  0.56702390  0.67994159  0.62131610  0.65987560  0.65987560  0.65987560  0.70057091  0.70057091  0.70057091  0.70057091  0.67994159  0.60276944  0.67994159  0.65987560  0.62131610  0.62131610  0.56702390  0.67994159  0.65987560  0.65987560  0.72179608  0.74365257  0.76617908  0.65987560  0.70057091  0.72179608  0.72179608  0.72179608  0.70057091  0.67994159  0.62131610  0.65987560  0.67994159  0.64034297  0.64034297  0.62131610  0.65987560  0.62131610  0.62131610  0.62131610  0.70057091  0.67994159  0.65987560  0.64034297  0.65987560  0.64034297  0.70057091  0.65987560  0.67994159  0.72179608  0.65987560  0.67994159  0.67994159  0.67994159  0.64034297  0.64034297  0.62131610  0.62131610  0.64034297  0.60276944  0.62131610  0.70057091  0.65987560  0.58467935  0.60276944  0.60276944  0.64034297  0.62131610  0.58467935  0.70057091  0.65987560  0.65987560  0.64034297  0.60276944  0.70057091  0.74365257  0.70057091  0.67994159  0.78941800  0.74365257  0.74365257  0.72179608  0.67994159  0.60276944  0.60276944  0.64034297  0.64034297  0.60276944  0.58467935  0.60276944  0.62131610  0.60276944  0.60276944  0.53293670  0.76617908  0.76617908  0.74365257  0.74365257  0.78941800  0.64034297  0.65987560  0.64034297  0.67994159  0.64034297  0.67994159  0.67994159  0.62131610  0.62131610  0.60276944  0.67994159  0.67994159  0.65987560  0.70057091  0.60276944  0.60276944  0.72179608  0.67994159  0.60276944  0.64034297  0.64034297  0.60276944  0.60276944  0.53293670  0.53293670  0.51646826  0.51646826  0.48459881  0.50036079  0.54978268  0.43924511  0.45405417  0.54978268  
36_9_0     0.70057091  0.70057091  0.70057091  0.00000000  0.03298748  0.19250345  0.29344499  0.30556694  0.26978495  0.30556694  0.30556694  0.25823458  0.26978495  0.23566461  0.26978495  0.25823458  0.28151975  0.30556694  0.30556694  0.28151975  0.36937064  0.38282411  0.33042770  0.38282411  0.38282411  0.31789220  0.36937064  0.34318075  0.31789220  0.43924511  0.42472859  0.54978268  0.58467935  0.56702390  0.60276944  0.62131610  0.65987560  0.65987560  0.65987560  0.67994159  0.64034297  0.64034297  0.64034297  0.65987560  0.64034297  0.65987560  0.62131610  0.60276944  0.60276944  0.65987560  0.60276944  0.62131610  0.62131610  0.58467935  0.62131610  0.62131610  0.60276944  0.67994159  0.60276944  0.60276944  0.56702390  0.58467935  0.56702390  0.56702390  0.54978268  0.58467935  0.58467935  0.58467935  0.60276944  0.60276944  0.65987560  0.65987560  0.65987560  0.64034297  0.62131610  0.74365257  0.67994159  0.64034297  0.65987560  0.64034297  0.62131610  0.64034297  0.58467935  0.56702390  0.53293670  0.53293670  0.53293670  0.56702390  0.58467935  0.64034297  0.64034297  0.65987560  0.64034297  0.58467935  0.56702390  0.58467935  0.54978268  0.56702390  0.56702390  0.62131610  0.72179608  0.81341585  0.76617908  0.64034297  0.58467935  0.62131610  0.67994159  0.58467935  0.56702390  0.58467935  0.56702390  0.58467935  0.58467935  0.56702390  0.58467935  0.51646826  0.50036079  0.51646826  0.51646826  0.53293670  0.46916781  0.51646826  0.53293670  0.53293670  0.53293670  0.54978268  0.54978268  0.48459881  0.46916781  0.43924511  0.43924511  0.48459881  0.64034297  0.60276944  0.58467935  0.58467935  0.58467935  0.54978268  0.54978268  0.56702390  0.74365257  0.67994159  0.65987560  0.62131610  0.60276944  0.56702390  0.53293670  0.58467935  0.51646826  0.51646826  0.50036079  0.76617908  0.53293670  0.60276944  0.60276944  0.65987560  0.74365257  0.48459881  0.46916781  0.46916781  0.46916781  0.51646826  0.48459881  0.45405417  0.48459881  
19_9_0     0.70057091  0.65987560  0.65987560  0.03298748  0.00000000  0.17183769  0.30556694  0.31789220  0.28151975  0.31789220  0.31789220  0.25823458  0.28151975  0.23566461  0.28151975  0.25823458  0.28151975  0.30556694  0.28151975  0.25823458  0.34318075  0.38282411  0.30556694  0.35615903  0.35615903  0.29344499  0.34318075  0.31789220  0.29344499  0.41049328  0.42472859  0.51646826  0.54978268  0.53293670  0.56702390  0.62131610  0.58467935  0.58467935  0.58467935  0.60276944  0.60276944  0.60276944  0.60276944  0.62131610  0.60276944  0.62131610  0.58467935  0.56702390  0.56702390  0.62131610  0.56702390  0.58467935  0.58467935  0.62131610  0.58467935  0.62131610  0.60276944  0.67994159  0.60276944  0.60276944  0.56702390  0.58467935  0.58467935  0.60276944  0.58467935  0.62131610  0.62131610  0.58467935  0.60276944  0.60276944  0.62131610  0.62131610  0.62131610  0.64034297  0.62131610  0.74365257  0.67994159  0.62131610  0.64034297  0.62131610  0.60276944  0.62131610  0.53293670  0.51646826  0.51646826  0.51646826  0.51646826  0.54978268  0.56702390  0.62131610  0.62131610  0.64034297  0.62131610  0.56702390  0.58467935  0.60276944  0.58467935  0.56702390  0.60276944  0.65987560  0.72179608  0.76617908  0.72179608  0.64034297  0.54978268  0.62131610  0.67994159  0.64034297  0.62131610  0.60276944  0.58467935  0.64034297  0.64034297  0.62131610  0.64034297  0.56702390  0.48459881  0.50036079  0.50036079  0.51646826  0.45405417  0.50036079  0.51646826  0.51646826  0.51646826  0.53293670  0.53293670  0.50036079  0.48459881  0.45405417  0.45405417  0.50036079  0.62131610  0.58467935  0.60276944  0.60276944  0.60276944  0.56702390  0.56702390  0.53293670  0.70057091  0.64034297  0.62131610  0.58467935  0.60276944  0.56702390  0.53293670  0.58467935  0.54978268  0.51646826  0.50036079  0.76617908  0.54978268  0.58467935  0.58467935  0.65987560  0.72179608  0.45405417  0.45405417  0.42472859  0.45405417  0.50036079  0.50036079  0.43924511  0.53293670  
31_9_0     0.64034297  0.65987560  0.65987560  0.19250345  0.17183769  0.00000000  0.28151975  0.29344499  0.25823458  0.29344499  0.26978495  0.21376721  0.20305842  0.20305842  0.26978495  0.25823458  0.25823458  0.30556694  0.24686295  0.22463435  0.23566461  0.34318075  0.28151975  0.35615903  0.34318075  0.28151975  0.24686295  0.25823458  0.22463435  0.43924511  0.43924511  0.43924511  0.43924511  0.53293670  0.53293670  0.62131610  0.62131610  0.62131610  0.56702390  0.60276944  0.60276944  0.60276944  0.60276944  0.54978268  0.56702390  0.58467935  0.54978268  0.54978268  0.54978268  0.58467935  0.56702390  0.54978268  0.54978268  0.65987560  0.58467935  0.58467935  0.60276944  0.67994159  0.56702390  0.56702390  0.56702390  0.58467935  0.50036079  0.50036079  0.50036079  0.56702390  0.53293670  0.51646826  0.53293670  0.51646826  0.54978268  0.54978268  0.54978268  0.56702390  0.53293670  0.60276944  0.58467935  0.72179608  0.74365257  0.67994159  0.70057091  0.67994159  0.70057091  0.72179608  0.67994159  0.67994159  0.67994159  0.67994159  0.64034297  0.60276944  0.60276944  0.62131610  0.58467935  0.65987560  0.53293670  0.54978268  0.60276944  0.54978268  0.58467935  0.64034297  0.70057091  0.78941800  0.67994159  0.65987560  0.62131610  0.62131610  0.65987560  0.54978268  0.53293670  0.51646826  0.58467935  0.64034297  0.64034297  0.53293670  0.54978268  0.48459881  0.54978268  0.56702390  0.65987560  0.64034297  0.60276944  0.56702390  0.58467935  0.58467935  0.54978268  0.56702390  0.54978268  0.45405417  0.46916781  0.46916781  0.46916781  0.50036079  0.65987560  0.60276944  0.53293670  0.53293670  0.51646826  0.48459881  0.51646826  0.51646826  0.56702390  0.58467935  0.51646826  0.51646826  0.56702390  0.62131610  0.58467935  0.64034297  0.56702390  0.54978268  0.50036079  0.74365257  0.58467935  0.58467935  0.58467935  0.60276944  0.64034297  0.45405417  0.42472859  0.42472859  0.42472859  0.36937064  0.45405417  0.39652848  0.50036079  
2_9_0      0.62131610  0.58467935  0.58467935  0.29344499  0.30556694  0.28151975  0.00000000  0.00810909  0.03298748  0.00810909  0.05005365  0.25823458  0.24686295  0.28151975  0.31789220  0.29344499  0.29344499  0.28151975  0.39652848  0.34318075  0.42472859  0.46916781  0.45405417  0.43924511  0.42472859  0.33042770  0.36937064  0.42472859  0.36937064  0.48459881  0.48459881  0.50036079  0.45405417  0.46916781  0.51646826  0.56702390  0.62131610  0.62131610  0.65987560  0.67994159  0.60276944  0.60276944  0.60276944  0.67994159  0.64034297  0.64034297  0.64034297  0.60276944  0.60276944  0.65987560  0.65987560  0.64034297  0.64034297  0.62131610  0.62131610  0.67994159  0.64034297  0.67994159  0.67994159  0.67994159  0.72179608  0.65987560  0.64034297  0.64034297  0.65987560  0.62131610  0.62131610  0.67994159  0.65987560  0.62131610  0.60276944  0.60276944  0.60276944  0.67994159  0.67994159  0.58467935  0.56702390  0.56702390  0.58467935  0.60276944  0.54978268  0.53293670  0.53293670  0.54978268  0.50036079  0.50036079  0.50036079  0.54978268  0.46916781  0.53293670  0.53293670  0.54978268  0.51646826  0.50036079  0.54978268  0.56702390  0.64034297  0.60276944  0.62131610  0.65987560  0.70057091  0.78941800  0.81341585  0.60276944  0.60276944  0.56702390  0.72179608  0.53293670  0.58467935  0.56702390  0.51646826  0.60276944  0.60276944  0.53293670  0.51646826  0.45405417  0.48459881  0.50036079  0.54978268  0.53293670  0.50036079  0.56702390  0.58467935  0.54978268  0.54978268  0.56702390  0.45405417  0.50036079  0.48459881  0.48459881  0.48459881  0.48459881  0.51646826  0.48459881  0.56702390  0.53293670  0.56702390  0.53293670  0.56702390  0.64034297  0.64034297  0.58467935  0.60276944  0.64034297  0.58467935  0.56702390  0.64034297  0.60276944  0.54978268  0.60276944  0.54978268  0.65987560  0.53293670  0.70057091  0.70057091  0.62131610  0.60276944  0.54978268  0.53293670  0.53293670  0.56702390  0.46916781  0.54978268  0.51646826  0.48459881  
51_9_0     0.62131610  0.58467935  0.58467935  0.30556694  0.31789220  0.29344499  0.00810909  0.00000000  0.02460076  0.00000000  0.04147102  0.24686295  0.23566461  0.29344499  0.30556694  0.28151975  0.28151975  0.26978495  0.41049328  0.35615903  0.43924511  0.48459881  0.46916781  0.42472859  0.43924511  0.34318075  0.38282411  0.43924511  0.38282411  0.48459881  0.48459881  0.50036079  0.45405417  0.46916781  0.51646826  0.56702390  0.64034297  0.64034297  0.67994159  0.70057091  0.62131610  0.62131610  0.62131610  0.70057091  0.65987560  0.65987560  0.65987560  0.62131610  0.62131610  0.67994159  0.67994159  0.65987560  0.65987560  0.64034297  0.64034297  0.70057091  0.65987560  0.70057091  0.70057091  0.70057091  0.74365257  0.67994159  0.64034297  0.64034297  0.65987560  0.62131610  0.62131610  0.67994159  0.65987560  0.62131610  0.60276944  0.60276944  0.60276944  0.67994159  0.67994159  0.58467935  0.56702390  0.56702390  0.58467935  0.60276944  0.54978268  0.53293670  0.51646826  0.54978268  0.50036079  0.50036079  0.50036079  0.54978268  0.46916781  0.53293670  0.53293670  0.54978268  0.51646826  0.50036079  0.54978268  0.56702390  0.64034297  0.60276944  0.62131610  0.65987560  0.70057091  0.78941800  0.81341585  0.60276944  0.60276944  0.56702390  0.72179608  0.53293670  0.58467935  0.56702390  0.51646826  0.60276944  0.60276944  0.53293670  0.51646826  0.45405417  0.48459881  0.50036079  0.54978268  0.53293670  0.50036079  0.56702390  0.58467935  0.54978268  0.54978268  0.56702390  0.45405417  0.50036079  0.48459881  0.48459881  0.48459881  0.48459881  0.51646826  0.48459881  0.56702390  0.53293670  0.56702390  0.53293670  0.56702390  0.64034297  0.64034297  0.58467935  0.60276944  0.64034297  0.58467935  0.56702390  0.64034297  0.60276944  0.54978268  0.60276944  0.54978268  0.65987560  0.53293670  0.70057091  0.70057091  0.62131610  0.60276944  0.54978268  0.53293670  0.53293670  0.56702390  0.46916781  0.54978268  0.51646826  0.48459881  
35_9_0     0.64034297  0.60276944  0.60276944  0.26978495  0.28151975  0.25823458  0.03298748  0.02460076  0.00000000  0.02460076  0.05005365  0.21376721  0.20305842  0.26978495  0.28151975  0.29344499  0.31789220  0.30556694  0.36937064  0.34318075  0.41049328  0.43924511  0.42472859  0.43924511  0.39652848  0.35615903  0.39652848  0.45405417  0.36937064  0.50036079  0.50036079  0.51646826  0.46916781  0.48459881  0.54978268  0.56702390  0.65987560  0.65987560  0.70057091  0.67994159  0.62131610  0.62131610  0.62131610  0.64034297  0.67994159  0.67994159  0.64034297  0.64034297  0.64034297  0.70057091  0.70057091  0.67994159  0.67994159  0.62131610  0.62131610  0.67994159  0.64034297  0.67994159  0.67994159  0.67994159  0.72179608  0.65987560  0.62131610  0.62131610  0.64034297  0.60276944  0.60276944  0.65987560  0.67994159  0.64034297  0.62131610  0.62131610  0.62131610  0.65987560  0.65987560  0.64034297  0.58467935  0.60276944  0.62131610  0.64034297  0.58467935  0.56702390  0.51646826  0.54978268  0.50036079  0.50036079  0.50036079  0.58467935  0.48459881  0.51646826  0.51646826  0.53293670  0.53293670  0.48459881  0.50036079  0.51646826  0.67994159  0.56702390  0.58467935  0.65987560  0.67994159  0.81341585  0.81341585  0.56702390  0.58467935  0.54978268  0.70057091  0.50036079  0.54978268  0.53293670  0.50036079  0.58467935  0.58467935  0.51646826  0.50036079  0.46916781  0.50036079  0.51646826  0.56702390  0.54978268  0.51646826  0.54978268  0.56702390  0.53293670  0.53293670  0.54978268  0.43924511  0.51646826  0.50036079  0.50036079  0.50036079  0.50036079  0.50036079  0.46916781  0.54978268  0.51646826  0.54978268  0.51646826  0.54978268  0.58467935  0.62131610  0.56702390  0.58467935  0.62131610  0.60276944  0.53293670  0.60276944  0.60276944  0.53293670  0.58467935  0.53293670  0.65987560  0.56702390  0.72179608  0.72179608  0.64034297  0.62131610  0.53293670  0.51646826  0.51646826  0.54978268  0.45405417  0.53293670  0.50036079  0.46916781  
76_9_0     0.62131610  0.58467935  0.58467935  0.30556694  0.31789220  0.29344499  0.00810909  0.00000000  0.02460076  0.00000000  0.04147102  0.24686295  0.23566461  0.29344499  0.30556694  0.28151975  0.28151975  0.26978495  0.41049328  0.35615903  0.43924511  0.48459881  0.46916781  0.42472859  0.43924511  0.34318075  0.38282411  0.43924511  0.38282411  0.48459881  0.48459881  0.50036079  0.45405417  0.46916781  0.51646826  0.56702390  0.64034297  0.64034297  0.67994159  0.70057091  0.62131610  0.62131610  0.62131610  0.70057091  0.65987560  0.65987560  0.65987560  0.62131610  0.62131610  0.67994159  0.67994159  0.65987560  0.65987560  0.64034297  0.64034297  0.70057091  0.65987560  0.70057091  0.70057091  0.70057091  0.74365257  0.67994159  0.64034297  0.64034297  0.65987560  0.62131610  0.62131610  0.67994159  0.65987560  0.62131610  0.60276944  0.60276944  0.60276944  0.67994159  0.67994159  0.58467935  0.56702390  0.56702390  0.58467935  0.60276944  0.54978268  0.53293670  0.51646826  0.54978268  0.50036079  0.50036079  0.50036079  0.54978268  0.46916781  0.53293670  0.53293670  0.54978268  0.51646826  0.50036079  0.54978268  0.56702390  0.64034297  0.60276944  0.62131610  0.65987560  0.70057091  0.78941800  0.81341585  0.60276944  0.60276944  0.56702390  0.72179608  0.53293670  0.58467935  0.56702390  0.51646826  0.60276944  0.60276944  0.53293670  0.51646826  0.45405417  0.48459881  0.50036079  0.54978268  0.53293670  0.50036079  0.56702390  0.58467935  0.54978268  0.54978268  0.56702390  0.45405417  0.50036079  0.48459881  0.48459881  0.48459881  0.48459881  0.51646826  0.48459881  0.56702390  0.53293670  0.56702390  0.53293670  0.56702390  0.64034297  0.64034297  0.58467935  0.60276944  0.64034297  0.58467935  0.56702390  0.64034297  0.60276944  0.54978268  0.60276944  0.54978268  0.65987560  0.53293670  0.70057091  0.70057091  0.62131610  0.60276944  0.54978268  0.53293670  0.53293670  0.56702390  0.46916781  0.54978268  0.51646826  0.48459881  
16_9_0     0.62131610  0.60276944  0.60276944  0.30556694  0.31789220  0.26978495  0.05005365  0.04147102  0.05005365  0.04147102  0.00000000  0.19250345  0.18209793  0.25823458  0.26978495  0.29344499  0.29344499  0.25823458  0.34318075  0.29344499  0.39652848  0.41049328  0.42472859  0.41049328  0.36937064  0.30556694  0.31789220  0.39652848  0.34318075  0.48459881  0.43924511  0.48459881  0.43924511  0.48459881  0.54978268  0.58467935  0.67994159  0.67994159  0.62131610  0.72179608  0.60276944  0.60276944  0.60276944  0.74365257  0.70057091  0.62131610  0.65987560  0.64034297  0.64034297  0.67994159  0.67994159  0.65987560  0.65987560  0.64034297  0.64034297  0.67994159  0.70057091  0.70057091  0.70057091  0.70057091  0.74365257  0.67994159  0.70057091  0.70057091  0.72179608  0.67994159  0.72179608  0.78941800  0.76617908  0.67994159  0.65987560  0.65987560  0.65987560  0.67994159  0.67994159  0.60276944  0.62131610  0.62131610  0.64034297  0.65987560  0.60276944  0.58467935  0.51646826  0.54978268  0.50036079  0.50036079  0.50036079  0.58467935  0.43924511  0.53293670  0.53293670  0.54978268  0.48459881  0.46916781  0.51646826  0.53293670  0.65987560  0.58467935  0.64034297  0.67994159  0.78941800  0.89050317  0.91810704  0.65987560  0.64034297  0.60276944  0.76617908  0.54978268  0.60276944  0.58467935  0.53293670  0.62131610  0.62131610  0.54978268  0.53293670  0.50036079  0.50036079  0.51646826  0.56702390  0.54978268  0.51646826  0.54978268  0.56702390  0.53293670  0.53293670  0.54978268  0.48459881  0.54978268  0.53293670  0.53293670  0.53293670  0.53293670  0.50036079  0.46916781  0.54978268  0.51646826  0.54978268  0.51646826  0.54978268  0.64034297  0.67994159  0.62131610  0.56702390  0.60276944  0.54978268  0.56702390  0.64034297  0.60276944  0.54978268  0.58467935  0.54978268  0.70057091  0.56702390  0.72179608  0.72179608  0.64034297  0.62131610  0.54978268  0.53293670  0.53293670  0.56702390  0.45405417  0.54978268  0.51646826  0.45405417  
91_9_0     0.62131610  0.62131610  0.62131610  0.25823458  0.25823458  0.21376721  0.25823458  0.24686295  0.21376721  0.24686295  0.19250345  0.00000000  0.08542305  0.22463435  0.19250345  0.22463435  0.24686295  0.22463435  0.28151975  0.28151975  0.31789220  0.35615903  0.31789220  0.36937064  0.39652848  0.38282411  0.29344499  0.34318075  0.29344499  0.51646826  0.46916781  0.51646826  0.48459881  0.53293670  0.51646826  0.62131610  0.64034297  0.64034297  0.54978268  0.60276944  0.62131610  0.62131610  0.62131610  0.60276944  0.65987560  0.62131610  0.56702390  0.56702390  0.56702390  0.62131610  0.65987560  0.64034297  0.64034297  0.56702390  0.58467935  0.60276944  0.62131610  0.65987560  0.54978268  0.54978268  0.58467935  0.56702390  0.70057091  0.67994159  0.70057091  0.78941800  0.70057091  0.72179608  0.74365257  0.64034297  0.62131610  0.62131610  0.62131610  0.64034297  0.64034297  0.67994159  0.62131610  0.70057091  0.67994159  0.70057091  0.64034297  0.62131610  0.65987560  0.70057091  0.60276944  0.60276944  0.60276944  0.62131610  0.53293670  0.48459881  0.48459881  0.50036079  0.51646826  0.51646826  0.43924511  0.46916781  0.74365257  0.64034297  0.70057091  0.74365257  0.72179608  0.74365257  0.74365257  0.60276944  0.62131610  0.65987560  0.76617908  0.58467935  0.60276944  0.58467935  0.60276944  0.70057091  0.70057091  0.58467935  0.56702390  0.46916781  0.53293670  0.54978268  0.56702390  0.58467935  0.51646826  0.53293670  0.54978268  0.58467935  0.54978268  0.56702390  0.48459881  0.54978268  0.56702390  0.53293670  0.53293670  0.60276944  0.50036079  0.50036079  0.56702390  0.56702390  0.54978268  0.54978268  0.54978268  0.54978268  0.65987560  0.60276944  0.54978268  0.54978268  0.53293670  0.54978268  0.54978268  0.53293670  0.50036079  0.58467935  0.48459881  0.78941800  0.58467935  0.65987560  0.65987560  0.67994159  0.64034297  0.53293670  0.51646826  0.48459881  0.48459881  0.50036079  0.46916781  0.46916781  0.46916781  
75_9_0     0.64034297  0.64034297  0.64034297  0.26978495  0.28151975  0.20305842  0.24686295  0.23566461  0.20305842  0.23566461  0.18209793  0.08542305  0.00000000  0.19250345  0.16171873  0.24686295  0.26978495  0.24686295  0.29344499  0.26978495  0.30556694  0.34318075  0.31789220  0.42472859  0.35615903  0.38282411  0.31789220  0.36937064  0.29344499  0.51646826  0.45405417  0.50036079  0.50036079  0.62131610  0.62131610  0.65987560  0.67994159  0.67994159  0.58467935  0.67994159  0.65987560  0.65987560  0.65987560  0.67994159  0.64034297  0.67994159  0.65987560  0.64034297  0.64034297  0.62131610  0.67994159  0.65987560  0.65987560  0.58467935  0.58467935  0.65987560  0.72179608  0.67994159  0.60276944  0.60276944  0.60276944  0.62131610  0.60276944  0.64034297  0.62131610  0.64034297  0.60276944  0.67994159  0.70057091  0.62131610  0.62131610  0.62131610  0.62131610  0.65987560  0.62131610  0.65987560  0.64034297  0.72179608  0.70057091  0.72179608  0.65987560  0.64034297  0.67994159  0.72179608  0.65987560  0.65987560  0.65987560  0.64034297  0.50036079  0.50036079  0.50036079  0.51646826  0.51646826  0.53293670  0.45405417  0.46916781  0.67994159  0.64034297  0.64034297  0.70057091  0.70057091  0.78941800  0.72179608  0.62131610  0.67994159  0.65987560  0.76617908  0.62131610  0.67994159  0.65987560  0.64034297  0.78941800  0.78941800  0.65987560  0.64034297  0.56702390  0.60276944  0.62131610  0.67994159  0.70057091  0.62131610  0.62131610  0.60276944  0.60276944  0.60276944  0.62131610  0.51646826  0.58467935  0.60276944  0.56702390  0.56702390  0.60276944  0.60276944  0.60276944  0.64034297  0.64034297  0.58467935  0.58467935  0.62131610  0.56702390  0.65987560  0.64034297  0.54978268  0.54978268  0.53293670  0.62131610  0.62131610  0.64034297  0.60276944  0.50036079  0.45405417  0.76617908  0.62131610  0.70057091  0.70057091  0.64034297  0.62131610  0.58467935  0.56702390  0.56702390  0.56702390  0.54978268  0.50036079  0.50036079  0.50036079  
74_9_0     0.58467935  0.65987560  0.65987560  0.23566461  0.23566461  0.20305842  0.28151975  0.29344499  0.26978495  0.29344499  0.25823458  0.22463435  0.19250345  0.00000000  0.15173722  0.29344499  0.29344499  0.30556694  0.31789220  0.29344499  0.35615903  0.35615903  0.33042770  0.38282411  0.35615903  0.36937064  0.33042770  0.35615903  0.30556694  0.50036079  0.39652848  0.43924511  0.43924511  0.60276944  0.60276944  0.72179608  0.67994159  0.67994159  0.62131610  0.70057091  0.64034297  0.64034297  0.64034297  0.65987560  0.67994159  0.62131610  0.64034297  0.64034297  0.64034297  0.64034297  0.60276944  0.62131610  0.62131610  0.62131610  0.56702390  0.60276944  0.65987560  0.67994159  0.62131610  0.62131610  0.62131610  0.64034297  0.64034297  0.65987560  0.64034297  0.65987560  0.62131610  0.64034297  0.65987560  0.65987560  0.67994159  0.67994159  0.67994159  0.67994159  0.64034297  0.72179608  0.67994159  0.60276944  0.62131610  0.60276944  0.58467935  0.56702390  0.64034297  0.65987560  0.64034297  0.64034297  0.64034297  0.62131610  0.62131610  0.60276944  0.60276944  0.62131610  0.58467935  0.64034297  0.54978268  0.56702390  0.60276944  0.62131610  0.60276944  0.60276944  0.67994159  0.74365257  0.67994159  0.64034297  0.65987560  0.72179608  0.74365257  0.60276944  0.56702390  0.62131610  0.62131610  0.67994159  0.67994159  0.64034297  0.65987560  0.64034297  0.58467935  0.60276944  0.62131610  0.64034297  0.56702390  0.64034297  0.65987560  0.64034297  0.62131610  0.60276944  0.54978268  0.62131610  0.60276944  0.56702390  0.56702390  0.56702390  0.72179608  0.67994159  0.64034297  0.64034297  0.64034297  0.60276944  0.64034297  0.56702390  0.62131610  0.56702390  0.56702390  0.53293670  0.60276944  0.64034297  0.60276944  0.65987560  0.62131610  0.53293670  0.54978268  0.78941800  0.58467935  0.62131610  0.62131610  0.64034297  0.67994159  0.51646826  0.51646826  0.50036079  0.50036079  0.54978268  0.51646826  0.48459881  0.48459881  
70_9_0     0.43924511  0.53293670  0.53293670  0.26978495  0.28151975  0.26978495  0.31789220  0.30556694  0.28151975  0.30556694  0.26978495  0.19250345  0.16171873  0.15173722  0.00000000  0.19250345  0.21376721  0.21376721  0.28151975  0.25823458  0.33042770  0.31789220  0.29344499  0.31789220  0.31789220  0.30556694  0.28151975  0.30556694  0.23566461  0.45405417  0.39652848  0.41049328  0.41049328  0.54978268  0.51646826  0.64034297  0.64034297  0.64034297  0.53293670  0.62131610  0.64034297  0.64034297  0.64034297  0.62131610  0.56702390  0.53293670  0.58467935  0.58467935  0.58467935  0.60276944  0.56702390  0.58467935  0.58467935  0.56702390  0.56702390  0.56702390  0.62131610  0.65987560  0.60276944  0.60276944  0.60276944  0.62131610  0.54978268  0.58467935  0.56702390  0.64034297  0.56702390  0.58467935  0.60276944  0.60276944  0.62131610  0.62131610  0.62131610  0.62131610  0.58467935  0.67994159  0.64034297  0.54978268  0.56702390  0.54978268  0.50036079  0.51646826  0.56702390  0.56702390  0.51646826  0.51646826  0.51646826  0.50036079  0.48459881  0.46916781  0.46916781  0.48459881  0.46916781  0.48459881  0.46916781  0.45405417  0.53293670  0.58467935  0.56702390  0.56702390  0.62131610  0.62131610  0.62131610  0.58467935  0.58467935  0.64034297  0.67994159  0.54978268  0.54978268  0.56702390  0.67994159  0.74365257  0.70057091  0.65987560  0.67994159  0.58467935  0.62131610  0.64034297  0.65987560  0.67994159  0.60276944  0.64034297  0.65987560  0.64034297  0.62131610  0.60276944  0.53293670  0.60276944  0.62131610  0.58467935  0.58467935  0.62131610  0.64034297  0.64034297  0.65987560  0.65987560  0.60276944  0.60276944  0.60276944  0.53293670  0.64034297  0.54978268  0.56702390  0.56702390  0.53293670  0.60276944  0.48459881  0.53293670  0.46916781  0.50036079  0.51646826  0.65987560  0.56702390  0.56702390  0.56702390  0.67994159  0.70057091  0.46916781  0.45405417  0.43924511  0.46916781  0.51646826  0.41049328  0.43924511  0.48459881  
83_9_0     0.51646826  0.50036079  0.50036079  0.25823458  0.25823458  0.25823458  0.29344499  0.28151975  0.29344499  0.28151975  0.29344499  0.22463435  0.24686295  0.29344499  0.19250345  0.00000000  0.01630866  0.05005365  0.20305842  0.16171873  0.23566461  0.24686295  0.23566461  0.24686295  0.25823458  0.20305842  0.15173722  0.15173722  0.12258121  0.43924511  0.36937064  0.41049328  0.41049328  0.45405417  0.50036079  0.51646826  0.56702390  0.56702390  0.51646826  0.62131610  0.60276944  0.60276944  0.60276944  0.60276944  0.48459881  0.51646826  0.53293670  0.50036079  0.50036079  0.54978268  0.51646826  0.50036079  0.50036079  0.56702390  0.54978268  0.53293670  0.51646826  0.62131610  0.48459881  0.48459881  0.48459881  0.46916781  0.58467935  0.53293670  0.56702390  0.64034297  0.53293670  0.56702390  0.58467935  0.53293670  0.50036079  0.50036079  0.50036079  0.62131610  0.60276944  0.60276944  0.53293670  0.62131610  0.64034297  0.62131610  0.60276944  0.62131610  0.65987560  0.65987560  0.56702390  0.56702390  0.56702390  0.56702390  0.53293670  0.58467935  0.58467935  0.60276944  0.51646826  0.54978268  0.56702390  0.53293670  0.54978268  0.56702390  0.64034297  0.62131610  0.64034297  0.65987560  0.62131610  0.58467935  0.53293670  0.50036079  0.54978268  0.54978268  0.56702390  0.54978268  0.58467935  0.67994159  0.67994159  0.56702390  0.54978268  0.46916781  0.46916781  0.48459881  0.51646826  0.53293670  0.46916781  0.46916781  0.48459881  0.48459881  0.45405417  0.43924511  0.45405417  0.48459881  0.50036079  0.46916781  0.46916781  0.53293670  0.53293670  0.54978268  0.48459881  0.48459881  0.48459881  0.45405417  0.45405417  0.51646826  0.62131610  0.60276944  0.60276944  0.60276944  0.53293670  0.56702390  0.51646826  0.50036079  0.48459881  0.58467935  0.46916781  0.65987560  0.51646826  0.58467935  0.58467935  0.58467935  0.62131610  0.42472859  0.41049328  0.36937064  0.41049328  0.41049328  0.41049328  0.41049328  0.50036079  
55_9_0     0.50036079  0.48459881  0.48459881  0.28151975  0.28151975  0.25823458  0.29344499  0.28151975  0.31789220  0.28151975  0.29344499  0.24686295  0.26978495  0.29344499  0.21376721  0.01630866  0.00000000  0.05005365  0.22463435  0.18209793  0.22463435  0.26978495  0.25823458  0.24686295  0.28151975  0.20305842  0.13217192  0.15173722  0.14188946  0.43924511  0.34318075  0.38282411  0.38282411  0.43924511  0.48459881  0.50036079  0.54978268  0.54978268  0.50036079  0.60276944  0.58467935  0.58467935  0.58467935  0.62131610  0.46916781  0.50036079  0.51646826  0.48459881  0.48459881  0.53293670  0.50036079  0.48459881  0.48459881  0.54978268  0.53293670  0.51646826  0.50036079  0.60276944  0.46916781  0.46916781  0.46916781  0.45405417  0.60276944  0.54978268  0.58467935  0.62131610  0.54978268  0.58467935  0.56702390  0.54978268  0.51646826  0.51646826  0.51646826  0.64034297  0.62131610  0.58467935  0.53293670  0.58467935  0.60276944  0.58467935  0.60276944  0.62131610  0.65987560  0.65987560  0.56702390  0.56702390  0.56702390  0.56702390  0.53293670  0.58467935  0.58467935  0.60276944  0.51646826  0.54978268  0.60276944  0.56702390  0.53293670  0.58467935  0.65987560  0.64034297  0.65987560  0.64034297  0.62131610  0.60276944  0.56702390  0.51646826  0.56702390  0.56702390  0.58467935  0.56702390  0.60276944  0.65987560  0.65987560  0.54978268  0.53293670  0.48459881  0.48459881  0.50036079  0.53293670  0.54978268  0.48459881  0.48459881  0.50036079  0.50036079  0.46916781  0.45405417  0.46916781  0.50036079  0.51646826  0.48459881  0.48459881  0.54978268  0.54978268  0.53293670  0.46916781  0.46916781  0.46916781  0.43924511  0.43924511  0.54978268  0.58467935  0.60276944  0.56702390  0.56702390  0.53293670  0.58467935  0.53293670  0.51646826  0.50036079  0.54978268  0.46916781  0.67994159  0.50036079  0.56702390  0.56702390  0.56702390  0.60276944  0.41049328  0.39652848  0.35615903  0.39652848  0.42472859  0.42472859  0.39652848  0.48459881  
9_9_0      0.51646826  0.50036079  0.50036079  0.30556694  0.30556694  0.30556694  0.28151975  0.26978495  0.30556694  0.26978495  0.25823458  0.22463435  0.24686295  0.30556694  0.21376721  0.05005365  0.05005365  0.00000000  0.22463435  0.18209793  0.26978495  0.25823458  0.26978495  0.24686295  0.29344499  0.24686295  0.17183769  0.17183769  0.16171873  0.41049328  0.34318075  0.38282411  0.38282411  0.46916781  0.51646826  0.53293670  0.50036079  0.50036079  0.45405417  0.56702390  0.53293670  0.53293670  0.53293670  0.60276944  0.48459881  0.51646826  0.50036079  0.50036079  0.50036079  0.54978268  0.51646826  0.50036079  0.50036079  0.53293670  0.51646826  0.56702390  0.54978268  0.58467935  0.48459881  0.48459881  0.48459881  0.46916781  0.65987560  0.60276944  0.64034297  0.64034297  0.60276944  0.64034297  0.62131610  0.60276944  0.56702390  0.56702390  0.56702390  0.67994159  0.65987560  0.56702390  0.53293670  0.60276944  0.62131610  0.60276944  0.58467935  0.60276944  0.64034297  0.64034297  0.54978268  0.54978268  0.54978268  0.54978268  0.51646826  0.60276944  0.60276944  0.62131610  0.50036079  0.53293670  0.58467935  0.54978268  0.54978268  0.60276944  0.67994159  0.65987560  0.72179608  0.70057091  0.67994159  0.65987560  0.53293670  0.50036079  0.62131610  0.54978268  0.60276944  0.58467935  0.62131610  0.72179608  0.72179608  0.60276944  0.58467935  0.50036079  0.50036079  0.51646826  0.54978268  0.56702390  0.50036079  0.50036079  0.51646826  0.48459881  0.48459881  0.46916781  0.48459881  0.51646826  0.53293670  0.50036079  0.50036079  0.53293670  0.54978268  0.54978268  0.50036079  0.50036079  0.50036079  0.46916781  0.46916781  0.58467935  0.62131610  0.60276944  0.60276944  0.60276944  0.56702390  0.62131610  0.60276944  0.54978268  0.53293670  0.56702390  0.50036079  0.72179608  0.50036079  0.56702390  0.56702390  0.60276944  0.60276944  0.42472859  0.41049328  0.39652848  0.43924511  0.43924511  0.45405417  0.45405417  0.48459881  
45_10_0    0.53293670  0.54978268  0.54978268  0.30556694  0.28151975  0.24686295  0.39652848  0.41049328  0.36937064  0.41049328  0.34318075  0.28151975  0.29344499  0.31789220  0.28151975  0.20305842  0.22463435  0.22463435  0.00000000  0.05005365  0.12258121  0.12258121  0.10376730  0.19250345  0.19250345  0.18209793  0.10376730  0.14188946  0.11311405  0.45405417  0.45405417  0.42472859  0.42472859  0.54978268  0.56702390  0.56702390  0.60276944  0.60276944  0.54978268  0.64034297  0.65987560  0.65987560  0.65987560  0.53293670  0.58467935  0.58467935  0.56702390  0.56702390  0.56702390  0.56702390  0.56702390  0.58467935  0.58467935  0.60276944  0.65987560  0.60276944  0.65987560  0.70057091  0.65987560  0.65987560  0.65987560  0.64034297  0.65987560  0.60276944  0.64034297  0.60276944  0.60276944  0.62131610  0.64034297  0.64034297  0.60276944  0.60276944  0.60276944  0.60276944  0.65987560  0.60276944  0.62131610  0.76617908  0.78941800  0.76617908  0.74365257  0.76617908  0.72179608  0.70057091  0.67994159  0.67994159  0.67994159  0.67994159  0.56702390  0.60276944  0.60276944  0.62131610  0.60276944  0.56702390  0.58467935  0.54978268  0.65987560  0.58467935  0.70057091  0.72179608  0.78941800  0.89050317  0.83822389  0.70057091  0.60276944  0.60276944  0.67994159  0.58467935  0.64034297  0.58467935  0.65987560  0.72179608  0.67994159  0.65987560  0.64034297  0.62131610  0.62131610  0.64034297  0.60276944  0.58467935  0.58467935  0.60276944  0.62131610  0.58467935  0.58467935  0.56702390  0.60276944  0.64034297  0.65987560  0.65987560  0.65987560  0.64034297  0.56702390  0.56702390  0.64034297  0.67994159  0.65987560  0.62131610  0.64034297  0.62131610  0.65987560  0.60276944  0.58467935  0.58467935  0.65987560  0.62131610  0.56702390  0.58467935  0.54978268  0.54978268  0.56702390  0.70057091  0.62131610  0.62131610  0.62131610  0.64034297  0.65987560  0.43924511  0.42472859  0.43924511  0.45405417  0.41049328  0.50036079  0.43924511  0.46916781  
12_10_0    0.56702390  0.53293670  0.53293670  0.28151975  0.25823458  0.22463435  0.34318075  0.35615903  0.34318075  0.35615903  0.29344499  0.28151975  0.26978495  0.29344499  0.25823458  0.16171873  0.18209793  0.18209793  0.05005365  0.00000000  0.10376730  0.14188946  0.10376730  0.21376721  0.20305842  0.16171873  0.10376730  0.15173722  0.11311405  0.48459881  0.43924511  0.45405417  0.45405417  0.54978268  0.58467935  0.62131610  0.60276944  0.60276944  0.51646826  0.64034297  0.62131610  0.62131610  0.62131610  0.56702390  0.54978268  0.54978268  0.56702390  0.53293670  0.53293670  0.53293670  0.53293670  0.54978268  0.54978268  0.56702390  0.62131610  0.64034297  0.65987560  0.65987560  0.62131610  0.62131610  0.62131610  0.60276944  0.64034297  0.58467935  0.62131610  0.58467935  0.58467935  0.60276944  0.62131610  0.58467935  0.54978268  0.54978268  0.54978268  0.62131610  0.60276944  0.54978268  0.60276944  0.72179608  0.74365257  0.72179608  0.70057091  0.72179608  0.70057091  0.67994159  0.62131610  0.62131610  0.62131610  0.62131610  0.50036079  0.60276944  0.60276944  0.62131610  0.53293670  0.53293670  0.54978268  0.51646826  0.58467935  0.51646826  0.62131610  0.70057091  0.78941800  0.86389874  0.83822389  0.65987560  0.60276944  0.53293670  0.65987560  0.58467935  0.64034297  0.58467935  0.64034297  0.72179608  0.67994159  0.64034297  0.62131610  0.60276944  0.58467935  0.60276944  0.60276944  0.58467935  0.54978268  0.56702390  0.58467935  0.54978268  0.54978268  0.53293670  0.58467935  0.62131610  0.64034297  0.64034297  0.64034297  0.62131610  0.58467935  0.58467935  0.62131610  0.62131610  0.60276944  0.56702390  0.58467935  0.62131610  0.64034297  0.58467935  0.62131610  0.62131610  0.62131610  0.64034297  0.56702390  0.54978268  0.54978268  0.56702390  0.58467935  0.67994159  0.65987560  0.64034297  0.64034297  0.67994159  0.70057091  0.42472859  0.41049328  0.42472859  0.43924511  0.42472859  0.48459881  0.42472859  0.48459881  
