20
18_0_0     0.00000000  0.01539295  0.05868553  0.05868553  0.08703936  0.08149591  0.06981896  0.08149591  0.06981896  0.06981896  0.07529385  0.16512124  0.16512124  0.18665128  0.17936801  0.17734574  0.17832884  0.17832884  0.17832884  0.17832884  
8_0_0      0.01539295  0.00000000  0.05304959  0.05304959  0.08113109  0.07562233  0.07562233  0.07562233  0.06408414  0.06408414  0.06952595  0.15815161  0.15815161  0.17936801  0.20155400  0.18451829  0.17120736  0.17120736  0.17120736  0.17120736  
3_0_0      0.05868553  0.05304959  0.00000000  0.00000000  0.08744140  0.08789040  0.07599684  0.06438766  0.07015756  0.07015756  0.07562233  0.18046311  0.18046311  0.18780304  0.22626542  0.19289302  0.17219237  0.17219237  0.17219237  0.17219237  
2_0_0      0.05868553  0.05304959  0.00000000  0.00000000  0.08744140  0.08789040  0.07599684  0.06438766  0.07015756  0.07015756  0.07562233  0.18046311  0.18046311  0.18780304  0.22626542  0.19289302  0.17219237  0.17219237  0.17219237  0.17219237  
19_0_0     0.08703936  0.08113109  0.08744140  0.08744140  0.00000000  0.00506997  0.04711606  0.05262232  0.05819173  0.05819173  0.06361293  0.15727029  0.15727029  0.17832884  0.19289302  0.21310300  0.19179838  0.20669445  0.20669445  0.19179838  
17_0_0     0.08149591  0.07562233  0.08789040  0.08789040  0.00506997  0.00000000  0.04179909  0.04727520  0.05281377  0.05281377  0.05819173  0.15128061  0.15128061  0.17219237  0.18665128  0.21431744  0.19289302  0.20790761  0.20790761  0.19289302  
14_0_0     0.06981896  0.07562233  0.07599684  0.07599684  0.04711606  0.04179909  0.00000000  0.04179909  0.04727520  0.04727520  0.05262232  0.17936801  0.17936801  0.17219237  0.19404547  0.22206202  0.21559268  0.21559268  0.21559268  0.21559268  
20_0_0     0.08149591  0.07562233  0.06438766  0.06438766  0.05262232  0.04727520  0.04179909  0.00000000  0.02593289  0.02593289  0.03113808  0.15815161  0.15815161  0.16512124  0.17219237  0.21431744  0.19289302  0.20034228  0.20034228  0.19289302  
6_0_0      0.06981896  0.06408414  0.07015756  0.07015756  0.05819173  0.05281377  0.04727520  0.02593289  0.00000000  0.00000000  0.00506997  0.16512124  0.16512124  0.17219237  0.16512124  0.19179838  0.18555632  0.19289302  0.19289302  0.18555632  
1_0_0      0.06981896  0.06408414  0.07015756  0.07015756  0.05819173  0.05281377  0.04727520  0.02593289  0.00000000  0.00000000  0.00506997  0.16512124  0.16512124  0.17219237  0.16512124  0.19179838  0.18555632  0.19289302  0.19289302  0.18555632  
15_0_0     0.07529385  0.06952595  0.07562233  0.07562233  0.06361293  0.05819173  0.05262232  0.03113808  0.00506997  0.00506997  0.00000000  0.16418882  0.16418882  0.17120736  0.16418882  0.19076169  0.19179838  0.19918929  0.19918929  0.19179838  
9_0_0      0.16512124  0.15815161  0.18046311  0.18046311  0.15727029  0.15128061  0.17936801  0.15815161  0.16512124  0.16512124  0.16418882  0.00000000  0.00000000  0.01539295  0.13945048  0.15128061  0.15908648  0.17323249  0.17323249  0.17323249  
13_0_0     0.16512124  0.15815161  0.18046311  0.18046311  0.15727029  0.15128061  0.17936801  0.15815161  0.16512124  0.16512124  0.16418882  0.00000000  0.00000000  0.01539295  0.13945048  0.15128061  0.15908648  0.17323249  0.17323249  0.17323249  
7_0_0      0.18665128  0.17936801  0.18780304  0.18780304  0.17832884  0.17219237  0.17219237  0.16512124  0.17219237  0.17219237  0.17120736  0.01539295  0.01539295  0.00000000  0.16007473  0.17219237  0.18046311  0.19525563  0.19525563  0.19525563  
16_0_0     0.17936801  0.20155400  0.22626542  0.22626542  0.19289302  0.18665128  0.19404547  0.17219237  0.16512124  0.16512124  0.16418882  0.13945048  0.13945048  0.16007473  0.00000000  0.08744140  0.09394825  0.10629550  0.10629550  0.11896496  
11_0_0     0.17734574  0.18451829  0.19289302  0.19289302  0.21310300  0.21431744  0.22206202  0.21431744  0.19179838  0.19179838  0.19076169  0.15128061  0.15128061  0.17219237  0.08744140  0.00000000  0.02581129  0.03652395  0.03652395  0.04747831  
10_0_0     0.17832884  0.17120736  0.17219237  0.17219237  0.19179838  0.19289302  0.21559268  0.19289302  0.18555632  0.18555632  0.19179838  0.15908648  0.15908648  0.18046311  0.09394825  0.02581129  0.00000000  0.01020756  0.01020756  0.02063433  
4_0_0      0.17832884  0.17120736  0.17219237  0.17219237  0.20669445  0.20790761  0.21559268  0.20034228  0.19289302  0.19289302  0.19918929  0.17323249  0.17323249  0.19525563  0.10629550  0.03652395  0.01020756  0.00000000  0.00000000  0.03128992  
12_0_0     0.17832884  0.17120736  0.17219237  0.17219237  0.20669445  0.20790761  0.21559268  0.20034228  0.19289302  0.19289302  0.19918929  0.17323249  0.17323249  0.19525563  0.10629550  0.03652395  0.01020756  0.00000000  0.00000000  0.03128992  
5_0_0      0.17832884  0.17120736  0.17219237  0.17219237  0.19179838  0.19289302  0.21559268  0.19289302  0.18555632  0.18555632  0.19179838  0.17323249  0.17323249  0.19525563  0.11896496  0.04747831  0.02063433  0.03128992  0.03128992  0.00000000  

