20
18_0_0     0.00000000  0.00507652  0.11075825  0.11031374  0.08776757  0.08776757  0.08824581  0.11940408  0.10670382  0.10047415  0.10670382  0.17688045  0.17688045  0.18400715  0.21672601  0.22389920  0.20084733  0.20084733  0.20084733  0.20841231  
8_0_0      0.00507652  0.00000000  0.10460821  0.10420226  0.08180189  0.08180189  0.08224339  0.11301311  0.10047415  0.09432211  0.10047415  0.16985517  0.16985517  0.17688045  0.22428648  0.23182874  0.20841231  0.20841231  0.20841231  0.21609503  
3_0_0      0.11075825  0.10460821  0.00000000  0.01017225  0.08630909  0.07473075  0.08660485  0.09853385  0.10460821  0.09853385  0.10460821  0.17364458  0.17364458  0.16681618  0.19879287  0.18217729  0.19653238  0.19653238  0.19653238  0.18930266  
2_0_0      0.11031374  0.10420226  0.01017225  0.00000000  0.08605984  0.07454988  0.08630909  0.09816552  0.10420226  0.09816552  0.10420226  0.16619194  0.16619194  0.15950293  0.19118305  0.18841888  0.19559537  0.19559537  0.19559537  0.20287773  
19_0_0     0.08776757  0.08180189  0.08630909  0.08605984  0.00000000  0.01020578  0.04194649  0.05863498  0.05863498  0.05300923  0.05863498  0.14206033  0.14206033  0.13554558  0.17984817  0.17074900  0.15010913  0.15010913  0.15010913  0.15689365  
17_0_0     0.08776757  0.08180189  0.07473075  0.07454988  0.01020578  0.00000000  0.04194649  0.05863498  0.05863498  0.05300923  0.05863498  0.14206033  0.14206033  0.13554558  0.17984817  0.17074900  0.15010913  0.15010913  0.15010913  0.15689365  
14_0_0     0.08824581  0.08224339  0.08660485  0.08630909  0.04194649  0.04194649  0.00000000  0.04768526  0.05893796  0.05327955  0.05893796  0.14271309  0.14271309  0.13615450  0.19471547  0.17882404  0.15774146  0.15774146  0.15774146  0.16466943  
20_0_0     0.11940408  0.11301311  0.09853385  0.09816552  0.05863498  0.05863498  0.04768526  0.00000000  0.05327955  0.04768526  0.05327955  0.16292846  0.16292846  0.15609761  0.18759144  0.17169600  0.16466943  0.16466943  0.16466943  0.17169600  
6_0_0      0.10670382  0.10047415  0.10460821  0.10420226  0.05863498  0.05863498  0.05893796  0.05327955  0.00000000  0.00507652  0.01020578  0.13615450  0.13615450  0.12968190  0.18056876  0.20084733  0.17882404  0.17882404  0.17882404  0.18605652  
1_0_0      0.10047415  0.09432211  0.09853385  0.09816552  0.05300923  0.05300923  0.05327955  0.04768526  0.00507652  0.00000000  0.01538891  0.14271309  0.14271309  0.13615450  0.17364458  0.19339653  0.17169600  0.17169600  0.17169600  0.17882404  
15_0_0     0.10670382  0.10047415  0.10460821  0.10420226  0.05863498  0.05863498  0.05893796  0.05327955  0.01020578  0.01538891  0.00000000  0.13615450  0.13615450  0.12968190  0.17364458  0.20084733  0.17882404  0.17882404  0.17882404  0.18605652  
9_0_0      0.17688045  0.16985517  0.17364458  0.16619194  0.14206033  0.14206033  0.14271309  0.16292846  0.13615450  0.14271309  0.13615450  0.00000000  0.00000000  0.00507652  0.18217729  0.14417056  0.13752250  0.13752250  0.13752250  0.14417056  
13_0_0     0.17688045  0.16985517  0.17364458  0.16619194  0.14206033  0.14206033  0.14271309  0.16292846  0.13615450  0.14271309  0.13615450  0.00000000  0.00000000  0.00507652  0.18217729  0.14417056  0.13752250  0.13752250  0.13752250  0.14417056  
7_0_0      0.18400715  0.17688045  0.16681618  0.15950293  0.13554558  0.13554558  0.13615450  0.15609761  0.12968190  0.13615450  0.12968190  0.00507652  0.00507652  0.00000000  0.17515331  0.15090938  0.14417056  0.14417056  0.14417056  0.15090938  
16_0_0     0.21672601  0.22428648  0.19879287  0.19118305  0.17984817  0.17984817  0.19471547  0.18759144  0.18056876  0.17364458  0.17364458  0.18217729  0.18217729  0.17515331  0.00000000  0.13498713  0.12859938  0.12859938  0.12859938  0.13498713  
11_0_0     0.22389920  0.23182874  0.18217729  0.18841888  0.17074900  0.17074900  0.17882404  0.17169600  0.20084733  0.19339653  0.20084733  0.14417056  0.14417056  0.15090938  0.13498713  0.00000000  0.02592132  0.02592132  0.02592132  0.02062702  
10_0_0     0.20084733  0.20841231  0.19653238  0.19559537  0.15010913  0.15010913  0.15774146  0.16466943  0.17882404  0.17169600  0.17882404  0.13752250  0.13752250  0.14417056  0.12859938  0.02592132  0.00000000  0.00000000  0.00000000  0.00507652  
4_0_0      0.20084733  0.20841231  0.19653238  0.19559537  0.15010913  0.15010913  0.15774146  0.16466943  0.17882404  0.17169600  0.17882404  0.13752250  0.13752250  0.14417056  0.12859938  0.02592132  0.00000000  0.00000000  0.00000000  0.00507652  
12_0_0     0.20084733  0.20841231  0.19653238  0.19559537  0.15010913  0.15010913  0.15774146  0.16466943  0.17882404  0.17169600  0.17882404  0.13752250  0.13752250  0.14417056  0.12859938  0.02592132  0.00000000  0.00000000  0.00000000  0.00507652  
5_0_0      0.20841231  0.21609503  0.18930266  0.20287773  0.15689365  0.15689365  0.16466943  0.17169600  0.18605652  0.17882404  0.18605652  0.14417056  0.14417056  0.15090938  0.13498713  0.02062702  0.00507652  0.00507652  0.00507652  0.00000000  

