20
18_0_0     0.00000000  0.00000000  0.06402307  0.06402307  0.10503448  0.10503448  0.10503448  0.10553109  0.11805881  0.11805881  0.12382619  0.22215785  0.22215785  0.21472228  0.23299097  0.21016171  0.20918128  0.20918128  0.21661791  0.21661791  
8_0_0      0.00000000  0.00000000  0.06402307  0.06402307  0.10503448  0.10503448  0.10503448  0.10553109  0.11805881  0.11805881  0.12382619  0.22215785  0.22215785  0.21472228  0.23299097  0.21016171  0.20918128  0.20918128  0.21661791  0.21661791  
3_0_0      0.06402307  0.06402307  0.00000000  0.00000000  0.11233832  0.11233832  0.10607433  0.10666390  0.11935365  0.11935365  0.12510910  0.22416792  0.22416792  0.21661791  0.21229763  0.17591024  0.20376287  0.20376287  0.21120056  0.21120056  
2_0_0      0.06402307  0.06402307  0.00000000  0.00000000  0.11233832  0.11233832  0.10607433  0.10666390  0.11935365  0.11935365  0.12510910  0.22416792  0.22416792  0.21661791  0.21229763  0.17591024  0.20376287  0.20376287  0.21120056  0.21120056  
19_0_0     0.10503448  0.10503448  0.11233832  0.11233832  0.00000000  0.00000000  0.08138805  0.08178183  0.08178183  0.08178183  0.08731437  0.23846614  0.23846614  0.23074001  0.25833719  0.20376287  0.20277997  0.20277997  0.19550665  0.21016171  
17_0_0     0.10503448  0.10503448  0.11233832  0.11233832  0.00000000  0.00000000  0.08138805  0.08178183  0.08178183  0.08178183  0.08731437  0.23846614  0.23846614  0.23074001  0.25833719  0.20376287  0.20277997  0.20277997  0.19550665  0.21016171  
14_0_0     0.10503448  0.10503448  0.10607433  0.10607433  0.08138805  0.08138805  0.00000000  0.05300159  0.07589042  0.07589042  0.08138805  0.22313257  0.22313257  0.21564021  0.24212135  0.20376287  0.19550665  0.19550665  0.18833859  0.21765514  
20_0_0     0.10553109  0.10553109  0.10666390  0.10666390  0.08178183  0.08178183  0.05300159  0.00000000  0.02062562  0.02062562  0.02580241  0.18050353  0.18050353  0.17358625  0.21229763  0.20480313  0.21875166  0.21875166  0.21120056  0.24212135  
6_0_0      0.11805881  0.11805881  0.11935365  0.11935365  0.08178183  0.08178183  0.07589042  0.02062562  0.00000000  0.00000000  0.00506986  0.20185466  0.20185466  0.19463486  0.23548664  0.21229763  0.21120056  0.21120056  0.21875166  0.23420829  
1_0_0      0.11805881  0.11805881  0.11935365  0.11935365  0.08178183  0.08178183  0.07589042  0.02062562  0.00000000  0.00000000  0.00506986  0.20185466  0.20185466  0.19463486  0.23548664  0.21229763  0.21120056  0.21120056  0.21875166  0.23420829  
15_0_0     0.12382619  0.12382619  0.12510910  0.12510910  0.08731437  0.08731437  0.08138805  0.02580241  0.00506986  0.00506986  0.00000000  0.20825952  0.20825952  0.20098720  0.24212135  0.21875166  0.21765514  0.21765514  0.22526369  0.24084072  
9_0_0      0.22215785  0.22215785  0.22416792  0.22416792  0.23846614  0.23846614  0.22313257  0.18050353  0.20185466  0.20185466  0.20825952  0.00000000  0.00000000  0.00507643  0.20705497  0.23024741  0.22891166  0.22891166  0.22112188  0.23682592  
13_0_0     0.22215785  0.22215785  0.22416792  0.22416792  0.23846614  0.23846614  0.22313257  0.18050353  0.20185466  0.20185466  0.20825952  0.00000000  0.00000000  0.00507643  0.20705497  0.23024741  0.22891166  0.22891166  0.22112188  0.23682592  
7_0_0      0.21472228  0.21472228  0.21661791  0.21661791  0.23074001  0.23074001  0.21564021  0.17358625  0.19463486  0.19463486  0.20098720  0.00507643  0.00507643  0.00000000  0.21466574  0.23822603  0.23682592  0.23682592  0.22891166  0.24486871  
16_0_0     0.23299097  0.23299097  0.21229763  0.21229763  0.25833719  0.25833719  0.24212135  0.21229763  0.23548664  0.23548664  0.24212135  0.20705497  0.20705497  0.21466574  0.00000000  0.17363781  0.18704088  0.18704088  0.17976452  0.19442575  
11_0_0     0.21016171  0.21016171  0.17591024  0.17591024  0.20376287  0.20376287  0.20376287  0.20480313  0.21229763  0.21229763  0.21875166  0.23024741  0.23024741  0.23822603  0.17363781  0.00000000  0.04194203  0.04194203  0.04744094  0.05862539  
10_0_0     0.20918128  0.20918128  0.20376287  0.20376287  0.20277997  0.20277997  0.19550665  0.21875166  0.21120056  0.21120056  0.21765514  0.22891166  0.22891166  0.23682592  0.18704088  0.04194203  0.00000000  0.00000000  0.00507643  0.01538813  
4_0_0      0.20918128  0.20918128  0.20376287  0.20376287  0.20277997  0.20277997  0.19550665  0.21875166  0.21120056  0.21120056  0.21765514  0.22891166  0.22891166  0.23682592  0.18704088  0.04194203  0.00000000  0.00000000  0.00507643  0.01538813  
12_0_0     0.21661791  0.21661791  0.21120056  0.21120056  0.19550665  0.19550665  0.18833859  0.21120056  0.21875166  0.21875166  0.22526369  0.22112188  0.22112188  0.22891166  0.17976452  0.04744094  0.00507643  0.00507643  0.00000000  0.02062562  
5_0_0      0.21661791  0.21661791  0.21120056  0.21120056  0.21016171  0.21016171  0.21765514  0.24212135  0.23420829  0.23420829  0.24084072  0.23682592  0.23682592  0.24486871  0.19442575  0.05862539  0.01538813  0.01538813  0.02062562  0.00000000  

