155
17_0_0     0.00000000  0.08765947  0.08765947  0.18700372  0.18700372  0.21656151  0.23693782  0.24733849  0.27943957  0.29045431  0.25788616  0.24733849  0.24733849  0.25788616  0.25788616  0.37247613  0.41058986  0.41058986  0.39766779  0.26858506  0.26858506  0.25788616  0.34810719  0.26858506  0.36019219  0.33621478  0.34810719  0.31298384  0.30163406  0.31298384  0.32450892  0.32450892  0.31298384  0.33621478  0.32450892  0.33621478  0.32450892  0.33621478  0.33621478  0.33621478  0.32450892  0.33621478  0.33621478  0.31298384  0.41058986  0.38496566  0.43712531  0.41058986  0.41058986  0.41058986  0.41058986  0.39766779  0.41058986  0.41058986  0.39766779  0.39766779  0.39766779  0.41058986  0.31298384  0.29045431  0.29045431  0.29045431  0.29045431  0.29045431  0.29045431  0.27943957  0.26858506  0.25788616  0.24733849  0.24733849  0.23693782  0.23693782  0.24733849  0.24733849  0.23693782  0.30163406  0.27943957  0.29045431  0.29045431  0.36019219  0.36019219  0.42373965  0.43712531  0.45075546  0.45075546  0.45075546  0.45075546  0.42373965  0.39766779  0.39766779  0.38496566  0.38496566  0.41058986  0.41058986  0.41058986  0.42373965  0.31298384  0.34810719  0.34810719  0.34810719  0.33621478  0.32450892  0.32450892  0.33621478  0.32450892  0.31298384  0.34810719  0.34810719  0.33621478  0.38496566  0.37247613  0.37247613  0.36019219  0.37247613  0.37247613  0.36019219  0.37247613  0.34810719  0.34810719  0.25788616  0.31298384  0.30163406  0.30163406  0.30163406  0.27943957  0.29045431  0.27943957  0.27943957  0.31298384  0.31298384  0.31298384  0.31298384  0.29045431  0.27943957  0.34810719  0.29045431  0.29045431  0.27943957  0.25788616  0.26858506  0.30163406  0.30163406  0.31298384  0.31298384  0.29045431  0.33621478  0.25788616  0.25788616  0.25788616  0.27943957  0.27943957  0.26858506  0.31298384  0.31298384  0.33621478  
72_0_0     0.08765947  0.00000000  0.00000000  0.17740569  0.17740569  0.25788616  0.23693782  0.24733849  0.30163406  0.29045431  0.27943957  0.26858506  0.29045431  0.27943957  0.27943957  0.43712531  0.43712531  0.38496566  0.42373965  0.36019219  0.27943957  0.33621478  0.37247613  0.31298384  0.43712531  0.38496566  0.38496566  0.33621478  0.38496566  0.34810719  0.36019219  0.33621478  0.32450892  0.34810719  0.33621478  0.34810719  0.38496566  0.37247613  0.37247613  0.34810719  0.37247613  0.36019219  0.37247613  0.34810719  0.42373965  0.42373965  0.49320648  0.47878615  0.47878615  0.47878615  0.47878615  0.46463920  0.45075546  0.45075546  0.43712531  0.46463920  0.46463920  0.45075546  0.39766779  0.34810719  0.34810719  0.34810719  0.34810719  0.34810719  0.34810719  0.33621478  0.34810719  0.34810719  0.33621478  0.33621478  0.32450892  0.32450892  0.33621478  0.33621478  0.32450892  0.30163406  0.31298384  0.37247613  0.37247613  0.38496566  0.38496566  0.41058986  0.42373965  0.43712531  0.43712531  0.43712531  0.41058986  0.38496566  0.38496566  0.38496566  0.37247613  0.37247613  0.39766779  0.39766779  0.39766779  0.41058986  0.38496566  0.36019219  0.36019219  0.38496566  0.37247613  0.36019219  0.36019219  0.37247613  0.38496566  0.37247613  0.34810719  0.34810719  0.36019219  0.36019219  0.38496566  0.38496566  0.37247613  0.38496566  0.38496566  0.37247613  0.38496566  0.38496566  0.38496566  0.32450892  0.37247613  0.37247613  0.37247613  0.37247613  0.34810719  0.31298384  0.34810719  0.34810719  0.38496566  0.38496566  0.38496566  0.34810719  0.33621478  0.34810719  0.33621478  0.29045431  0.29045431  0.32450892  0.32450892  0.33621478  0.34810719  0.34810719  0.38496566  0.38496566  0.31298384  0.34810719  0.30163406  0.30163406  0.30163406  0.33621478  0.31298384  0.36019219  0.33621478  0.33621478  0.36019219  
98_0_0     0.08765947  0.00000000  0.00000000  0.17740569  0.17740569  0.25788616  0.23693782  0.24733849  0.30163406  0.29045431  0.27943957  0.26858506  0.29045431  0.27943957  0.27943957  0.43712531  0.43712531  0.38496566  0.42373965  0.36019219  0.27943957  0.33621478  0.37247613  0.31298384  0.43712531  0.38496566  0.38496566  0.33621478  0.38496566  0.34810719  0.36019219  0.33621478  0.32450892  0.34810719  0.33621478  0.34810719  0.38496566  0.37247613  0.37247613  0.34810719  0.37247613  0.36019219  0.37247613  0.34810719  0.42373965  0.42373965  0.49320648  0.47878615  0.47878615  0.47878615  0.47878615  0.46463920  0.45075546  0.45075546  0.43712531  0.46463920  0.46463920  0.45075546  0.39766779  0.34810719  0.34810719  0.34810719  0.34810719  0.34810719  0.34810719  0.33621478  0.34810719  0.34810719  0.33621478  0.33621478  0.32450892  0.32450892  0.33621478  0.33621478  0.32450892  0.30163406  0.31298384  0.37247613  0.37247613  0.38496566  0.38496566  0.41058986  0.42373965  0.43712531  0.43712531  0.43712531  0.41058986  0.38496566  0.38496566  0.38496566  0.37247613  0.37247613  0.39766779  0.39766779  0.39766779  0.41058986  0.38496566  0.36019219  0.36019219  0.38496566  0.37247613  0.36019219  0.36019219  0.37247613  0.38496566  0.37247613  0.34810719  0.34810719  0.36019219  0.36019219  0.38496566  0.38496566  0.37247613  0.38496566  0.38496566  0.37247613  0.38496566  0.38496566  0.38496566  0.32450892  0.37247613  0.37247613  0.37247613  0.37247613  0.34810719  0.31298384  0.34810719  0.34810719  0.38496566  0.38496566  0.38496566  0.34810719  0.33621478  0.34810719  0.33621478  0.29045431  0.29045431  0.32450892  0.32450892  0.33621478  0.34810719  0.34810719  0.38496566  0.38496566  0.31298384  0.34810719  0.30163406  0.30163406  0.30163406  0.33621478  0.31298384  0.36019219  0.33621478  0.33621478  0.36019219  
20_0_0     0.18700372  0.17740569  0.17740569  0.00000000  0.03857397  0.16792953  0.15857220  0.18700372  0.19672682  0.18700372  0.17740569  0.18700372  0.16792953  0.18700372  0.17740569  0.42373965  0.37247613  0.36019219  0.38496566  0.30163406  0.27943957  0.27943957  0.30163406  0.27943957  0.36019219  0.34810719  0.31298384  0.30163406  0.32450892  0.32450892  0.32450892  0.36019219  0.30163406  0.31298384  0.31298384  0.30163406  0.38496566  0.31298384  0.31298384  0.32450892  0.38496566  0.31298384  0.31298384  0.32450892  0.32450892  0.31298384  0.37247613  0.37247613  0.37247613  0.37247613  0.37247613  0.37247613  0.34810719  0.34810719  0.36019219  0.38496566  0.38496566  0.34810719  0.30163406  0.26858506  0.26858506  0.26858506  0.26858506  0.26858506  0.26858506  0.27943957  0.27943957  0.30163406  0.32450892  0.32450892  0.31298384  0.31298384  0.31298384  0.31298384  0.31298384  0.23693782  0.25788616  0.34810719  0.34810719  0.32450892  0.32450892  0.36019219  0.33621478  0.36019219  0.36019219  0.36019219  0.36019219  0.33621478  0.30163406  0.31298384  0.32450892  0.32450892  0.32450892  0.33621478  0.32450892  0.37247613  0.31298384  0.30163406  0.30163406  0.32450892  0.30163406  0.32450892  0.32450892  0.31298384  0.33621478  0.32450892  0.33621478  0.33621478  0.32450892  0.34810719  0.33621478  0.33621478  0.33621478  0.33621478  0.33621478  0.34810719  0.33621478  0.34810719  0.34810719  0.25788616  0.24733849  0.24733849  0.24733849  0.24733849  0.25788616  0.30163406  0.26858506  0.26858506  0.26858506  0.29045431  0.29045431  0.23693782  0.23693782  0.26858506  0.31298384  0.26858506  0.26858506  0.25788616  0.29045431  0.27943957  0.27943957  0.27943957  0.29045431  0.29045431  0.30163406  0.32450892  0.30163406  0.30163406  0.30163406  0.32450892  0.30163406  0.33621478  0.27943957  0.27943957  0.30163406  
36_0_0     0.18700372  0.17740569  0.17740569  0.03857397  0.00000000  0.14020234  0.14933075  0.19672682  0.22668012  0.23693782  0.19672682  0.20657827  0.18700372  0.18700372  0.19672682  0.43712531  0.37247613  0.36019219  0.34810719  0.31298384  0.29045431  0.26858506  0.31298384  0.33621478  0.37247613  0.36019219  0.33621478  0.31298384  0.33621478  0.30163406  0.30163406  0.34810719  0.29045431  0.32450892  0.30163406  0.31298384  0.32450892  0.32450892  0.32450892  0.31298384  0.33621478  0.32450892  0.34810719  0.31298384  0.32450892  0.33621478  0.37247613  0.36019219  0.36019219  0.36019219  0.36019219  0.36019219  0.31298384  0.31298384  0.32450892  0.32450892  0.32450892  0.33621478  0.27943957  0.29045431  0.29045431  0.31298384  0.31298384  0.31298384  0.31298384  0.30163406  0.31298384  0.30163406  0.30163406  0.30163406  0.31298384  0.31298384  0.31298384  0.31298384  0.31298384  0.23693782  0.25788616  0.31298384  0.31298384  0.32450892  0.32450892  0.32450892  0.32450892  0.32450892  0.32450892  0.32450892  0.34810719  0.37247613  0.31298384  0.30163406  0.29045431  0.29045431  0.31298384  0.34810719  0.33621478  0.31298384  0.31298384  0.31298384  0.31298384  0.31298384  0.31298384  0.31298384  0.31298384  0.30163406  0.34810719  0.33621478  0.36019219  0.36019219  0.32450892  0.34810719  0.36019219  0.36019219  0.36019219  0.36019219  0.36019219  0.37247613  0.36019219  0.39766779  0.39766779  0.27943957  0.29045431  0.26858506  0.26858506  0.26858506  0.27943957  0.27943957  0.29045431  0.29045431  0.29045431  0.31298384  0.31298384  0.27943957  0.27943957  0.31298384  0.31298384  0.26858506  0.26858506  0.27943957  0.27943957  0.26858506  0.29045431  0.24733849  0.30163406  0.30163406  0.31298384  0.36019219  0.31298384  0.31298384  0.29045431  0.29045431  0.26858506  0.32450892  0.26858506  0.26858506  0.29045431  
31_10_0    0.21656151  0.25788616  0.25788616  0.16792953  0.14020234  0.00000000  0.05457973  0.07925105  0.11346856  0.12227384  0.13118425  0.14020234  0.12227384  0.14020234  0.13118425  0.39766779  0.36019219  0.39766779  0.37247613  0.30163406  0.32450892  0.27943957  0.29045431  0.34810719  0.36019219  0.38496566  0.39766779  0.32450892  0.37247613  0.32450892  0.33621478  0.37247613  0.32450892  0.33621478  0.31298384  0.32450892  0.36019219  0.38496566  0.38496566  0.34810719  0.34810719  0.33621478  0.33621478  0.32450892  0.38496566  0.37247613  0.36019219  0.36019219  0.36019219  0.36019219  0.36019219  0.36019219  0.31298384  0.31298384  0.32450892  0.32450892  0.32450892  0.36019219  0.30163406  0.32450892  0.30163406  0.32450892  0.32450892  0.32450892  0.32450892  0.31298384  0.32450892  0.30163406  0.29045431  0.29045431  0.30163406  0.30163406  0.30163406  0.30163406  0.30163406  0.34810719  0.32450892  0.34810719  0.34810719  0.33621478  0.33621478  0.38496566  0.41058986  0.41058986  0.41058986  0.41058986  0.41058986  0.43712531  0.37247613  0.36019219  0.34810719  0.34810719  0.37247613  0.41058986  0.39766779  0.37247613  0.31298384  0.34810719  0.34810719  0.32450892  0.34810719  0.32450892  0.32450892  0.33621478  0.37247613  0.36019219  0.31298384  0.31298384  0.27943957  0.33621478  0.37247613  0.37247613  0.37247613  0.37247613  0.37247613  0.37247613  0.37247613  0.42373965  0.42373965  0.27943957  0.31298384  0.29045431  0.29045431  0.29045431  0.30163406  0.30163406  0.29045431  0.29045431  0.30163406  0.29045431  0.29045431  0.33621478  0.31298384  0.31298384  0.36019219  0.29045431  0.29045431  0.27943957  0.26858506  0.27943957  0.27943957  0.27943957  0.32450892  0.32450892  0.34810719  0.41058986  0.34810719  0.34810719  0.32450892  0.33621478  0.33621478  0.33621478  0.32450892  0.32450892  0.33621478  
31_8_0     0.23693782  0.23693782  0.23693782  0.15857220  0.14933075  0.05457973  0.00000000  0.05457973  0.13118425  0.12227384  0.14020234  0.14933075  0.13118425  0.14933075  0.14020234  0.41058986  0.36019219  0.38496566  0.37247613  0.29045431  0.30163406  0.29045431  0.25788616  0.32450892  0.37247613  0.39766779  0.38496566  0.30163406  0.37247613  0.31298384  0.33621478  0.34810719  0.30163406  0.31298384  0.29045431  0.30163406  0.37247613  0.36019219  0.36019219  0.32450892  0.33621478  0.31298384  0.33621478  0.30163406  0.36019219  0.34810719  0.37247613  0.38496566  0.38496566  0.38496566  0.38496566  0.37247613  0.33621478  0.33621478  0.34810719  0.34810719  0.34810719  0.36019219  0.34810719  0.36019219  0.36019219  0.36019219  0.36019219  0.36019219  0.36019219  0.37247613  0.38496566  0.34810719  0.34810719  0.34810719  0.36019219  0.36019219  0.36019219  0.36019219  0.36019219  0.32450892  0.32450892  0.39766779  0.39766779  0.36019219  0.36019219  0.41058986  0.43712531  0.43712531  0.43712531  0.43712531  0.41058986  0.43712531  0.37247613  0.36019219  0.34810719  0.34810719  0.37247613  0.41058986  0.39766779  0.39766779  0.31298384  0.30163406  0.30163406  0.32450892  0.32450892  0.30163406  0.30163406  0.31298384  0.38496566  0.37247613  0.33621478  0.33621478  0.30163406  0.38496566  0.39766779  0.39766779  0.39766779  0.39766779  0.39766779  0.41058986  0.39766779  0.42373965  0.42373965  0.30163406  0.31298384  0.31298384  0.31298384  0.31298384  0.31298384  0.32450892  0.31298384  0.31298384  0.29045431  0.29045431  0.29045431  0.30163406  0.27943957  0.31298384  0.33621478  0.27943957  0.27943957  0.26858506  0.29045431  0.30163406  0.27943957  0.27943957  0.33621478  0.33621478  0.33621478  0.39766779  0.34810719  0.34810719  0.32450892  0.36019219  0.33621478  0.36019219  0.34810719  0.34810719  0.37247613  
31_9_0     0.24733849  0.24733849  0.24733849  0.18700372  0.19672682  0.07925105  0.05457973  0.00000000  0.15857220  0.14933075  0.15857220  0.14933075  0.14933075  0.15857220  0.15857220  0.38496566  0.39766779  0.38496566  0.39766779  0.33621478  0.32450892  0.31298384  0.31298384  0.32450892  0.38496566  0.39766779  0.36019219  0.32450892  0.36019219  0.31298384  0.33621478  0.34810719  0.32450892  0.30163406  0.31298384  0.32450892  0.39766779  0.36019219  0.36019219  0.34810719  0.36019219  0.33621478  0.31298384  0.32450892  0.37247613  0.36019219  0.42373965  0.43712531  0.43712531  0.43712531  0.43712531  0.42373965  0.37247613  0.37247613  0.36019219  0.39766779  0.39766779  0.41058986  0.38496566  0.37247613  0.37247613  0.37247613  0.37247613  0.37247613  0.37247613  0.36019219  0.37247613  0.34810719  0.34810719  0.34810719  0.36019219  0.36019219  0.36019219  0.36019219  0.36019219  0.37247613  0.37247613  0.39766779  0.39766779  0.34810719  0.34810719  0.42373965  0.42373965  0.45075546  0.42373965  0.42373965  0.42373965  0.42373965  0.38496566  0.37247613  0.36019219  0.36019219  0.38496566  0.38496566  0.38496566  0.41058986  0.37247613  0.36019219  0.36019219  0.36019219  0.36019219  0.36019219  0.36019219  0.37247613  0.38496566  0.37247613  0.32450892  0.32450892  0.29045431  0.39766779  0.38496566  0.38496566  0.38496566  0.38496566  0.38496566  0.39766779  0.38496566  0.42373965  0.42373965  0.29045431  0.31298384  0.31298384  0.31298384  0.31298384  0.30163406  0.32450892  0.31298384  0.31298384  0.29045431  0.29045431  0.29045431  0.30163406  0.27943957  0.31298384  0.36019219  0.31298384  0.31298384  0.29045431  0.30163406  0.31298384  0.31298384  0.32450892  0.33621478  0.33621478  0.36019219  0.38496566  0.36019219  0.36019219  0.33621478  0.37247613  0.34810719  0.37247613  0.34810719  0.34810719  0.37247613  
69_0_0     0.27943957  0.30163406  0.30163406  0.19672682  0.22668012  0.11346856  0.13118425  0.15857220  0.00000000  0.00755693  0.15857220  0.16792953  0.16792953  0.18700372  0.15857220  0.46463920  0.38496566  0.42373965  0.43712531  0.33621478  0.32450892  0.33621478  0.34810719  0.32450892  0.36019219  0.41058986  0.42373965  0.37247613  0.36019219  0.33621478  0.36019219  0.42373965  0.41058986  0.39766779  0.39766779  0.38496566  0.45075546  0.39766779  0.39766779  0.41058986  0.41058986  0.38496566  0.37247613  0.41058986  0.38496566  0.37247613  0.41058986  0.42373965  0.42373965  0.42373965  0.42373965  0.41058986  0.42373965  0.42373965  0.43712531  0.43712531  0.43712531  0.41058986  0.36019219  0.32450892  0.33621478  0.33621478  0.33621478  0.33621478  0.33621478  0.32450892  0.32450892  0.37247613  0.36019219  0.36019219  0.34810719  0.34810719  0.34810719  0.34810719  0.34810719  0.32450892  0.33621478  0.42373965  0.42373965  0.36019219  0.36019219  0.38496566  0.36019219  0.38496566  0.38496566  0.38496566  0.41058986  0.38496566  0.42373965  0.43712531  0.45075546  0.45075546  0.45075546  0.41058986  0.39766779  0.42373965  0.36019219  0.38496566  0.38496566  0.36019219  0.36019219  0.38496566  0.38496566  0.37247613  0.39766779  0.38496566  0.33621478  0.33621478  0.34810719  0.41058986  0.41058986  0.41058986  0.41058986  0.41058986  0.41058986  0.41058986  0.41058986  0.41058986  0.41058986  0.36019219  0.34810719  0.32450892  0.32450892  0.32450892  0.32450892  0.36019219  0.34810719  0.34810719  0.38496566  0.37247613  0.37247613  0.36019219  0.36019219  0.37247613  0.41058986  0.30163406  0.30163406  0.31298384  0.31298384  0.32450892  0.32450892  0.34810719  0.33621478  0.33621478  0.37247613  0.38496566  0.39766779  0.39766779  0.36019219  0.42373965  0.43712531  0.39766779  0.32450892  0.32450892  0.31298384  
25_0_0     0.29045431  0.29045431  0.29045431  0.18700372  0.23693782  0.12227384  0.12227384  0.14933075  0.00755693  0.00000000  0.14933075  0.15857220  0.15857220  0.17740569  0.14933075  0.45075546  0.39766779  0.41058986  0.43712531  0.32450892  0.31298384  0.34810719  0.33621478  0.31298384  0.36019219  0.41058986  0.42373965  0.36019219  0.37247613  0.34810719  0.37247613  0.41058986  0.39766779  0.38496566  0.38496566  0.37247613  0.46463920  0.38496566  0.38496566  0.39766779  0.41058986  0.37247613  0.36019219  0.39766779  0.39766779  0.38496566  0.41058986  0.43712531  0.43712531  0.43712531  0.43712531  0.42373965  0.43712531  0.43712531  0.45075546  0.45075546  0.45075546  0.42373965  0.37247613  0.33621478  0.34810719  0.32450892  0.32450892  0.32450892  0.32450892  0.33621478  0.33621478  0.38496566  0.37247613  0.37247613  0.36019219  0.36019219  0.36019219  0.36019219  0.36019219  0.31298384  0.32450892  0.43712531  0.43712531  0.37247613  0.37247613  0.39766779  0.37247613  0.39766779  0.39766779  0.39766779  0.39766779  0.37247613  0.41058986  0.42373965  0.43712531  0.43712531  0.43712531  0.39766779  0.38496566  0.43712531  0.37247613  0.37247613  0.37247613  0.37247613  0.37247613  0.39766779  0.39766779  0.38496566  0.41058986  0.39766779  0.32450892  0.32450892  0.33621478  0.39766779  0.39766779  0.39766779  0.39766779  0.39766779  0.39766779  0.39766779  0.39766779  0.39766779  0.39766779  0.37247613  0.33621478  0.33621478  0.33621478  0.33621478  0.33621478  0.37247613  0.36019219  0.36019219  0.37247613  0.36019219  0.36019219  0.34810719  0.34810719  0.36019219  0.39766779  0.29045431  0.29045431  0.30163406  0.32450892  0.33621478  0.31298384  0.36019219  0.34810719  0.34810719  0.36019219  0.37247613  0.38496566  0.38496566  0.37247613  0.43712531  0.45075546  0.41058986  0.33621478  0.33621478  0.32450892  
40_7_0     0.25788616  0.27943957  0.27943957  0.17740569  0.19672682  0.13118425  0.14020234  0.15857220  0.15857220  0.14933075  0.00000000  0.00755693  0.00755693  0.02290432  0.00000000  0.47878615  0.39766779  0.42373965  0.39766779  0.29045431  0.30163406  0.32450892  0.37247613  0.30163406  0.37247613  0.41058986  0.39766779  0.31298384  0.34810719  0.34810719  0.33621478  0.38496566  0.31298384  0.34810719  0.32450892  0.32450892  0.39766779  0.34810719  0.34810719  0.34810719  0.34810719  0.32450892  0.33621478  0.33621478  0.38496566  0.37247613  0.39766779  0.38496566  0.38496566  0.38496566  0.38496566  0.38496566  0.39766779  0.39766779  0.41058986  0.38496566  0.38496566  0.38496566  0.27943957  0.29045431  0.29045431  0.26858506  0.26858506  0.26858506  0.26858506  0.27943957  0.30163406  0.32450892  0.32450892  0.32450892  0.31298384  0.31298384  0.31298384  0.31298384  0.31298384  0.30163406  0.27943957  0.36019219  0.36019219  0.31298384  0.31298384  0.33621478  0.33621478  0.33621478  0.34810719  0.34810719  0.33621478  0.34810719  0.32450892  0.34810719  0.34810719  0.34810719  0.36019219  0.36019219  0.36019219  0.37247613  0.30163406  0.31298384  0.31298384  0.31298384  0.33621478  0.33621478  0.33621478  0.32450892  0.32450892  0.33621478  0.31298384  0.31298384  0.34810719  0.32450892  0.32450892  0.32450892  0.32450892  0.32450892  0.32450892  0.33621478  0.31298384  0.36019219  0.36019219  0.33621478  0.31298384  0.31298384  0.31298384  0.31298384  0.32450892  0.36019219  0.33621478  0.33621478  0.33621478  0.33621478  0.33621478  0.36019219  0.33621478  0.34810719  0.37247613  0.36019219  0.36019219  0.36019219  0.38496566  0.39766779  0.37247613  0.36019219  0.42373965  0.42373965  0.37247613  0.38496566  0.32450892  0.32450892  0.34810719  0.39766779  0.39766779  0.38496566  0.30163406  0.30163406  0.30163406  
37_7_0     0.24733849  0.26858506  0.26858506  0.18700372  0.20657827  0.14020234  0.14933075  0.14933075  0.16792953  0.15857220  0.00755693  0.00000000  0.01519117  0.02290432  0.00755693  0.46463920  0.41058986  0.43712531  0.41058986  0.29045431  0.30163406  0.32450892  0.36019219  0.30163406  0.38496566  0.39766779  0.41058986  0.31298384  0.34810719  0.34810719  0.33621478  0.38496566  0.31298384  0.34810719  0.32450892  0.32450892  0.39766779  0.34810719  0.34810719  0.34810719  0.34810719  0.32450892  0.33621478  0.33621478  0.38496566  0.37247613  0.39766779  0.38496566  0.38496566  0.38496566  0.38496566  0.38496566  0.41058986  0.41058986  0.39766779  0.38496566  0.38496566  0.38496566  0.29045431  0.30163406  0.30163406  0.27943957  0.27943957  0.27943957  0.27943957  0.26858506  0.29045431  0.31298384  0.31298384  0.31298384  0.30163406  0.30163406  0.30163406  0.30163406  0.30163406  0.31298384  0.29045431  0.34810719  0.34810719  0.31298384  0.31298384  0.33621478  0.33621478  0.33621478  0.34810719  0.34810719  0.33621478  0.34810719  0.32450892  0.34810719  0.34810719  0.34810719  0.36019219  0.36019219  0.36019219  0.37247613  0.30163406  0.31298384  0.31298384  0.31298384  0.33621478  0.33621478  0.33621478  0.32450892  0.31298384  0.32450892  0.32450892  0.32450892  0.36019219  0.32450892  0.32450892  0.32450892  0.32450892  0.32450892  0.32450892  0.33621478  0.31298384  0.34810719  0.34810719  0.33621478  0.31298384  0.31298384  0.31298384  0.31298384  0.32450892  0.36019219  0.33621478  0.33621478  0.33621478  0.33621478  0.33621478  0.36019219  0.33621478  0.34810719  0.37247613  0.36019219  0.36019219  0.36019219  0.37247613  0.38496566  0.38496566  0.37247613  0.42373965  0.42373965  0.37247613  0.38496566  0.32450892  0.32450892  0.34810719  0.39766779  0.39766779  0.38496566  0.30163406  0.30163406  0.30163406  
40_0_0     0.24733849  0.29045431  0.29045431  0.16792953  0.18700372  0.12227384  0.13118425  0.14933075  0.16792953  0.15857220  0.00755693  0.01519117  0.00000000  0.01519117  0.00755693  0.46463920  0.41058986  0.43712531  0.41058986  0.27943957  0.29045431  0.31298384  0.37247613  0.31298384  0.38496566  0.42373965  0.38496566  0.32450892  0.34810719  0.34810719  0.33621478  0.38496566  0.31298384  0.34810719  0.32450892  0.32450892  0.39766779  0.34810719  0.34810719  0.34810719  0.34810719  0.32450892  0.33621478  0.33621478  0.37247613  0.36019219  0.38496566  0.37247613  0.37247613  0.37247613  0.37247613  0.37247613  0.38496566  0.38496566  0.39766779  0.37247613  0.37247613  0.37247613  0.27943957  0.29045431  0.29045431  0.26858506  0.26858506  0.26858506  0.26858506  0.27943957  0.30163406  0.32450892  0.32450892  0.32450892  0.31298384  0.31298384  0.31298384  0.31298384  0.31298384  0.30163406  0.27943957  0.36019219  0.36019219  0.30163406  0.30163406  0.34810719  0.34810719  0.34810719  0.36019219  0.36019219  0.34810719  0.36019219  0.31298384  0.33621478  0.33621478  0.33621478  0.34810719  0.34810719  0.34810719  0.38496566  0.29045431  0.30163406  0.30163406  0.30163406  0.32450892  0.32450892  0.32450892  0.31298384  0.33621478  0.34810719  0.32450892  0.32450892  0.33621478  0.33621478  0.33621478  0.33621478  0.33621478  0.33621478  0.33621478  0.34810719  0.32450892  0.37247613  0.37247613  0.32450892  0.30163406  0.30163406  0.30163406  0.30163406  0.31298384  0.37247613  0.32450892  0.32450892  0.32450892  0.32450892  0.32450892  0.34810719  0.32450892  0.33621478  0.38496566  0.37247613  0.37247613  0.34810719  0.37247613  0.38496566  0.36019219  0.34810719  0.41058986  0.41058986  0.38496566  0.39766779  0.33621478  0.33621478  0.36019219  0.38496566  0.38496566  0.37247613  0.31298384  0.31298384  0.31298384  
37_0_0     0.25788616  0.27943957  0.27943957  0.18700372  0.18700372  0.14020234  0.14933075  0.15857220  0.18700372  0.17740569  0.02290432  0.02290432  0.01519117  0.00000000  0.02290432  0.46463920  0.43712531  0.43712531  0.41058986  0.27943957  0.26858506  0.31298384  0.38496566  0.31298384  0.41058986  0.43712531  0.41058986  0.32450892  0.34810719  0.32450892  0.31298384  0.36019219  0.31298384  0.34810719  0.32450892  0.32450892  0.37247613  0.32450892  0.32450892  0.32450892  0.32450892  0.32450892  0.33621478  0.33621478  0.34810719  0.36019219  0.36019219  0.34810719  0.34810719  0.34810719  0.34810719  0.34810719  0.38496566  0.38496566  0.38496566  0.34810719  0.34810719  0.34810719  0.30163406  0.31298384  0.31298384  0.29045431  0.29045431  0.29045431  0.29045431  0.29045431  0.31298384  0.33621478  0.33621478  0.33621478  0.32450892  0.32450892  0.32450892  0.32450892  0.32450892  0.30163406  0.27943957  0.36019219  0.36019219  0.29045431  0.29045431  0.32450892  0.32450892  0.32450892  0.33621478  0.33621478  0.33621478  0.34810719  0.30163406  0.32450892  0.32450892  0.32450892  0.33621478  0.32450892  0.33621478  0.36019219  0.30163406  0.30163406  0.30163406  0.30163406  0.32450892  0.32450892  0.32450892  0.31298384  0.33621478  0.34810719  0.33621478  0.33621478  0.34810719  0.32450892  0.31298384  0.32450892  0.31298384  0.31298384  0.31298384  0.32450892  0.30163406  0.38496566  0.38496566  0.33621478  0.31298384  0.31298384  0.31298384  0.31298384  0.32450892  0.36019219  0.33621478  0.33621478  0.33621478  0.33621478  0.33621478  0.36019219  0.33621478  0.34810719  0.37247613  0.34810719  0.34810719  0.32450892  0.36019219  0.37247613  0.36019219  0.34810719  0.42373965  0.42373965  0.39766779  0.39766779  0.33621478  0.33621478  0.36019219  0.36019219  0.36019219  0.37247613  0.29045431  0.29045431  0.29045431  
73_0_0     0.25788616  0.27943957  0.27943957  0.17740569  0.19672682  0.13118425  0.14020234  0.15857220  0.15857220  0.14933075  0.00000000  0.00755693  0.00755693  0.02290432  0.00000000  0.47878615  0.39766779  0.42373965  0.39766779  0.29045431  0.30163406  0.32450892  0.37247613  0.30163406  0.37247613  0.41058986  0.39766779  0.31298384  0.34810719  0.34810719  0.33621478  0.38496566  0.31298384  0.34810719  0.32450892  0.32450892  0.39766779  0.34810719  0.34810719  0.34810719  0.34810719  0.32450892  0.33621478  0.33621478  0.38496566  0.37247613  0.39766779  0.38496566  0.38496566  0.38496566  0.38496566  0.38496566  0.39766779  0.39766779  0.41058986  0.38496566  0.38496566  0.38496566  0.27943957  0.29045431  0.29045431  0.26858506  0.26858506  0.26858506  0.26858506  0.27943957  0.30163406  0.32450892  0.32450892  0.32450892  0.31298384  0.31298384  0.31298384  0.31298384  0.31298384  0.30163406  0.27943957  0.36019219  0.36019219  0.31298384  0.31298384  0.33621478  0.33621478  0.33621478  0.34810719  0.34810719  0.33621478  0.34810719  0.32450892  0.34810719  0.34810719  0.34810719  0.36019219  0.36019219  0.36019219  0.37247613  0.30163406  0.31298384  0.31298384  0.31298384  0.33621478  0.33621478  0.33621478  0.32450892  0.32450892  0.33621478  0.31298384  0.31298384  0.34810719  0.32450892  0.32450892  0.32450892  0.32450892  0.32450892  0.32450892  0.33621478  0.31298384  0.36019219  0.36019219  0.33621478  0.31298384  0.31298384  0.31298384  0.31298384  0.32450892  0.36019219  0.33621478  0.33621478  0.33621478  0.33621478  0.33621478  0.36019219  0.33621478  0.34810719  0.37247613  0.36019219  0.36019219  0.36019219  0.38496566  0.39766779  0.37247613  0.36019219  0.42373965  0.42373965  0.37247613  0.38496566  0.32450892  0.32450892  0.34810719  0.39766779  0.39766779  0.38496566  0.30163406  0.30163406  0.30163406  
50_6_0     0.37247613  0.43712531  0.43712531  0.42373965  0.43712531  0.39766779  0.41058986  0.38496566  0.46463920  0.45075546  0.47878615  0.46463920  0.46463920  0.46463920  0.47878615  0.00000000  0.13118425  0.24733849  0.21656151  0.26858506  0.24733849  0.26858506  0.36019219  0.29045431  0.36019219  0.36019219  0.37247613  0.29045431  0.36019219  0.37247613  0.36019219  0.39766779  0.33621478  0.30163406  0.32450892  0.32450892  0.34810719  0.37247613  0.37247613  0.32450892  0.33621478  0.33621478  0.31298384  0.31298384  0.37247613  0.36019219  0.49320648  0.46463920  0.46463920  0.46463920  0.46463920  0.46463920  0.42373965  0.42373965  0.41058986  0.45075546  0.45075546  0.47878615  0.39766779  0.41058986  0.39766779  0.39766779  0.39766779  0.39766779  0.39766779  0.41058986  0.38496566  0.43712531  0.41058986  0.41058986  0.42373965  0.42373965  0.42373965  0.42373965  0.42373965  0.42373965  0.39766779  0.39766779  0.39766779  0.46463920  0.46463920  0.47878615  0.49320648  0.47878615  0.47878615  0.47878615  0.45075546  0.45075546  0.47878615  0.46463920  0.46463920  0.46463920  0.45075546  0.43712531  0.42373965  0.47878615  0.37247613  0.38496566  0.38496566  0.39766779  0.37247613  0.37247613  0.37247613  0.38496566  0.37247613  0.36019219  0.39766779  0.39766779  0.36019219  0.47878615  0.45075546  0.45075546  0.43712531  0.45075546  0.45075546  0.43712531  0.43712531  0.37247613  0.37247613  0.34810719  0.31298384  0.32450892  0.32450892  0.32450892  0.33621478  0.32450892  0.30163406  0.30163406  0.29045431  0.26858506  0.26858506  0.33621478  0.31298384  0.29045431  0.37247613  0.33621478  0.33621478  0.31298384  0.27943957  0.29045431  0.30163406  0.30163406  0.34810719  0.34810719  0.34810719  0.33621478  0.37247613  0.37247613  0.41058986  0.37247613  0.41058986  0.38496566  0.36019219  0.36019219  0.38496566  
66_6_0     0.41058986  0.43712531  0.43712531  0.37247613  0.37247613  0.36019219  0.36019219  0.39766779  0.38496566  0.39766779  0.39766779  0.41058986  0.41058986  0.43712531  0.39766779  0.13118425  0.00000000  0.25788616  0.20657827  0.31298384  0.27943957  0.31298384  0.37247613  0.29045431  0.34810719  0.32450892  0.33621478  0.26858506  0.32450892  0.32450892  0.31298384  0.34810719  0.30163406  0.31298384  0.29045431  0.29045431  0.34810719  0.34810719  0.34810719  0.32450892  0.32450892  0.30163406  0.32450892  0.30163406  0.31298384  0.29045431  0.42373965  0.38496566  0.38496566  0.38496566  0.38496566  0.38496566  0.38496566  0.38496566  0.39766779  0.39766779  0.39766779  0.37247613  0.31298384  0.32450892  0.33621478  0.36019219  0.36019219  0.36019219  0.36019219  0.34810719  0.34810719  0.37247613  0.39766779  0.39766779  0.38496566  0.38496566  0.38496566  0.38496566  0.38496566  0.36019219  0.36019219  0.41058986  0.41058986  0.41058986  0.41058986  0.39766779  0.43712531  0.39766779  0.42373965  0.42373965  0.42373965  0.42373965  0.42373965  0.43712531  0.43712531  0.43712531  0.45075546  0.43712531  0.42373965  0.42373965  0.36019219  0.38496566  0.38496566  0.37247613  0.37247613  0.34810719  0.34810719  0.36019219  0.36019219  0.34810719  0.39766779  0.39766779  0.41058986  0.42373965  0.43712531  0.43712531  0.42373965  0.43712531  0.43712531  0.43712531  0.42373965  0.38496566  0.38496566  0.32450892  0.32450892  0.30163406  0.30163406  0.30163406  0.31298384  0.33621478  0.27943957  0.27943957  0.31298384  0.31298384  0.31298384  0.29045431  0.29045431  0.31298384  0.31298384  0.34810719  0.34810719  0.33621478  0.34810719  0.36019219  0.37247613  0.30163406  0.32450892  0.32450892  0.30163406  0.31298384  0.36019219  0.36019219  0.34810719  0.32450892  0.33621478  0.32450892  0.36019219  0.36019219  0.37247613  
66_0_0     0.41058986  0.38496566  0.38496566  0.36019219  0.36019219  0.39766779  0.38496566  0.38496566  0.42373965  0.41058986  0.42373965  0.43712531  0.43712531  0.43712531  0.42373965  0.24733849  0.25788616  0.00000000  0.09616370  0.32450892  0.29045431  0.25788616  0.38496566  0.25788616  0.37247613  0.42373965  0.39766779  0.26858506  0.31298384  0.27943957  0.26858506  0.32450892  0.30163406  0.29045431  0.29045431  0.29045431  0.26858506  0.27943957  0.27943957  0.27943957  0.31298384  0.30163406  0.27943957  0.27943957  0.42373965  0.43712531  0.45075546  0.45075546  0.45075546  0.46463920  0.45075546  0.45075546  0.39766779  0.39766779  0.41058986  0.43712531  0.43712531  0.43712531  0.45075546  0.45075546  0.46463920  0.46463920  0.46463920  0.46463920  0.46463920  0.50791096  0.49320648  0.45075546  0.43712531  0.43712531  0.45075546  0.45075546  0.45075546  0.45075546  0.45075546  0.34810719  0.37247613  0.45075546  0.45075546  0.41058986  0.41058986  0.39766779  0.41058986  0.39766779  0.37247613  0.37247613  0.39766779  0.37247613  0.42373965  0.39766779  0.39766779  0.39766779  0.41058986  0.37247613  0.37247613  0.37247613  0.37247613  0.34810719  0.34810719  0.36019219  0.33621478  0.34810719  0.34810719  0.34810719  0.41058986  0.41058986  0.39766779  0.39766779  0.38496566  0.43712531  0.45075546  0.45075546  0.46463920  0.45075546  0.45075546  0.46463920  0.47878615  0.46463920  0.46463920  0.33621478  0.36019219  0.37247613  0.37247613  0.37247613  0.36019219  0.29045431  0.36019219  0.36019219  0.30163406  0.29045431  0.29045431  0.30163406  0.30163406  0.31298384  0.27943957  0.34810719  0.34810719  0.32450892  0.31298384  0.30163406  0.26858506  0.27943957  0.32450892  0.32450892  0.32450892  0.26858506  0.31298384  0.31298384  0.32450892  0.37247613  0.36019219  0.41058986  0.33621478  0.33621478  0.33621478  
50_0_0     0.39766779  0.42373965  0.42373965  0.38496566  0.34810719  0.37247613  0.37247613  0.39766779  0.43712531  0.43712531  0.39766779  0.41058986  0.41058986  0.41058986  0.39766779  0.21656151  0.20657827  0.09616370  0.00000000  0.29045431  0.27943957  0.23693782  0.34810719  0.29045431  0.33621478  0.38496566  0.39766779  0.25788616  0.32450892  0.29045431  0.30163406  0.32450892  0.30163406  0.31298384  0.29045431  0.29045431  0.26858506  0.32450892  0.32450892  0.27943957  0.26858506  0.30163406  0.30163406  0.27943957  0.38496566  0.39766779  0.41058986  0.41058986  0.41058986  0.42373965  0.41058986  0.41058986  0.38496566  0.38496566  0.39766779  0.39766779  0.39766779  0.42373965  0.37247613  0.43712531  0.42373965  0.43712531  0.43712531  0.43712531  0.43712531  0.46463920  0.45075546  0.39766779  0.39766779  0.39766779  0.41058986  0.41058986  0.43712531  0.43712531  0.41058986  0.34810719  0.34810719  0.37247613  0.37247613  0.47878615  0.47878615  0.38496566  0.42373965  0.38496566  0.41058986  0.41058986  0.39766779  0.42373965  0.42373965  0.42373965  0.42373965  0.42373965  0.43712531  0.38496566  0.41058986  0.41058986  0.34810719  0.36019219  0.36019219  0.36019219  0.36019219  0.34810719  0.34810719  0.34810719  0.37247613  0.37247613  0.38496566  0.38496566  0.37247613  0.42373965  0.46463920  0.46463920  0.45075546  0.46463920  0.46463920  0.46463920  0.43712531  0.45075546  0.45075546  0.32450892  0.33621478  0.33621478  0.33621478  0.33621478  0.32450892  0.29045431  0.31298384  0.31298384  0.29045431  0.27943957  0.27943957  0.32450892  0.32450892  0.32450892  0.29045431  0.31298384  0.31298384  0.32450892  0.26858506  0.25788616  0.25788616  0.27943957  0.31298384  0.31298384  0.31298384  0.27943957  0.25788616  0.25788616  0.27943957  0.31298384  0.32450892  0.33621478  0.30163406  0.30163406  0.31298384  
34_1_0     0.26858506  0.36019219  0.36019219  0.30163406  0.31298384  0.30163406  0.29045431  0.33621478  0.33621478  0.32450892  0.29045431  0.29045431  0.27943957  0.27943957  0.29045431  0.26858506  0.31298384  0.32450892  0.29045431  0.00000000  0.10476598  0.07093632  0.14933075  0.06271321  0.19672682  0.22668012  0.20657827  0.05457973  0.12227384  0.14933075  0.13118425  0.15857220  0.09616370  0.10476598  0.08765947  0.07925105  0.13118425  0.13118425  0.13118425  0.08765947  0.12227384  0.07925105  0.08765947  0.07925105  0.34810719  0.33621478  0.34810719  0.34810719  0.34810719  0.34810719  0.34810719  0.36019219  0.38496566  0.38496566  0.38496566  0.34810719  0.34810719  0.36019219  0.29045431  0.30163406  0.31298384  0.29045431  0.29045431  0.29045431  0.29045431  0.31298384  0.27943957  0.32450892  0.27943957  0.27943957  0.29045431  0.29045431  0.26858506  0.26858506  0.29045431  0.27943957  0.25788616  0.29045431  0.29045431  0.34810719  0.34810719  0.33621478  0.37247613  0.33621478  0.34810719  0.34810719  0.34810719  0.38496566  0.36019219  0.36019219  0.37247613  0.37247613  0.37247613  0.32450892  0.33621478  0.37247613  0.29045431  0.31298384  0.31298384  0.32450892  0.32450892  0.30163406  0.30163406  0.31298384  0.33621478  0.32450892  0.31298384  0.31298384  0.27943957  0.34810719  0.30163406  0.31298384  0.31298384  0.30163406  0.30163406  0.31298384  0.30163406  0.27943957  0.27943957  0.29045431  0.24733849  0.25788616  0.25788616  0.25788616  0.27943957  0.25788616  0.24733849  0.24733849  0.21656151  0.21656151  0.21656151  0.25788616  0.23693782  0.22668012  0.26858506  0.24733849  0.24733849  0.21656151  0.24733849  0.25788616  0.23693782  0.25788616  0.29045431  0.29045431  0.23693782  0.30163406  0.23693782  0.23693782  0.24733849  0.27943957  0.31298384  0.26858506  0.29045431  0.29045431  0.30163406  
22_1_0     0.26858506  0.27943957  0.27943957  0.27943957  0.29045431  0.32450892  0.30163406  0.32450892  0.32450892  0.31298384  0.30163406  0.30163406  0.29045431  0.26858506  0.30163406  0.24733849  0.27943957  0.29045431  0.27943957  0.10476598  0.00000000  0.07925105  0.23693782  0.14020234  0.26858506  0.23693782  0.20657827  0.14933075  0.20657827  0.18700372  0.18700372  0.20657827  0.14020234  0.14933075  0.14933075  0.15857220  0.17740569  0.17740569  0.17740569  0.16792953  0.18700372  0.16792953  0.16792953  0.15857220  0.32450892  0.32450892  0.36019219  0.36019219  0.36019219  0.36019219  0.36019219  0.34810719  0.34810719  0.34810719  0.34810719  0.36019219  0.36019219  0.37247613  0.38496566  0.34810719  0.33621478  0.33621478  0.33621478  0.33621478  0.33621478  0.33621478  0.33621478  0.38496566  0.36019219  0.36019219  0.34810719  0.34810719  0.32450892  0.32450892  0.34810719  0.29045431  0.29045431  0.37247613  0.37247613  0.37247613  0.37247613  0.37247613  0.38496566  0.37247613  0.33621478  0.33621478  0.38496566  0.37247613  0.37247613  0.39766779  0.38496566  0.38496566  0.41058986  0.33621478  0.34810719  0.38496566  0.34810719  0.36019219  0.36019219  0.37247613  0.34810719  0.34810719  0.34810719  0.36019219  0.34810719  0.33621478  0.30163406  0.30163406  0.29045431  0.37247613  0.33621478  0.34810719  0.34810719  0.33621478  0.33621478  0.34810719  0.33621478  0.29045431  0.29045431  0.31298384  0.27943957  0.27943957  0.27943957  0.27943957  0.27943957  0.27943957  0.26858506  0.26858506  0.27943957  0.27943957  0.27943957  0.27943957  0.27943957  0.26858506  0.31298384  0.27943957  0.27943957  0.24733849  0.26858506  0.27943957  0.25788616  0.29045431  0.33621478  0.33621478  0.30163406  0.29045431  0.27943957  0.27943957  0.29045431  0.29045431  0.32450892  0.31298384  0.26858506  0.26858506  0.27943957  
