180
79_48_0    0.00000000  0.15787230  0.14476106  0.17573173  0.09053933  0.09456905  0.09053933  0.09053933  0.12342326  0.11091608  0.09456905  0.09456905  0.09862133  0.09862133  0.07858302  0.08653191  0.08653191  0.14476106  0.13188305  0.13188305  0.12342326  0.11923014  0.15787230  0.15787230  0.10679459  0.11091608  0.17122540  0.17122540  0.17122540  0.07858302  0.07858302  0.09456905  0.06682098  0.07072046  0.14476106  0.12764080  0.12764080  0.12764080  0.12764080  0.12764080  0.13188305  0.11506118  0.07464107  0.07464107  0.07464107  0.08254655  0.09862133  0.09862133  0.12342326  0.11091608  0.10269643  0.15347545  0.14910514  0.15347545  0.15787230  0.15787230  0.16229602  0.17573173  0.17573173  0.17573173  0.17573173  0.14910514  0.11923014  0.07464107  0.07464107  0.09053933  0.09053933  0.09862133  0.10679459  0.09862133  0.14044288  0.14476106  0.14044288  0.17573173  0.09456905  0.09862133  0.09862133  0.10679459  0.18026629  0.15347545  0.15347545  0.09053933  0.08653191  0.08653191  0.09456905  0.11923014  0.10269643  0.11506118  0.11923014  0.11506118  0.11091608  0.11091608  0.11091608  0.14044288  0.12764080  0.10269643  0.10679459  0.09862133  0.10269643  0.20337520  0.20337520  0.19869403  0.13615032  0.13615032  0.18026629  0.18482944  0.17122540  0.18482944  0.17573173  0.15787230  0.18942153  0.15787230  0.15347545  0.17573173  0.18026629  0.11923014  0.12764080  0.11091608  0.09456905  0.09456905  0.12764080  0.13615032  0.12764080  0.12342326  0.10269643  0.10269643  0.09862133  0.09456905  0.10269643  0.13615032  0.13188305  0.12342326  0.12342326  0.13615032  0.14476106  0.12342326  0.13615032  0.14910514  0.14476106  0.14476106  0.14044288  0.19869403  0.18482944  0.15347545  0.14910514  0.16229602  0.16674694  0.17122540  0.20337520  0.15787230  0.15787230  0.17122540  0.18942153  0.21282935  0.21282935  0.14476106  0.14476106  0.17122540  0.16674694  0.18482944  0.15787230  0.16674694  0.16229602  0.16674694  0.16674694  0.18026629  0.18942153  0.20337520  0.20337520  0.20808684  0.16229602  0.19404293  0.14044288  0.14476106  0.13188305  0.12764080  0.14044288  0.14044288  0.13615032  0.12342326  
83_83_0    0.15787230  0.00000000  0.06682098  0.12764080  0.16674694  0.17122540  0.16674694  0.16674694  0.13188305  0.16229602  0.18026629  0.16229602  0.15787230  0.15787230  0.16229602  0.16229602  0.16229602  0.20337520  0.18942153  0.18942153  0.16229602  0.15787230  0.18026629  0.18482944  0.16674694  0.17122540  0.20337520  0.20808684  0.20808684  0.14476106  0.14476106  0.15347545  0.13615032  0.13188305  0.19404293  0.17122540  0.17122540  0.17122540  0.17122540  0.17122540  0.16674694  0.14910514  0.14910514  0.12342326  0.12342326  0.14044288  0.14044288  0.16674694  0.16674694  0.18942153  0.17122540  0.19404293  0.18942153  0.19404293  0.18942153  0.19404293  0.18942153  0.22240860  0.22240860  0.21282935  0.21282935  0.19869403  0.18026629  0.17122540  0.17122540  0.14476106  0.14910514  0.16674694  0.16229602  0.15787230  0.18482944  0.18942153  0.18482944  0.21760313  0.16229602  0.15787230  0.15787230  0.16229602  0.22240860  0.18026629  0.18026629  0.18942153  0.16674694  0.16674694  0.17122540  0.15347545  0.17122540  0.14910514  0.17573173  0.16229602  0.19404293  0.17573173  0.16674694  0.18026629  0.18026629  0.14476106  0.15347545  0.14910514  0.14910514  0.20337520  0.21760313  0.22724618  0.15347545  0.14476106  0.20808684  0.22724618  0.22240860  0.22240860  0.20808684  0.19869403  0.22240860  0.17573173  0.15787230  0.18482944  0.16674694  0.16229602  0.17573173  0.16229602  0.14910514  0.14910514  0.18942153  0.18482944  0.17573173  0.18026629  0.15347545  0.15787230  0.15347545  0.14476106  0.14476106  0.16674694  0.16229602  0.15347545  0.18026629  0.18482944  0.18482944  0.18942153  0.17573173  0.16229602  0.18026629  0.18026629  0.16229602  0.18026629  0.17573173  0.15787230  0.16229602  0.17122540  0.17122540  0.20808684  0.20337520  0.19404293  0.19404293  0.19404293  0.20808684  0.23701942  0.23701942  0.20337520  0.20337520  0.21282935  0.21282935  0.19404293  0.21760313  0.20337520  0.20337520  0.20808684  0.20337520  0.19869403  0.19869403  0.18942153  0.22240860  0.22240860  0.19869403  0.22724618  0.17122540  0.16674694  0.17122540  0.17122540  0.16674694  0.15787230  0.17573173  0.17122540  
83_48_0    0.14476106  0.06682098  0.00000000  0.11506118  0.15347545  0.14910514  0.15347545  0.15347545  0.12764080  0.14044288  0.17122540  0.16229602  0.14910514  0.14910514  0.15347545  0.14044288  0.14044288  0.18482944  0.17122540  0.17122540  0.15787230  0.15347545  0.16674694  0.17573173  0.14910514  0.15347545  0.19404293  0.20337520  0.20337520  0.13188305  0.12764080  0.14910514  0.13615032  0.13188305  0.16229602  0.16229602  0.16229602  0.16229602  0.18026629  0.18026629  0.17573173  0.15347545  0.14044288  0.10679459  0.10679459  0.14910514  0.15787230  0.14910514  0.16229602  0.17122540  0.15347545  0.18026629  0.17573173  0.18026629  0.17573173  0.16674694  0.17122540  0.24195597  0.24195597  0.22240860  0.22240860  0.20337520  0.16229602  0.15347545  0.15347545  0.12342326  0.13188305  0.14910514  0.14476106  0.14044288  0.14910514  0.15347545  0.14910514  0.20808684  0.14476106  0.14044288  0.14910514  0.14910514  0.19869403  0.17573173  0.16674694  0.17573173  0.13615032  0.13615032  0.15347545  0.14910514  0.15787230  0.12764080  0.16674694  0.14910514  0.16229602  0.16229602  0.15787230  0.18482944  0.20808684  0.14910514  0.14910514  0.14044288  0.14476106  0.20337520  0.20337520  0.20808684  0.16229602  0.15347545  0.20337520  0.22724618  0.21282935  0.21760313  0.22240860  0.19869403  0.21760313  0.17573173  0.17122540  0.18482944  0.19404293  0.14910514  0.15347545  0.15347545  0.13615032  0.13615032  0.17573173  0.18026629  0.17122540  0.17573173  0.14910514  0.14910514  0.14476106  0.13188305  0.14044288  0.16229602  0.15787230  0.14044288  0.18482944  0.18026629  0.18026629  0.17573173  0.17573173  0.15347545  0.16674694  0.16674694  0.15347545  0.16229602  0.17573173  0.15347545  0.15787230  0.17122540  0.16674694  0.20808684  0.20337520  0.18482944  0.18482944  0.19869403  0.19869403  0.21282935  0.20337520  0.18942153  0.18942153  0.21760313  0.21760313  0.21282935  0.21282935  0.22240860  0.20808684  0.21282935  0.20808684  0.18942153  0.19404293  0.17573173  0.21282935  0.21282935  0.19869403  0.22724618  0.16674694  0.16674694  0.16229602  0.17122540  0.15787230  0.16229602  0.16229602  0.16229602  
83_82_0    0.17573173  0.12764080  0.11506118  0.00000000  0.16229602  0.16674694  0.16229602  0.16229602  0.18482944  0.18026629  0.17122540  0.17122540  0.16674694  0.16674694  0.14476106  0.16229602  0.16229602  0.22240860  0.21760313  0.21760313  0.15347545  0.15787230  0.13615032  0.13188305  0.16674694  0.16229602  0.20337520  0.19869403  0.19869403  0.15347545  0.16674694  0.18482944  0.16229602  0.16674694  0.19404293  0.19869403  0.19869403  0.19869403  0.19869403  0.19869403  0.20337520  0.19404293  0.14910514  0.17122540  0.17122540  0.18482944  0.17573173  0.15787230  0.17122540  0.16229602  0.16229602  0.19869403  0.20337520  0.19869403  0.20337520  0.19404293  0.19869403  0.21760313  0.21760313  0.20808684  0.20808684  0.21282935  0.18482944  0.17122540  0.17122540  0.19869403  0.20337520  0.21282935  0.21760313  0.21282935  0.18942153  0.19404293  0.18942153  0.22724618  0.18026629  0.18482944  0.18482944  0.19869403  0.24195597  0.19869403  0.19869403  0.18942153  0.17573173  0.17573173  0.18942153  0.18942153  0.18942153  0.19404293  0.18942153  0.18026629  0.16674694  0.17573173  0.17573173  0.20337520  0.18942153  0.20808684  0.21760313  0.19404293  0.20337520  0.23211631  0.23701942  0.23701942  0.20808684  0.20808684  0.22240860  0.23211631  0.21282935  0.22240860  0.24195597  0.23701942  0.21760313  0.21760313  0.22240860  0.21760313  0.22724618  0.18482944  0.19404293  0.18482944  0.19404293  0.18482944  0.21282935  0.21760313  0.20808684  0.20337520  0.19869403  0.19404293  0.19869403  0.18942153  0.20808684  0.18482944  0.18942153  0.19869403  0.20808684  0.18482944  0.18482944  0.18026629  0.19404293  0.20337520  0.18942153  0.18942153  0.18482944  0.18482944  0.18942153  0.18942153  0.18482944  0.18942153  0.19404293  0.18942153  0.21282935  0.19869403  0.19869403  0.19869403  0.20808684  0.24195597  0.23211631  0.20337520  0.20337520  0.21282935  0.21282935  0.21760313  0.21760313  0.23701942  0.22240860  0.20808684  0.21760313  0.20808684  0.21760313  0.21760313  0.18942153  0.18942153  0.21760313  0.23701942  0.20337520  0.19404293  0.20808684  0.20808684  0.19404293  0.20808684  0.20808684  0.19869403  
100_48_0   0.09053933  0.16674694  0.15347545  0.16229602  0.00000000  0.00355481  0.00000000  0.00000000  0.14910514  0.14476106  0.10269643  0.10269643  0.09862133  0.09862133  0.09456905  0.13615032  0.13615032  0.17122540  0.14910514  0.14910514  0.10679459  0.10269643  0.14044288  0.14044288  0.10679459  0.11091608  0.15787230  0.14910514  0.14910514  0.10679459  0.10679459  0.11506118  0.08653191  0.09053933  0.19404293  0.14476106  0.14476106  0.14476106  0.13615032  0.13615032  0.14044288  0.14910514  0.10679459  0.09862133  0.09862133  0.11506118  0.13188305  0.13188305  0.13188305  0.13615032  0.13615032  0.15787230  0.15347545  0.15787230  0.16229602  0.16229602  0.15787230  0.17122540  0.17122540  0.15347545  0.15347545  0.17122540  0.14044288  0.09862133  0.09862133  0.13188305  0.12342326  0.12342326  0.14044288  0.13188305  0.17573173  0.18026629  0.17573173  0.17122540  0.13615032  0.13188305  0.13188305  0.14044288  0.18482944  0.16229602  0.16229602  0.14910514  0.11923014  0.11923014  0.11923014  0.14476106  0.13615032  0.14910514  0.13615032  0.13188305  0.14476106  0.12764080  0.13615032  0.14044288  0.14476106  0.13615032  0.12342326  0.11506118  0.11923014  0.17573173  0.19404293  0.19869403  0.14476106  0.14476106  0.18942153  0.21282935  0.20808684  0.20337520  0.17573173  0.20337520  0.19869403  0.18482944  0.16229602  0.18482944  0.18942153  0.11506118  0.14044288  0.12342326  0.13615032  0.13615032  0.13615032  0.14910514  0.14910514  0.13188305  0.13188305  0.12764080  0.13188305  0.12764080  0.13615032  0.13615032  0.14044288  0.13188305  0.15787230  0.14476106  0.15787230  0.15787230  0.14476106  0.16674694  0.15787230  0.15787230  0.16674694  0.16229602  0.15787230  0.17122540  0.16674694  0.18942153  0.18482944  0.15347545  0.18482944  0.17573173  0.17573173  0.18026629  0.18026629  0.20337520  0.20337520  0.18942153  0.19869403  0.21760313  0.19404293  0.19404293  0.21282935  0.19404293  0.20808684  0.20337520  0.20808684  0.19869403  0.21760313  0.20337520  0.18942153  0.19404293  0.18942153  0.21282935  0.14910514  0.14476106  0.15787230  0.15787230  0.15787230  0.14044288  0.15347545  0.15787230  
99_48_0    0.09456905  0.17122540  0.14910514  0.16674694  0.00355481  0.00000000  0.00355481  0.00355481  0.14476106  0.14044288  0.10679459  0.10679459  0.10269643  0.10269643  0.09862133  0.13188305  0.13188305  0.17573173  0.15347545  0.15347545  0.11091608  0.10679459  0.14476106  0.14476106  0.10269643  0.10679459  0.15347545  0.15347545  0.15347545  0.11091608  0.10269643  0.11091608  0.09053933  0.09456905  0.18942153  0.14044288  0.14044288  0.14044288  0.13188305  0.13188305  0.13615032  0.14476106  0.11091608  0.09456905  0.09456905  0.11923014  0.13615032  0.13615032  0.13615032  0.14044288  0.14044288  0.15347545  0.14910514  0.15347545  0.15787230  0.15787230  0.15347545  0.16674694  0.16674694  0.14910514  0.14910514  0.16674694  0.13615032  0.09456905  0.09456905  0.12764080  0.11923014  0.11923014  0.13615032  0.12764080  0.17122540  0.17573173  0.17122540  0.16674694  0.13188305  0.12764080  0.12764080  0.13615032  0.18942153  0.15787230  0.15787230  0.15347545  0.11506118  0.11506118  0.11506118  0.14910514  0.14044288  0.15347545  0.13188305  0.12764080  0.14044288  0.12342326  0.14044288  0.14476106  0.14910514  0.14044288  0.11923014  0.11091608  0.11506118  0.18026629  0.19869403  0.20337520  0.14044288  0.14044288  0.18482944  0.20808684  0.20337520  0.19869403  0.18026629  0.19869403  0.19404293  0.18942153  0.16674694  0.18942153  0.19404293  0.11091608  0.13615032  0.12764080  0.14044288  0.14044288  0.14044288  0.15347545  0.15347545  0.13615032  0.12764080  0.12342326  0.12764080  0.12342326  0.13188305  0.14044288  0.14476106  0.13615032  0.16229602  0.14044288  0.15347545  0.15347545  0.14044288  0.16229602  0.15347545  0.15347545  0.17122540  0.15787230  0.16229602  0.17573173  0.17122540  0.19404293  0.18942153  0.14910514  0.18026629  0.17122540  0.17122540  0.18482944  0.18482944  0.19869403  0.19869403  0.19404293  0.20337520  0.21282935  0.18942153  0.18942153  0.20808684  0.18942153  0.20337520  0.19869403  0.20337520  0.19404293  0.21282935  0.19869403  0.19404293  0.19869403  0.18482944  0.21760313  0.14476106  0.14044288  0.15347545  0.15347545  0.15347545  0.13615032  0.14910514  0.15347545  
100_74_0   0.09053933  0.16674694  0.15347545  0.16229602  0.00000000  0.00355481  0.00000000  0.00000000  0.14910514  0.14476106  0.10269643  0.10269643  0.09862133  0.09862133  0.09456905  0.13615032  0.13615032  0.17122540  0.14910514  0.14910514  0.10679459  0.10269643  0.14044288  0.14044288  0.10679459  0.11091608  0.15787230  0.14910514  0.14910514  0.10679459  0.10679459  0.11506118  0.08653191  0.09053933  0.19404293  0.14476106  0.14476106  0.14476106  0.13615032  0.13615032  0.14044288  0.14910514  0.10679459  0.09862133  0.09862133  0.11506118  0.13188305  0.13188305  0.13188305  0.13615032  0.13615032  0.15787230  0.15347545  0.15787230  0.16229602  0.16229602  0.15787230  0.17122540  0.17122540  0.15347545  0.15347545  0.17122540  0.14044288  0.09862133  0.09862133  0.13188305  0.12342326  0.12342326  0.14044288  0.13188305  0.17573173  0.18026629  0.17573173  0.17122540  0.13615032  0.13188305  0.13188305  0.14044288  0.18482944  0.16229602  0.16229602  0.14910514  0.11923014  0.11923014  0.11923014  0.14476106  0.13615032  0.14910514  0.13615032  0.13188305  0.14476106  0.12764080  0.13615032  0.14044288  0.14476106  0.13615032  0.12342326  0.11506118  0.11923014  0.17573173  0.19404293  0.19869403  0.14476106  0.14476106  0.18942153  0.21282935  0.20808684  0.20337520  0.17573173  0.20337520  0.19869403  0.18482944  0.16229602  0.18482944  0.18942153  0.11506118  0.14044288  0.12342326  0.13615032  0.13615032  0.13615032  0.14910514  0.14910514  0.13188305  0.13188305  0.12764080  0.13188305  0.12764080  0.13615032  0.13615032  0.14044288  0.13188305  0.15787230  0.14476106  0.15787230  0.15787230  0.14476106  0.16674694  0.15787230  0.15787230  0.16674694  0.16229602  0.15787230  0.17122540  0.16674694  0.18942153  0.18482944  0.15347545  0.18482944  0.17573173  0.17573173  0.18026629  0.18026629  0.20337520  0.20337520  0.18942153  0.19869403  0.21760313  0.19404293  0.19404293  0.21282935  0.19404293  0.20808684  0.20337520  0.20808684  0.19869403  0.21760313  0.20337520  0.18942153  0.19404293  0.18942153  0.21282935  0.14910514  0.14476106  0.15787230  0.15787230  0.15787230  0.14044288  0.15347545  0.15787230  
99_74_0    0.09053933  0.16674694  0.15347545  0.16229602  0.00000000  0.00355481  0.00000000  0.00000000  0.14910514  0.14476106  0.10269643  0.10269643  0.09862133  0.09862133  0.09456905  0.13615032  0.13615032  0.17122540  0.14910514  0.14910514  0.10679459  0.10269643  0.14044288  0.14044288  0.10679459  0.11091608  0.15787230  0.14910514  0.14910514  0.10679459  0.10679459  0.11506118  0.08653191  0.09053933  0.19404293  0.14476106  0.14476106  0.14476106  0.13615032  0.13615032  0.14044288  0.14910514  0.10679459  0.09862133  0.09862133  0.11506118  0.13188305  0.13188305  0.13188305  0.13615032  0.13615032  0.15787230  0.15347545  0.15787230  0.16229602  0.16229602  0.15787230  0.17122540  0.17122540  0.15347545  0.15347545  0.17122540  0.14044288  0.09862133  0.09862133  0.13188305  0.12342326  0.12342326  0.14044288  0.13188305  0.17573173  0.18026629  0.17573173  0.17122540  0.13615032  0.13188305  0.13188305  0.14044288  0.18482944  0.16229602  0.16229602  0.14910514  0.11923014  0.11923014  0.11923014  0.14476106  0.13615032  0.14910514  0.13615032  0.13188305  0.14476106  0.12764080  0.13615032  0.14044288  0.14476106  0.13615032  0.12342326  0.11506118  0.11923014  0.17573173  0.19404293  0.19869403  0.14476106  0.14476106  0.18942153  0.21282935  0.20808684  0.20337520  0.17573173  0.20337520  0.19869403  0.18482944  0.16229602  0.18482944  0.18942153  0.11506118  0.14044288  0.12342326  0.13615032  0.13615032  0.13615032  0.14910514  0.14910514  0.13188305  0.13188305  0.12764080  0.13188305  0.12764080  0.13615032  0.13615032  0.14044288  0.13188305  0.15787230  0.14476106  0.15787230  0.15787230  0.14476106  0.16674694  0.15787230  0.15787230  0.16674694  0.16229602  0.15787230  0.17122540  0.16674694  0.18942153  0.18482944  0.15347545  0.18482944  0.17573173  0.17573173  0.18026629  0.18026629  0.20337520  0.20337520  0.18942153  0.19869403  0.21760313  0.19404293  0.19404293  0.21282935  0.19404293  0.20808684  0.20337520  0.20808684  0.19869403  0.21760313  0.20337520  0.18942153  0.19404293  0.18942153  0.21282935  0.14910514  0.14476106  0.15787230  0.15787230  0.15787230  0.14044288  0.15347545  0.15787230  
86_48_0    0.12342326  0.13188305  0.12764080  0.18482944  0.14910514  0.14476106  0.14910514  0.14910514  0.00000000  0.03263978  0.12764080  0.11923014  0.10679459  0.10679459  0.11091608  0.11506118  0.11506118  0.16229602  0.14044288  0.14044288  0.15347545  0.14910514  0.15347545  0.16229602  0.14476106  0.14910514  0.18942153  0.20337520  0.20337520  0.09862133  0.09862133  0.11506118  0.09456905  0.09862133  0.13188305  0.13188305  0.13188305  0.13188305  0.11506118  0.11506118  0.11923014  0.12342326  0.09862133  0.08254655  0.08254655  0.12342326  0.11506118  0.09862133  0.10269643  0.11091608  0.10269643  0.14910514  0.15347545  0.14044288  0.15347545  0.16229602  0.15787230  0.18942153  0.18942153  0.18026629  0.18026629  0.17122540  0.13188305  0.11506118  0.11506118  0.12764080  0.12764080  0.14476106  0.13615032  0.13615032  0.13615032  0.14044288  0.13615032  0.17122540  0.11091608  0.10679459  0.09862133  0.10679459  0.18026629  0.11091608  0.12764080  0.14476106  0.11506118  0.11506118  0.12342326  0.12764080  0.14476106  0.13188305  0.14476106  0.11506118  0.12764080  0.12764080  0.11923014  0.14910514  0.14476106  0.09456905  0.09862133  0.09862133  0.09456905  0.18026629  0.18942153  0.19404293  0.11923014  0.11091608  0.20337520  0.19404293  0.19404293  0.19404293  0.18942153  0.18942153  0.19404293  0.11506118  0.11923014  0.12342326  0.14476106  0.09053933  0.09456905  0.09053933  0.10269643  0.09456905  0.13188305  0.14044288  0.13188305  0.13188305  0.09456905  0.09053933  0.08653191  0.09456905  0.08653191  0.12764080  0.12342326  0.11506118  0.13188305  0.12764080  0.11923014  0.13188305  0.11923014  0.12342326  0.14910514  0.14910514  0.13188305  0.15347545  0.16674694  0.15347545  0.15787230  0.15347545  0.15787230  0.17122540  0.15787230  0.16674694  0.16674694  0.18942153  0.18942153  0.22724618  0.22724618  0.17573173  0.17573173  0.17122540  0.17573173  0.17573173  0.16674694  0.18482944  0.15347545  0.16674694  0.16229602  0.17573173  0.16674694  0.17122540  0.19404293  0.18942153  0.15347545  0.20808684  0.14476106  0.14476106  0.14044288  0.13188305  0.14044288  0.12764080  0.14476106  0.12342326  
88_48_0    0.11091608  0.16229602  0.14044288  0.18026629  0.14476106  0.14044288  0.14476106  0.14476106  0.03263978  0.00000000  0.12342326  0.11506118  0.11091608  0.11091608  0.10679459  0.11091608  0.11091608  0.16674694  0.14476106  0.14476106  0.14910514  0.14476106  0.14910514  0.15787230  0.14044288  0.14476106  0.18482944  0.19869403  0.19869403  0.11091608  0.10269643  0.12764080  0.10679459  0.11091608  0.13615032  0.14476106  0.14476106  0.14476106  0.11923014  0.11923014  0.12342326  0.13615032  0.09456905  0.08653191  0.08653191  0.11923014  0.11923014  0.10269643  0.11506118  0.10679459  0.10679459  0.14910514  0.15347545  0.14910514  0.15347545  0.15347545  0.15787230  0.18482944  0.18482944  0.18482944  0.18482944  0.15787230  0.12764080  0.11091608  0.11091608  0.13188305  0.13188305  0.14910514  0.14044288  0.14044288  0.14910514  0.15347545  0.14910514  0.16674694  0.11506118  0.11091608  0.10269643  0.11923014  0.15787230  0.09862133  0.11506118  0.13188305  0.11091608  0.11091608  0.12764080  0.14044288  0.14910514  0.14476106  0.14910514  0.11923014  0.12342326  0.13188305  0.13188305  0.16229602  0.15787230  0.12342326  0.11923014  0.10269643  0.10679459  0.20337520  0.20337520  0.19869403  0.14044288  0.13188305  0.21760313  0.20808684  0.19869403  0.20808684  0.20337520  0.19404293  0.20808684  0.13615032  0.14910514  0.15347545  0.17573173  0.10679459  0.11091608  0.10679459  0.11506118  0.10679459  0.13188305  0.14476106  0.13615032  0.13615032  0.11506118  0.10269643  0.09862133  0.10679459  0.10679459  0.14044288  0.13615032  0.13615032  0.15347545  0.14044288  0.13188305  0.13615032  0.13188305  0.13615032  0.14476106  0.14476106  0.12764080  0.16674694  0.17122540  0.15787230  0.15347545  0.15787230  0.16229602  0.16674694  0.18026629  0.15347545  0.15347545  0.19869403  0.19869403  0.22240860  0.22240860  0.18026629  0.18026629  0.17573173  0.18026629  0.18942153  0.16229602  0.18942153  0.16674694  0.17122540  0.16674694  0.18942153  0.18942153  0.19404293  0.19869403  0.19404293  0.15787230  0.21282935  0.14910514  0.14910514  0.14476106  0.14044288  0.14476106  0.14044288  0.14910514  0.12764080  
88_63_0    0.09456905  0.18026629  0.17122540  0.17122540  0.10269643  0.10679459  0.10269643  0.10269643  0.12764080  0.12342326  0.00000000  0.01432520  0.03263978  0.03263978  0.02893961  0.12764080  0.12764080  0.14476106  0.14044288  0.14044288  0.12342326  0.11923014  0.14044288  0.14044288  0.10679459  0.11091608  0.15787230  0.17573173  0.17573173  0.09456905  0.10269643  0.10269643  0.07464107  0.07858302  0.13615032  0.12342326  0.12342326  0.12342326  0.14044288  0.14044288  0.14476106  0.11506118  0.08653191  0.09456905  0.09456905  0.08653191  0.10269643  0.09862133  0.09862133  0.11091608  0.10269643  0.16229602  0.16674694  0.16229602  0.16674694  0.17573173  0.17122540  0.18482944  0.18482944  0.18482944  0.18482944  0.19404293  0.13615032  0.08653191  0.08653191  0.13188305  0.12342326  0.12342326  0.13188305  0.13188305  0.18482944  0.18942153  0.18482944  0.17122540  0.11091608  0.10679459  0.09862133  0.11506118  0.15347545  0.14044288  0.14476106  0.13615032  0.10679459  0.10679459  0.09053933  0.13188305  0.12342326  0.13615032  0.13188305  0.13615032  0.13188305  0.14910514  0.13188305  0.11923014  0.11506118  0.10679459  0.10269643  0.09456905  0.09862133  0.18482944  0.19869403  0.19869403  0.11506118  0.11506118  0.19869403  0.21760313  0.19869403  0.19404293  0.17573173  0.19404293  0.19869403  0.14476106  0.14910514  0.15347545  0.15787230  0.11091608  0.13615032  0.11923014  0.11506118  0.10679459  0.15787230  0.17122540  0.16229602  0.14476106  0.10679459  0.09862133  0.09456905  0.10679459  0.09862133  0.12342326  0.11923014  0.11923014  0.13615032  0.14910514  0.14910514  0.14476106  0.12342326  0.14476106  0.14910514  0.14910514  0.14476106  0.17573173  0.16229602  0.14910514  0.14476106  0.14044288  0.14476106  0.17573173  0.20337520  0.17122540  0.17122540  0.15787230  0.18482944  0.22240860  0.21282935  0.14910514  0.15787230  0.14044288  0.13615032  0.14476106  0.14476106  0.16229602  0.14044288  0.14476106  0.14044288  0.17122540  0.17122540  0.19404293  0.18026629  0.17573173  0.13188305  0.17573173  0.14476106  0.14910514  0.13615032  0.13615032  0.13615032  0.12764080  0.14044288  0.12764080  
88_64_0    0.09456905  0.16229602  0.16229602  0.17122540  0.10269643  0.10679459  0.10269643  0.10269643  0.11923014  0.11506118  0.01432520  0.00000000  0.03263978  0.03263978  0.02893961  0.11923014  0.11923014  0.14044288  0.13615032  0.13615032  0.12342326  0.11923014  0.13188305  0.13188305  0.09862133  0.10269643  0.15787230  0.16674694  0.16674694  0.09456905  0.09456905  0.09456905  0.07464107  0.07072046  0.12764080  0.12342326  0.12342326  0.12342326  0.13188305  0.13188305  0.13615032  0.10679459  0.08653191  0.08653191  0.08653191  0.07858302  0.09456905  0.09862133  0.10679459  0.11091608  0.10269643  0.14476106  0.14910514  0.15347545  0.14910514  0.15787230  0.15347545  0.17573173  0.17573173  0.17573173  0.17573173  0.17573173  0.12764080  0.08653191  0.08653191  0.12342326  0.11506118  0.12342326  0.12342326  0.12342326  0.18482944  0.18942153  0.18482944  0.16229602  0.10269643  0.09862133  0.09862133  0.10679459  0.15347545  0.12342326  0.12764080  0.12764080  0.09862133  0.09862133  0.08254655  0.12342326  0.13188305  0.13615032  0.13188305  0.13615032  0.13188305  0.14910514  0.14044288  0.12764080  0.12342326  0.11506118  0.11091608  0.10269643  0.10679459  0.19404293  0.20808684  0.20808684  0.11506118  0.11506118  0.19869403  0.21760313  0.19869403  0.19404293  0.17573173  0.19404293  0.19869403  0.15347545  0.15787230  0.16229602  0.16674694  0.11091608  0.13615032  0.11923014  0.11506118  0.10679459  0.15787230  0.17122540  0.16229602  0.14476106  0.11506118  0.10679459  0.10269643  0.10679459  0.09862133  0.13188305  0.12764080  0.11923014  0.14476106  0.15787230  0.15787230  0.15347545  0.12342326  0.14476106  0.14044288  0.14044288  0.14476106  0.17573173  0.16229602  0.14044288  0.13615032  0.13188305  0.14476106  0.16674694  0.18482944  0.16229602  0.16229602  0.16674694  0.19404293  0.21282935  0.20337520  0.14910514  0.15787230  0.14910514  0.13615032  0.14476106  0.14476106  0.16229602  0.14044288  0.14476106  0.14044288  0.16229602  0.17122540  0.18482944  0.17573173  0.17122540  0.13188305  0.17573173  0.13615032  0.14044288  0.12764080  0.12764080  0.12764080  0.11923014  0.13188305  0.11923014  
91_63_0    0.09862133  0.15787230  0.14910514  0.16674694  0.09862133  0.10269643  0.09862133  0.09862133  0.10679459  0.11091608  0.03263978  0.03263978  0.00000000  0.00000000  0.02525826  0.10679459  0.10679459  0.14910514  0.13615032  0.13615032  0.10269643  0.09862133  0.11923014  0.11923014  0.09456905  0.09862133  0.15787230  0.18026629  0.18026629  0.08254655  0.09053933  0.09862133  0.06294239  0.06682098  0.13188305  0.12764080  0.12764080  0.12764080  0.13615032  0.13615032  0.14044288  0.11506118  0.08254655  0.08254655  0.08254655  0.09053933  0.09862133  0.09862133  0.09862133  0.11091608  0.10269643  0.14910514  0.15347545  0.14910514  0.14476106  0.16229602  0.15787230  0.18942153  0.18942153  0.18026629  0.18026629  0.18026629  0.12342326  0.08254655  0.08254655  0.12342326  0.11506118  0.12342326  0.12342326  0.12342326  0.17573173  0.18026629  0.17573173  0.17122540  0.10269643  0.09862133  0.09053933  0.10679459  0.16229602  0.13615032  0.14476106  0.14044288  0.11091608  0.11091608  0.09456905  0.13615032  0.13615032  0.13188305  0.13615032  0.14044288  0.13615032  0.15347545  0.13615032  0.13188305  0.12764080  0.09456905  0.09862133  0.09053933  0.09456905  0.18482944  0.20337520  0.20808684  0.11923014  0.11923014  0.21282935  0.22240860  0.21282935  0.20808684  0.18942153  0.19869403  0.21282935  0.14044288  0.14476106  0.14044288  0.15347545  0.10679459  0.13188305  0.11506118  0.11923014  0.11091608  0.15347545  0.17573173  0.15787230  0.14910514  0.10679459  0.10269643  0.09862133  0.11091608  0.10269643  0.12764080  0.12342326  0.11506118  0.14044288  0.14476106  0.14476106  0.14910514  0.12764080  0.14910514  0.14476106  0.14476106  0.14910514  0.18026629  0.16674694  0.14476106  0.14044288  0.14476106  0.14910514  0.18026629  0.20337520  0.16674694  0.16674694  0.17122540  0.18942153  0.22724618  0.21760313  0.16229602  0.17122540  0.15347545  0.14910514  0.14910514  0.15787230  0.17573173  0.15347545  0.15787230  0.15347545  0.18482944  0.19404293  0.19869403  0.19404293  0.18942153  0.14476106  0.19404293  0.15787230  0.15347545  0.14910514  0.14910514  0.14910514  0.13188305  0.15347545  0.14044288  
89_63_0    0.09862133  0.15787230  0.14910514  0.16674694  0.09862133  0.10269643  0.09862133  0.09862133  0.10679459  0.11091608  0.03263978  0.03263978  0.00000000  0.00000000  0.02525826  0.10679459  0.10679459  0.14910514  0.13615032  0.13615032  0.10269643  0.09862133  0.11923014  0.11923014  0.09456905  0.09862133  0.15787230  0.18026629  0.18026629  0.08254655  0.09053933  0.09862133  0.06294239  0.06682098  0.13188305  0.12764080  0.12764080  0.12764080  0.13615032  0.13615032  0.14044288  0.11506118  0.08254655  0.08254655  0.08254655  0.09053933  0.09862133  0.09862133  0.09862133  0.11091608  0.10269643  0.14910514  0.15347545  0.14910514  0.14476106  0.16229602  0.15787230  0.18942153  0.18942153  0.18026629  0.18026629  0.18026629  0.12342326  0.08254655  0.08254655  0.12342326  0.11506118  0.12342326  0.12342326  0.12342326  0.17573173  0.18026629  0.17573173  0.17122540  0.10269643  0.09862133  0.09053933  0.10679459  0.16229602  0.13615032  0.14476106  0.14044288  0.11091608  0.11091608  0.09456905  0.13615032  0.13615032  0.13188305  0.13615032  0.14044288  0.13615032  0.15347545  0.13615032  0.13188305  0.12764080  0.09456905  0.09862133  0.09053933  0.09456905  0.18482944  0.20337520  0.20808684  0.11923014  0.11923014  0.21282935  0.22240860  0.21282935  0.20808684  0.18942153  0.19869403  0.21282935  0.14044288  0.14476106  0.14044288  0.15347545  0.10679459  0.13188305  0.11506118  0.11923014  0.11091608  0.15347545  0.17573173  0.15787230  0.14910514  0.10679459  0.10269643  0.09862133  0.11091608  0.10269643  0.12764080  0.12342326  0.11506118  0.14044288  0.14476106  0.14476106  0.14910514  0.12764080  0.14910514  0.14476106  0.14476106  0.14910514  0.18026629  0.16674694  0.14476106  0.14044288  0.14476106  0.14910514  0.18026629  0.20337520  0.16674694  0.16674694  0.17122540  0.18942153  0.22724618  0.21760313  0.16229602  0.17122540  0.15347545  0.14910514  0.14910514  0.15787230  0.17573173  0.15347545  0.15787230  0.15347545  0.18482944  0.19404293  0.19869403  0.19404293  0.18942153  0.14476106  0.19404293  0.15787230  0.15347545  0.14910514  0.14910514  0.14910514  0.13188305  0.15347545  0.14044288  
86_66_0    0.07858302  0.16229602  0.15347545  0.14476106  0.09456905  0.09862133  0.09456905  0.09456905  0.11091608  0.10679459  0.02893961  0.02893961  0.02525826  0.02525826  0.00000000  0.10679459  0.10679459  0.13188305  0.12764080  0.12764080  0.11091608  0.10679459  0.12764080  0.11923014  0.10269643  0.10679459  0.15347545  0.15347545  0.15347545  0.08653191  0.09456905  0.10269643  0.06682098  0.07072046  0.11923014  0.10679459  0.10679459  0.10679459  0.12342326  0.12342326  0.12764080  0.11923014  0.07072046  0.08653191  0.08653191  0.08653191  0.09456905  0.07858302  0.09456905  0.09053933  0.08254655  0.15787230  0.16229602  0.15787230  0.16229602  0.17122540  0.16674694  0.17122540  0.17122540  0.17122540  0.17122540  0.17122540  0.12342326  0.07072046  0.07072046  0.12764080  0.11923014  0.12764080  0.12764080  0.12764080  0.18026629  0.18482944  0.18026629  0.15347545  0.09053933  0.09456905  0.08653191  0.10269643  0.15787230  0.14044288  0.14910514  0.12764080  0.09862133  0.09862133  0.09053933  0.13188305  0.13188305  0.13615032  0.12342326  0.13615032  0.12342326  0.13188305  0.11506118  0.12764080  0.11506118  0.09862133  0.10269643  0.09456905  0.09862133  0.19404293  0.21282935  0.20808684  0.11506118  0.11506118  0.20808684  0.21760313  0.20808684  0.20337520  0.19404293  0.20337520  0.19869403  0.12764080  0.13188305  0.13615032  0.14044288  0.09456905  0.11923014  0.10269643  0.10679459  0.09862133  0.14044288  0.16229602  0.15347545  0.12764080  0.09053933  0.09862133  0.09456905  0.09862133  0.09862133  0.12342326  0.11923014  0.11923014  0.13615032  0.13188305  0.13188305  0.12764080  0.12342326  0.15347545  0.14044288  0.14044288  0.13615032  0.17573173  0.16229602  0.13188305  0.12764080  0.13188305  0.13615032  0.18482944  0.20808684  0.16229602  0.16229602  0.15787230  0.17573173  0.22724618  0.21760313  0.14044288  0.14910514  0.14910514  0.13615032  0.14476106  0.14476106  0.16229602  0.14044288  0.14476106  0.14476106  0.16229602  0.17122540  0.19404293  0.18942153  0.18482944  0.14044288  0.18026629  0.14476106  0.14044288  0.13615032  0.12764080  0.13615032  0.12764080  0.13188305  0.12764080  
78_49_0    0.08653191  0.16229602  0.14044288  0.16229602  0.13615032  0.13188305  0.13615032  0.13615032  0.11506118  0.11091608  0.12764080  0.11923014  0.10679459  0.10679459  0.10679459  0.00000000  0.00000000  0.12764080  0.11091608  0.11091608  0.09053933  0.08653191  0.11923014  0.11923014  0.09053933  0.09456905  0.14910514  0.16674694  0.16674694  0.09862133  0.08254655  0.11506118  0.09456905  0.09862133  0.14910514  0.13188305  0.13188305  0.13188305  0.11923014  0.11923014  0.12342326  0.10679459  0.08254655  0.09053933  0.09053933  0.10679459  0.10679459  0.13188305  0.14044288  0.14476106  0.13615032  0.13615032  0.14044288  0.13615032  0.14044288  0.13188305  0.13615032  0.18482944  0.18482944  0.17573173  0.17573173  0.14910514  0.11923014  0.09053933  0.09053933  0.11091608  0.11091608  0.12764080  0.11923014  0.11923014  0.13615032  0.13188305  0.13615032  0.18026629  0.10269643  0.10679459  0.10679459  0.11506118  0.16229602  0.13615032  0.13615032  0.12342326  0.10679459  0.10679459  0.12764080  0.13615032  0.14476106  0.12342326  0.11923014  0.11506118  0.11506118  0.11506118  0.12342326  0.16674694  0.14476106  0.09456905  0.11091608  0.09862133  0.10269643  0.21760313  0.20808684  0.21282935  0.15347545  0.14476106  0.17573173  0.18026629  0.16229602  0.17122540  0.18482944  0.15787230  0.18026629  0.14476106  0.14044288  0.14044288  0.16674694  0.12342326  0.13188305  0.12342326  0.11923014  0.11923014  0.12342326  0.14476106  0.12764080  0.12764080  0.11091608  0.11091608  0.10679459  0.10679459  0.11091608  0.14476106  0.14044288  0.13188305  0.14910514  0.13615032  0.14476106  0.13188305  0.12764080  0.14910514  0.14476106  0.14476106  0.14044288  0.16674694  0.17122540  0.14476106  0.14044288  0.15347545  0.15787230  0.16229602  0.18482944  0.13615032  0.13615032  0.18482944  0.18482944  0.15347545  0.15347545  0.14476106  0.14476106  0.15347545  0.14910514  0.15787230  0.14044288  0.16674694  0.14476106  0.14910514  0.14910514  0.17573173  0.17573173  0.18026629  0.18942153  0.18482944  0.14476106  0.18942153  0.12764080  0.12342326  0.13615032  0.12342326  0.13615032  0.13615032  0.13188305  0.11506118  
65_49_0    0.08653191  0.16229602  0.14044288  0.16229602  0.13615032  0.13188305  0.13615032  0.13615032  0.11506118  0.11091608  0.12764080  0.11923014  0.10679459  0.10679459  0.10679459  0.00000000  0.00000000  0.12764080  0.11091608  0.11091608  0.09053933  0.08653191  0.11923014  0.11923014  0.09053933  0.09456905  0.14910514  0.16674694  0.16674694  0.09862133  0.08254655  0.11506118  0.09456905  0.09862133  0.14910514  0.13188305  0.13188305  0.13188305  0.11923014  0.11923014  0.12342326  0.10679459  0.08254655  0.09053933  0.09053933  0.10679459  0.10679459  0.13188305  0.14044288  0.14476106  0.13615032  0.13615032  0.14044288  0.13615032  0.14044288  0.13188305  0.13615032  0.18482944  0.18482944  0.17573173  0.17573173  0.14910514  0.11923014  0.09053933  0.09053933  0.11091608  0.11091608  0.12764080  0.11923014  0.11923014  0.13615032  0.13188305  0.13615032  0.18026629  0.10269643  0.10679459  0.10679459  0.11506118  0.16229602  0.13615032  0.13615032  0.12342326  0.10679459  0.10679459  0.12764080  0.13615032  0.14476106  0.12342326  0.11923014  0.11506118  0.11506118  0.11506118  0.12342326  0.16674694  0.14476106  0.09456905  0.11091608  0.09862133  0.10269643  0.21760313  0.20808684  0.21282935  0.15347545  0.14476106  0.17573173  0.18026629  0.16229602  0.17122540  0.18482944  0.15787230  0.18026629  0.14476106  0.14044288  0.14044288  0.16674694  0.12342326  0.13188305  0.12342326  0.11923014  0.11923014  0.12342326  0.14476106  0.12764080  0.12764080  0.11091608  0.11091608  0.10679459  0.10679459  0.11091608  0.14476106  0.14044288  0.13188305  0.14910514  0.13615032  0.14476106  0.13188305  0.12764080  0.14910514  0.14476106  0.14476106  0.14044288  0.16674694  0.17122540  0.14476106  0.14044288  0.15347545  0.15787230  0.16229602  0.18482944  0.13615032  0.13615032  0.18482944  0.18482944  0.15347545  0.15347545  0.14476106  0.14476106  0.15347545  0.14910514  0.15787230  0.14044288  0.16674694  0.14476106  0.14910514  0.14910514  0.17573173  0.17573173  0.18026629  0.18942153  0.18482944  0.14476106  0.18942153  0.12764080  0.12342326  0.13615032  0.12342326  0.13615032  0.13615032  0.13188305  0.11506118  
77_49_0    0.14476106  0.20337520  0.18482944  0.22240860  0.17122540  0.17573173  0.17122540  0.17122540  0.16229602  0.16674694  0.14476106  0.14044288  0.14910514  0.14910514  0.13188305  0.12764080  0.12764080  0.00000000  0.02893961  0.02893961  0.14910514  0.14476106  0.18942153  0.18942153  0.14476106  0.14910514  0.19404293  0.16674694  0.16674694  0.15787230  0.15787230  0.16674694  0.14476106  0.14476106  0.19404293  0.15787230  0.15787230  0.15787230  0.18482944  0.18482944  0.18942153  0.15347545  0.12342326  0.12764080  0.12764080  0.12764080  0.13615032  0.14910514  0.17573173  0.17122540  0.14476106  0.20337520  0.20808684  0.19869403  0.20808684  0.18942153  0.19404293  0.21760313  0.21760313  0.21760313  0.21760313  0.19869403  0.17122540  0.14044288  0.14044288  0.14910514  0.14910514  0.16674694  0.15787230  0.15787230  0.18482944  0.18026629  0.18482944  0.18482944  0.13615032  0.14044288  0.13615032  0.14910514  0.17122540  0.18942153  0.18026629  0.16674694  0.14910514  0.14910514  0.16229602  0.17573173  0.17122540  0.16229602  0.17122540  0.18482944  0.19869403  0.18482944  0.16674694  0.19869403  0.19869403  0.14476106  0.15347545  0.14910514  0.15347545  0.21760313  0.20808684  0.20337520  0.17573173  0.16674694  0.23701942  0.24692641  0.23211631  0.23211631  0.22724618  0.21282935  0.23211631  0.18942153  0.18482944  0.19404293  0.20337520  0.15787230  0.17573173  0.15787230  0.14044288  0.14044288  0.18482944  0.18482944  0.18482944  0.17573173  0.14044288  0.14476106  0.14044288  0.13615032  0.14044288  0.18026629  0.18482944  0.18026629  0.20337520  0.21760313  0.21760313  0.20337520  0.19869403  0.18482944  0.19869403  0.19869403  0.16229602  0.21760313  0.20337520  0.14910514  0.15347545  0.15787230  0.16229602  0.22724618  0.23701942  0.19869403  0.19869403  0.22724618  0.22724618  0.22240860  0.23211631  0.20808684  0.20808684  0.20808684  0.20337520  0.19404293  0.20337520  0.19869403  0.19869403  0.19404293  0.20337520  0.21760313  0.21760313  0.22240860  0.23701942  0.23211631  0.20808684  0.24692641  0.20337520  0.19869403  0.21282935  0.19869403  0.19404293  0.20337520  0.18026629  0.18942153  
