12
92_0_0     0.00000000  0.00000000  0.01775630  0.01775630  0.11872954  0.09340212  0.29883286  0.30544467  0.24797334  0.24185604  0.26036259  0.26663630  
72_0_0     0.00000000  0.00000000  0.01775630  0.01775630  0.11872954  0.09340212  0.29883286  0.30544467  0.24797334  0.24185604  0.26036259  0.26663630  
72_1_0     0.01775630  0.01775630  0.00000000  0.00000000  0.11872954  0.09340212  0.28578477  0.29227990  0.23578916  0.22977187  0.24797334  0.25414190  
92_1_0     0.01775630  0.01775630  0.00000000  0.00000000  0.11872954  0.09340212  0.28578477  0.29227990  0.23578916  0.22977187  0.24797334  0.25414190  
77_0_0     0.11872954  0.11872954  0.11872954  0.11872954  0.00000000  0.17215885  0.36059261  0.36778593  0.33942504  0.33250232  0.31884918  0.31211642  
97_0_0     0.09340212  0.09340212  0.09340212  0.09340212  0.17215885  0.00000000  0.21788288  0.22380337  0.18897429  0.17215885  0.16115823  0.16663799  
81_0_0     0.29883286  0.29883286  0.28578477  0.28578477  0.36059261  0.21788288  0.00000000  0.00439908  0.16663799  0.16115823  0.24797334  0.25414190  
98_0_0     0.30544467  0.30544467  0.29227990  0.29227990  0.36778593  0.22380337  0.00439908  0.00000000  0.17215885  0.16663799  0.25414190  0.26036259  
69_0_0     0.24797334  0.24797334  0.23578916  0.23578916  0.33942504  0.18897429  0.16663799  0.17215885  0.00000000  0.01327691  0.20618286  0.21200963  
94_0_0     0.24185604  0.24185604  0.22977187  0.22977187  0.33250232  0.17215885  0.16115823  0.16663799  0.01327691  0.00000000  0.20040186  0.20618286  
65_0_0     0.26036259  0.26036259  0.24797334  0.24797334  0.31884918  0.16115823  0.24797334  0.25414190  0.20618286  0.20040186  0.00000000  0.00439908  
78_0_0     0.26663630  0.26663630  0.25414190  0.25414190  0.31211642  0.16663799  0.25414190  0.26036259  0.21200963  0.20618286  0.00439908  0.00000000  

