119
67_0_0     0.00000000  0.00313158  0.07558541  0.07213448  0.07905241  0.25459139  0.23291438  0.23291438  0.24150959  0.39985998  0.38924204  0.31887663  0.29527530  0.29993609  0.29993609  0.30462624  0.31409613  0.30462624  0.34822281  0.32853073  0.31887663  0.32368803  0.33340513  0.28604035  0.30934613  0.29527530  0.30462624  0.29993609  0.31409613  0.36844995  0.31409613  0.27239924  0.29993609  0.30934613  0.28146549  0.35322831  0.35826769  0.31409613  0.29064351  0.31887663  0.32853073  0.31887663  0.29993609  0.34325074  0.33340513  0.33831166  0.33340513  0.33340513  0.33831166  0.33340513  0.31409613  0.31887663  0.32368803  0.31409613  0.33340513  0.28604035  0.34822281  0.31409613  0.31409613  0.31409613  0.34325074  0.33831166  0.30462624  0.26344207  0.31409613  0.31887663  0.35826769  0.47283348  0.41607634  0.44960885  0.45534744  0.45534744  0.44960885  0.41607634  0.45534744  0.46695905  0.29064351  0.32853073  0.31409613  0.34822281  0.34822281  0.33340513  0.32853073  0.32853073  0.30934613  0.30934613  0.34325074  0.35322831  0.34325074  0.34325074  0.33831166  0.33831166  0.36844995  0.32853073  0.32853073  0.34325074  0.34822281  0.30934613  0.34325074  0.34325074  0.32853073  0.32853073  0.37877341  0.36844995  0.37359379  0.34822281  0.35322831  0.38924204  0.38924204  0.39453208  0.39453208  0.38924204  0.37359379  0.38924204  0.40522628  0.38398932  0.38924204  0.39985998  0.39453208  
69_0_0     0.00313158  0.00000000  0.07213448  0.07558541  0.08253563  0.25020520  0.22865370  0.23719958  0.24584470  0.40522628  0.39453208  0.31409613  0.29064351  0.29527530  0.29527530  0.29993609  0.30934613  0.29993609  0.34822281  0.32853073  0.31887663  0.32368803  0.33340513  0.28146549  0.30462624  0.29064351  0.29993609  0.29527530  0.30934613  0.36334141  0.30934613  0.26790718  0.29527530  0.30462624  0.28604035  0.35826769  0.36334141  0.30934613  0.28604035  0.31409613  0.32368803  0.31409613  0.29527530  0.34822281  0.33831166  0.34325074  0.33831166  0.33831166  0.34325074  0.33831166  0.30934613  0.31409613  0.31887663  0.30934613  0.32853073  0.28146549  0.34325074  0.30934613  0.30934613  0.30934613  0.33831166  0.34325074  0.29993609  0.25900358  0.30934613  0.31409613  0.36334141  0.47875464  0.41063155  0.44391416  0.44960885  0.44960885  0.44391416  0.42156126  0.44960885  0.46113061  0.29527530  0.33340513  0.31887663  0.35322831  0.35322831  0.33831166  0.33340513  0.33340513  0.31409613  0.31409613  0.34822281  0.35826769  0.34822281  0.34822281  0.34325074  0.34325074  0.37359379  0.33340513  0.33340513  0.33831166  0.34325074  0.30462624  0.33831166  0.33831166  0.32368803  0.32368803  0.37359379  0.36334141  0.36844995  0.34325074  0.34822281  0.39453208  0.39453208  0.38924204  0.39985998  0.39453208  0.37877341  0.38398932  0.39985998  0.38924204  0.39453208  0.40522628  0.38924204  
37_17_0    0.07558541  0.07213448  0.00000000  0.00313158  0.08603523  0.21601604  0.22020480  0.21185072  0.22865370  0.37877341  0.36844995  0.30462624  0.28146549  0.28604035  0.27691856  0.29993609  0.29993609  0.28146549  0.32853073  0.32853073  0.32368803  0.32368803  0.32368803  0.27239924  0.29064351  0.27239924  0.28146549  0.27691856  0.29993609  0.33340513  0.27691856  0.23291438  0.27691856  0.28604035  0.29064351  0.33831166  0.34325074  0.29064351  0.26790718  0.29064351  0.29993609  0.26790718  0.26790718  0.30934613  0.29064351  0.29527530  0.29064351  0.29993609  0.30462624  0.29064351  0.26344207  0.27691856  0.27239924  0.29064351  0.29064351  0.24584470  0.30462624  0.27239924  0.29064351  0.28146549  0.30934613  0.33831166  0.29064351  0.25900358  0.29993609  0.29527530  0.32853073  0.47283348  0.40522628  0.42708688  0.43265382  0.43265382  0.42708688  0.43826270  0.44391416  0.45534744  0.25900358  0.29993609  0.29527530  0.30934613  0.30934613  0.31409613  0.29993609  0.30934613  0.28146549  0.28146549  0.30462624  0.31409613  0.31409613  0.31409613  0.30934613  0.30934613  0.31887663  0.29064351  0.29064351  0.30934613  0.31409613  0.29527530  0.31887663  0.31887663  0.29527530  0.29527530  0.34325074  0.34325074  0.33831166  0.31409613  0.32853073  0.39453208  0.39453208  0.38924204  0.38924204  0.38398932  0.37359379  0.37359379  0.38924204  0.35826769  0.36334141  0.37359379  0.36844995  
37_0_0     0.07213448  0.07558541  0.00313158  0.00000000  0.08253563  0.22020480  0.22441727  0.20770857  0.22441727  0.37359379  0.36334141  0.30934613  0.28604035  0.29064351  0.28146549  0.30462624  0.30462624  0.28604035  0.32853073  0.32853073  0.32368803  0.32368803  0.32368803  0.27691856  0.29527530  0.27691856  0.28604035  0.28146549  0.30462624  0.33831166  0.28146549  0.23719958  0.28146549  0.29064351  0.28604035  0.33340513  0.33831166  0.29527530  0.27239924  0.29527530  0.30462624  0.27239924  0.27239924  0.30462624  0.28604035  0.29064351  0.28604035  0.29527530  0.29993609  0.28604035  0.26790718  0.28146549  0.27691856  0.29527530  0.29527530  0.25020520  0.30934613  0.27691856  0.29527530  0.28604035  0.31409613  0.33340513  0.29527530  0.26344207  0.30462624  0.29993609  0.32368803  0.46695905  0.41063155  0.43265382  0.43826270  0.43826270  0.43265382  0.43265382  0.44960885  0.46113061  0.25459139  0.29527530  0.29064351  0.30462624  0.30462624  0.30934613  0.29527530  0.30462624  0.27691856  0.27691856  0.29993609  0.30934613  0.30934613  0.30934613  0.30462624  0.30462624  0.31409613  0.28604035  0.28604035  0.31409613  0.31887663  0.29993609  0.32368803  0.32368803  0.29993609  0.29993609  0.34822281  0.34822281  0.34325074  0.31887663  0.33340513  0.38924204  0.38924204  0.39453208  0.38398932  0.37877341  0.36844995  0.37877341  0.39453208  0.35322831  0.35826769  0.36844995  0.37359379  
28_0_0     0.07905241  0.08253563  0.08603523  0.08253563  0.00000000  0.25020520  0.22865370  0.22020480  0.22865370  0.37359379  0.35322831  0.30462624  0.28146549  0.29527530  0.29527530  0.27239924  0.29064351  0.28146549  0.29993609  0.29527530  0.29993609  0.29064351  0.29527530  0.26344207  0.29064351  0.27239924  0.28146549  0.27691856  0.29993609  0.32853073  0.27691856  0.25020520  0.26344207  0.27239924  0.25459139  0.30934613  0.30462624  0.28604035  0.27691856  0.32853073  0.32853073  0.29064351  0.29064351  0.32853073  0.30934613  0.31409613  0.30934613  0.31887663  0.32368803  0.30934613  0.29064351  0.30462624  0.29993609  0.29993609  0.31409613  0.26344207  0.29993609  0.27239924  0.30934613  0.31409613  0.33340513  0.34822281  0.29064351  0.27239924  0.28604035  0.28146549  0.34325074  0.43826270  0.40522628  0.43826270  0.43826270  0.43265382  0.43826270  0.41607634  0.45534744  0.46695905  0.25459139  0.30462624  0.28604035  0.31887663  0.30934613  0.30462624  0.29993609  0.29993609  0.28604035  0.29064351  0.29064351  0.29993609  0.31887663  0.31887663  0.31409613  0.31409613  0.33340513  0.27691856  0.27691856  0.29064351  0.29527530  0.27239924  0.32853073  0.32853073  0.29064351  0.27691856  0.33340513  0.32368803  0.32853073  0.30462624  0.31887663  0.41063155  0.41063155  0.39985998  0.38924204  0.39985998  0.37359379  0.36334141  0.38924204  0.36844995  0.37359379  0.38398932  0.38924204  
37_18_0    0.25459139  0.25020520  0.21601604  0.22020480  0.25020520  0.00000000  0.07558541  0.08603523  0.08603523  0.25459139  0.26344207  0.22441727  0.21601604  0.21185072  0.22020480  0.25900358  0.23291438  0.21601604  0.29527530  0.29993609  0.28146549  0.28604035  0.29527530  0.22020480  0.24150959  0.22865370  0.23719958  0.22441727  0.22865370  0.28146549  0.15972116  0.15585840  0.16750732  0.16750732  0.22020480  0.23719958  0.24150959  0.16750732  0.19136666  0.17143115  0.17537577  0.18332828  0.15201558  0.16750732  0.15972116  0.15585840  0.15972116  0.15972116  0.16360406  0.15201558  0.14819250  0.15585840  0.14060473  0.19136666  0.17143115  0.12565734  0.21185072  0.19136666  0.18332828  0.20358934  0.25900358  0.27239924  0.19136666  0.17537577  0.18733662  0.18332828  0.22865370  0.38924204  0.34822281  0.34822281  0.36844995  0.36334141  0.35826769  0.36844995  0.35322831  0.35322831  0.13683966  0.20770857  0.24584470  0.24150959  0.25020520  0.24584470  0.23291438  0.23719958  0.20358934  0.22865370  0.19136666  0.19136666  0.22865370  0.22865370  0.22441727  0.22441727  0.24150959  0.18332828  0.18332828  0.19949277  0.20358934  0.19949277  0.24150959  0.23291438  0.16750732  0.16750732  0.28146549  0.23719958  0.24150959  0.22441727  0.23719958  0.33340513  0.33831166  0.34325074  0.35826769  0.35322831  0.33831166  0.32368803  0.31887663  0.32853073  0.32368803  0.32368803  0.32853073  
37_12_0    0.23291438  0.22865370  0.22020480  0.22441727  0.22865370  0.07558541  0.00000000  0.08955136  0.07558541  0.28604035  0.28604035  0.19541863  0.19949277  0.19541863  0.20358934  0.24150959  0.23291438  0.21601604  0.25020520  0.24150959  0.23291438  0.22865370  0.23719958  0.22020480  0.24150959  0.22020480  0.22865370  0.22441727  0.22865370  0.27691856  0.16360406  0.14438895  0.18733662  0.17934141  0.19541863  0.26790718  0.26344207  0.16360406  0.17143115  0.17934141  0.18733662  0.18733662  0.16360406  0.17143115  0.17143115  0.16750732  0.17143115  0.17143115  0.17537577  0.16360406  0.15201558  0.16750732  0.15201558  0.17537577  0.17537577  0.12936615  0.22020480  0.20770857  0.18733662  0.19949277  0.24584470  0.25900358  0.16750732  0.17537577  0.18332828  0.17934141  0.25020520  0.37359379  0.35322831  0.35322831  0.37359379  0.36844995  0.36334141  0.34325074  0.34822281  0.33831166  0.16360406  0.19541863  0.23719958  0.26790718  0.27691856  0.25459139  0.23291438  0.22865370  0.19541863  0.21185072  0.19541863  0.20358934  0.21601604  0.21601604  0.21185072  0.21185072  0.23719958  0.19541863  0.19541863  0.20770857  0.20358934  0.20358934  0.23291438  0.23291438  0.19541863  0.17934141  0.25900358  0.25900358  0.26344207  0.23291438  0.26344207  0.31409613  0.31409613  0.30934613  0.33340513  0.32368803  0.33831166  0.30462624  0.32853073  0.33831166  0.33340513  0.34325074  0.33831166  
28_12_0    0.23291438  0.23719958  0.21185072  0.20770857  0.22020480  0.08603523  0.08955136  0.00000000  0.02542940  0.22865370  0.23719958  0.19136666  0.19136666  0.17143115  0.17143115  0.22441727  0.19949277  0.19136666  0.24584470  0.23719958  0.22865370  0.22441727  0.23291438  0.18733662  0.20770857  0.18733662  0.19541863  0.19136666  0.20358934  0.29064351  0.12936615  0.11829469  0.15585840  0.15585840  0.17934141  0.23291438  0.22865370  0.13683966  0.14438895  0.15585840  0.14060473  0.12936615  0.11464050  0.13309352  0.11829469  0.11464050  0.11829469  0.11829469  0.12196691  0.11100415  0.11464050  0.12196691  0.10738548  0.15201558  0.12936615  0.08253563  0.19136666  0.17143115  0.15972116  0.16360406  0.19949277  0.21185072  0.17934141  0.15201558  0.17143115  0.16750732  0.19541863  0.36844995  0.32368803  0.30934613  0.31887663  0.31409613  0.30934613  0.31409613  0.31887663  0.31887663  0.11829469  0.20770857  0.24150959  0.24584470  0.25459139  0.23719958  0.22865370  0.22020480  0.20770857  0.20770857  0.17934141  0.17934141  0.19949277  0.19949277  0.19541863  0.19541863  0.21185072  0.17143115  0.17143115  0.16750732  0.17143115  0.15585840  0.21185072  0.20358934  0.14819250  0.14060473  0.24150959  0.24584470  0.25020520  0.21601604  0.22865370  0.28146549  0.29064351  0.31887663  0.32368803  0.29527530  0.29993609  0.28604035  0.28146549  0.29993609  0.29527530  0.29527530  0.29993609  
28_14_0    0.24150959  0.24584470  0.22865370  0.22441727  0.22865370  0.08603523  0.07558541  0.02542940  0.00000000  0.24150959  0.25020520  0.19136666  0.19136666  0.17934141  0.18733662  0.24150959  0.20770857  0.19949277  0.25459139  0.24584470  0.23719958  0.23291438  0.24150959  0.20358934  0.20770857  0.19541863  0.20358934  0.19949277  0.21185072  0.29064351  0.11464050  0.12565734  0.14819250  0.14819250  0.17143115  0.24584470  0.24150959  0.13683966  0.15201558  0.16360406  0.14819250  0.14438895  0.12196691  0.13309352  0.12565734  0.12196691  0.12565734  0.12565734  0.12936615  0.11829469  0.12196691  0.12936615  0.11464050  0.15972116  0.14438895  0.08955136  0.19949277  0.17934141  0.17143115  0.17537577  0.22020480  0.22441727  0.17143115  0.13683966  0.16360406  0.15972116  0.21185072  0.38924204  0.34325074  0.34325074  0.35322831  0.34822281  0.34325074  0.34325074  0.34822281  0.34822281  0.12565734  0.20770857  0.25020520  0.25459139  0.26344207  0.25459139  0.23719958  0.22020480  0.20770857  0.21601604  0.18733662  0.18733662  0.20770857  0.20770857  0.20358934  0.20358934  0.22020480  0.17934141  0.17934141  0.17537577  0.17143115  0.16360406  0.21601604  0.20770857  0.16360406  0.14819250  0.26790718  0.26344207  0.26790718  0.24150959  0.25459139  0.30462624  0.30462624  0.32368803  0.32853073  0.30934613  0.30462624  0.29064351  0.28604035  0.30462624  0.29993609  0.29993609  0.31409613  
8_4_0      0.39985998  0.40522628  0.37877341  0.37359379  0.37359379  0.25459139  0.28604035  0.22865370  0.24150959  0.00000000  0.02220282  0.17537577  0.17143115  0.19541863  0.16750732  0.25900358  0.22020480  0.21185072  0.27239924  0.29064351  0.26790718  0.25900358  0.25459139  0.19136666  0.20770857  0.19949277  0.21601604  0.20358934  0.19949277  0.26344207  0.24150959  0.20770857  0.28146549  0.26344207  0.29064351  0.32368803  0.30934613  0.27691856  0.26790718  0.24150959  0.23719958  0.23291438  0.22441727  0.25459139  0.23719958  0.24150959  0.23719958  0.23719958  0.23719958  0.22865370  0.25020520  0.25900358  0.24150959  0.29993609  0.25020520  0.22441727  0.26344207  0.27239924  0.27239924  0.27691856  0.31409613  0.31887663  0.32853073  0.28604035  0.27239924  0.25900358  0.31887663  0.45534744  0.41063155  0.38924204  0.40522628  0.41063155  0.40522628  0.41063155  0.40522628  0.40522628  0.25459139  0.32368803  0.32368803  0.33340513  0.33831166  0.33340513  0.31887663  0.33340513  0.33340513  0.31409613  0.28604035  0.27691856  0.29527530  0.29527530  0.29064351  0.29064351  0.28604035  0.28146549  0.28146549  0.29993609  0.29993609  0.30462624  0.31887663  0.30934613  0.27239924  0.27239924  0.35826769  0.34822281  0.35322831  0.32368803  0.32368803  0.39985998  0.40522628  0.41063155  0.41607634  0.42708688  0.38924204  0.37359379  0.36844995  0.37877341  0.38398932  0.38398932  0.39985998  
65_4_0     0.38924204  0.39453208  0.36844995  0.36334141  0.35322831  0.26344207  0.28604035  0.23719958  0.25020520  0.02220282  0.00000000  0.17143115  0.16750732  0.19949277  0.17143115  0.23719958  0.19949277  0.19949277  0.26790718  0.27691856  0.25459139  0.24584470  0.24150959  0.18733662  0.20358934  0.19541863  0.21185072  0.19949277  0.19541863  0.25459139  0.25020520  0.21601604  0.28146549  0.27239924  0.28146549  0.32368803  0.31887663  0.27691856  0.27691856  0.25900358  0.25459139  0.25020520  0.23291438  0.27239924  0.25459139  0.25020520  0.25459139  0.25459139  0.25459139  0.24584470  0.26790718  0.26790718  0.25900358  0.31887663  0.27691856  0.24150959  0.27239924  0.29064351  0.28146549  0.28604035  0.31409613  0.32853073  0.33831166  0.30462624  0.26790718  0.25459139  0.30462624  0.44391416  0.39985998  0.38924204  0.40522628  0.39985998  0.40522628  0.41063155  0.40522628  0.41607634  0.25459139  0.31887663  0.31887663  0.32853073  0.33340513  0.32853073  0.31409613  0.33831166  0.33831166  0.30934613  0.29064351  0.28146549  0.30934613  0.30934613  0.30462624  0.30462624  0.29993609  0.28604035  0.28604035  0.29064351  0.29064351  0.30462624  0.32853073  0.31887663  0.27239924  0.27239924  0.36844995  0.35826769  0.36334141  0.34325074  0.34325074  0.39453208  0.39985998  0.41607634  0.41063155  0.42156126  0.37359379  0.38924204  0.37359379  0.37359379  0.38924204  0.38924204  0.40522628  
11_6_0     0.31887663  0.31409613  0.30462624  0.30934613  0.30462624  0.22441727  0.19541863  0.19136666  0.19136666  0.17537577  0.17143115  0.00000000  0.02220282  0.08253563  0.08253563  0.15201558  0.11100415  0.11464050  0.19949277  0.18332828  0.17143115  0.15585840  0.15585840  0.08955136  0.10738548  0.09663382  0.11829469  0.10738548  0.11829469  0.18332828  0.18733662  0.18332828  0.23291438  0.21601604  0.21601604  0.30934613  0.30462624  0.21185072  0.19541863  0.22020480  0.20358934  0.19136666  0.19949277  0.20358934  0.21185072  0.19949277  0.19541863  0.20358934  0.20358934  0.19541863  0.19136666  0.19949277  0.19136666  0.25900358  0.19949277  0.19136666  0.23719958  0.25020520  0.24584470  0.23291438  0.24584470  0.25900358  0.26790718  0.21601604  0.22020480  0.21601604  0.30462624  0.44960885  0.37359379  0.37877341  0.38398932  0.37877341  0.37359379  0.38398932  0.37877341  0.36844995  0.21601604  0.23291438  0.26790718  0.29993609  0.30462624  0.25900358  0.26344207  0.24150959  0.23719958  0.22020480  0.21601604  0.20770857  0.21601604  0.21601604  0.21185072  0.21185072  0.23719958  0.20770857  0.20770857  0.24150959  0.24584470  0.22020480  0.26344207  0.25459139  0.23291438  0.21601604  0.29064351  0.26790718  0.27239924  0.28604035  0.27239924  0.36844995  0.37877341  0.37877341  0.36334141  0.40522628  0.40522628  0.35826769  0.38398932  0.39453208  0.41063155  0.41063155  0.40522628  
11_4_0     0.29527530  0.29064351  0.28146549  0.28604035  0.28146549  0.21601604  0.19949277  0.19136666  0.19136666  0.17143115  0.16750732  0.02220282  0.00000000  0.07905241  0.07905241  0.14438895  0.11100415  0.11464050  0.19541863  0.18733662  0.18332828  0.16750732  0.16750732  0.08603523  0.10378432  0.09308417  0.11464050  0.10378432  0.11464050  0.17934141  0.18332828  0.19541863  0.24584470  0.23719958  0.22020480  0.29527530  0.29064351  0.20770857  0.19949277  0.20770857  0.19136666  0.19541863  0.19541863  0.21601604  0.22441727  0.21185072  0.20770857  0.21601604  0.21601604  0.20770857  0.20358934  0.21185072  0.20358934  0.27239924  0.21185072  0.18733662  0.23291438  0.23719958  0.25020520  0.23719958  0.25020520  0.26344207  0.26790718  0.21601604  0.22020480  0.21601604  0.29527530  0.44960885  0.37359379  0.39985998  0.41607634  0.39985998  0.39453208  0.40522628  0.39985998  0.38924204  0.20358934  0.23719958  0.25459139  0.27691856  0.28146549  0.25459139  0.25020520  0.24584470  0.23291438  0.21601604  0.22865370  0.22020480  0.22020480  0.22020480  0.21601604  0.21601604  0.24150959  0.20358934  0.20358934  0.23719958  0.24150959  0.22441727  0.25900358  0.25020520  0.22020480  0.20358934  0.31409613  0.29993609  0.30462624  0.29993609  0.28604035  0.37359379  0.38398932  0.37359379  0.35826769  0.39985998  0.41063155  0.37359379  0.38924204  0.39985998  0.41607634  0.41607634  0.41063155  
60_4_0     0.29993609  0.29527530  0.28604035  0.29064351  0.29527530  0.21185072  0.19541863  0.17143115  0.17934141  0.19541863  0.19949277  0.08253563  0.07905241  0.00000000  0.05848853  0.14060473  0.10020048  0.09308417  0.17143115  0.16360406  0.15972116  0.14438895  0.14438895  0.07905241  0.08955136  0.07905241  0.10020048  0.06869947  0.09308417  0.20358934  0.20358934  0.19136666  0.23291438  0.23291438  0.20770857  0.29527530  0.29064351  0.22020480  0.19541863  0.20358934  0.18733662  0.19136666  0.19949277  0.22020480  0.22020480  0.20770857  0.20358934  0.21185072  0.21185072  0.20358934  0.18332828  0.19136666  0.18332828  0.25020520  0.20770857  0.16750732  0.22865370  0.23291438  0.21601604  0.21185072  0.24150959  0.24584470  0.23291438  0.22441727  0.22865370  0.22441727  0.26344207  0.44391416  0.36844995  0.38924204  0.38398932  0.37877341  0.37359379  0.38924204  0.38398932  0.37359379  0.21185072  0.26344207  0.27239924  0.29527530  0.29993609  0.27239924  0.26790718  0.26344207  0.25459139  0.24150959  0.23719958  0.24584470  0.23719958  0.23719958  0.24150959  0.24150959  0.25459139  0.22865370  0.22865370  0.22865370  0.24150959  0.22865370  0.25900358  0.25020520  0.22020480  0.20358934  0.28604035  0.29527530  0.29993609  0.29064351  0.27691856  0.33831166  0.34325074  0.34325074  0.33831166  0.35322831  0.38398932  0.34325074  0.35826769  0.37877341  0.39453208  0.39453208  0.38924204  
44_4_0     0.29993609  0.29527530  0.27691856  0.28146549  0.29527530  0.22020480  0.20358934  0.17143115  0.18733662  0.16750732  0.17143115  0.08253563  0.07905241  0.05848853  0.00000000  0.11829469  0.09308417  0.08603523  0.18733662  0.17934141  0.15972116  0.15201558  0.15201558  0.07213448  0.09663382  0.07213448  0.08603523  0.08253563  0.09308417  0.18733662  0.19541863  0.18332828  0.24150959  0.22441727  0.24150959  0.29527530  0.29064351  0.21601604  0.20358934  0.20358934  0.19541863  0.19949277  0.19136666  0.22865370  0.22865370  0.21601604  0.21185072  0.22020480  0.22020480  0.21185072  0.20770857  0.20770857  0.19949277  0.26790718  0.21601604  0.17537577  0.22865370  0.23291438  0.24150959  0.23291438  0.27691856  0.28604035  0.24150959  0.21601604  0.24150959  0.23719958  0.27691856  0.46113061  0.39453208  0.38398932  0.39985998  0.40522628  0.39985998  0.39453208  0.39985998  0.38924204  0.21185072  0.25459139  0.25459139  0.26790718  0.27239924  0.25459139  0.25020520  0.25459139  0.25459139  0.22865370  0.22865370  0.22865370  0.23719958  0.23719958  0.23291438  0.23291438  0.25459139  0.21185072  0.21185072  0.24584470  0.25020520  0.22441727  0.27691856  0.26790718  0.22865370  0.22020480  0.29993609  0.29993609  0.30462624  0.28604035  0.28146549  0.34822281  0.35826769  0.37359379  0.36844995  0.37877341  0.39453208  0.33831166  0.36334141  0.38398932  0.39985998  0.39985998  0.39453208  
38_4_0     0.30462624  0.29993609  0.29993609  0.30462624  0.27239924  0.25900358  0.24150959  0.22441727  0.24150959  0.25900358  0.23719958  0.15201558  0.14438895  0.14060473  0.11829469  0.00000000  0.05511576  0.07213448  0.19136666  0.17934141  0.17537577  0.15972116  0.15972116  0.09308417  0.11829469  0.09308417  0.11464050  0.10378432  0.10738548  0.20770857  0.25900358  0.25459139  0.27239924  0.27239924  0.27239924  0.28604035  0.29064351  0.25459139  0.22865370  0.26790718  0.25900358  0.24584470  0.26790718  0.31409613  0.29527530  0.29064351  0.29527530  0.30462624  0.30462624  0.29527530  0.26790718  0.27691856  0.27691856  0.30934613  0.28604035  0.24150959  0.27239924  0.26790718  0.30934613  0.30462624  0.34325074  0.34325074  0.26790718  0.25459139  0.31887663  0.30934613  0.35826769  0.47283348  0.41063155  0.43265382  0.42708688  0.39985998  0.40522628  0.41063155  0.41607634  0.41607634  0.25900358  0.26790718  0.28604035  0.29064351  0.29527530  0.27691856  0.26790718  0.27239924  0.27691856  0.25020520  0.25900358  0.26790718  0.29993609  0.29993609  0.29527530  0.29527530  0.30934613  0.24584470  0.24584470  0.27691856  0.29064351  0.25020520  0.30462624  0.29527530  0.25900358  0.25020520  0.30934613  0.31887663  0.32368803  0.31887663  0.31409613  0.38924204  0.39985998  0.38924204  0.40522628  0.40522628  0.41607634  0.36844995  0.40522628  0.41607634  0.43265382  0.41063155  0.40522628  
50_4_0     0.31409613  0.30934613  0.29993609  0.30462624  0.29064351  0.23291438  0.23291438  0.19949277  0.20770857  0.22020480  0.19949277  0.11100415  0.11100415  0.10020048  0.09308417  0.05511576  0.00000000  0.02542940  0.14819250  0.13683966  0.12565734  0.11100415  0.11100415  0.04841574  0.06528024  0.04177547  0.06187664  0.05175821  0.06187664  0.16360406  0.22441727  0.21185072  0.23719958  0.22865370  0.25020520  0.28604035  0.29064351  0.21601604  0.20770857  0.23291438  0.21601604  0.22020480  0.22441727  0.27239924  0.24584470  0.24150959  0.24584470  0.25459139  0.25459139  0.24584470  0.22865370  0.22865370  0.22865370  0.28146549  0.24584470  0.19541863  0.25459139  0.25900358  0.26790718  0.25459139  0.30462624  0.31409613  0.26344207  0.24150959  0.27691856  0.27239924  0.31409613  0.47283348  0.38924204  0.39985998  0.39453208  0.37877341  0.38398932  0.39985998  0.40522628  0.40522628  0.24584470  0.27239924  0.29064351  0.29527530  0.29993609  0.28146549  0.27239924  0.27691856  0.27239924  0.25459139  0.25459139  0.25459139  0.28146549  0.28146549  0.27691856  0.27691856  0.29064351  0.23291438  0.23291438  0.27239924  0.28604035  0.26344207  0.31887663  0.29993609  0.25459139  0.24584470  0.30934613  0.30462624  0.30934613  0.31409613  0.29993609  0.38398932  0.39453208  0.40522628  0.39985998  0.39985998  0.38924204  0.34325074  0.37877341  0.38924204  0.40522628  0.39453208  0.39985998  
72_4_0     0.30462624  0.29993609  0.28146549  0.28604035  0.28146549  0.21601604  0.21601604  0.19136666  0.19949277  0.21185072  0.19949277  0.11464050  0.11464050  0.09308417  0.08603523  0.07213448  0.02542940  0.00000000  0.14819250  0.13683966  0.12565734  0.11100415  0.10378432  0.03847742  0.05511576  0.03192482  0.05175821  0.04177547  0.05848853  0.15972116  0.21601604  0.19136666  0.22020480  0.21185072  0.23291438  0.28146549  0.28604035  0.19136666  0.20770857  0.22441727  0.20770857  0.20358934  0.20770857  0.26344207  0.23719958  0.23291438  0.23719958  0.24584470  0.24584470  0.23719958  0.22020480  0.22020480  0.22020480  0.26344207  0.23719958  0.18733662  0.24584470  0.24150959  0.26790718  0.25459139  0.30462624  0.30934613  0.27691856  0.25900358  0.27691856  0.26344207  0.30934613  0.44391416  0.38924204  0.37877341  0.38398932  0.36844995  0.37359379  0.38924204  0.39453208  0.39453208  0.23719958  0.26790718  0.28146549  0.28604035  0.29064351  0.27239924  0.26790718  0.27239924  0.26790718  0.25020520  0.25020520  0.25020520  0.26790718  0.26790718  0.26344207  0.26344207  0.28604035  0.22865370  0.22865370  0.25020520  0.26344207  0.25459139  0.29993609  0.28146549  0.24584470  0.24584470  0.29527530  0.29527530  0.29993609  0.29993609  0.28604035  0.38924204  0.39985998  0.39985998  0.39453208  0.38924204  0.39453208  0.34822281  0.38398932  0.39453208  0.41063155  0.39985998  0.40522628  
32_4_0     0.34822281  0.34822281  0.32853073  0.32853073  0.29993609  0.29527530  0.25020520  0.24584470  0.25459139  0.27239924  0.26790718  0.19949277  0.19541863  0.17143115  0.18733662  0.19136666  0.14819250  0.14819250  0.00000000  0.01899016  0.05511576  0.04177547  0.04177547  0.13309352  0.13683966  0.12565734  0.14060473  0.12936615  0.14819250  0.22020480  0.28604035  0.27691856  0.31887663  0.29064351  0.32368803  0.36334141  0.34822281  0.29527530  0.29527530  0.33831166  0.32853073  0.30934613  0.32368803  0.34325074  0.32368803  0.31887663  0.32368803  0.33340513  0.33340513  0.32368803  0.30934613  0.31887663  0.30934613  0.37877341  0.31887663  0.28146549  0.33340513  0.33831166  0.34822281  0.33340513  0.33831166  0.35322831  0.32368803  0.31409613  0.31887663  0.31409613  0.33340513  0.47875464  0.46695905  0.47875464  0.47283348  0.45534744  0.46113061  0.44960885  0.46113061  0.44960885  0.28604035  0.32853073  0.31887663  0.34325074  0.34822281  0.31887663  0.31409613  0.30934613  0.32368803  0.30462624  0.30934613  0.29993609  0.31887663  0.31887663  0.31409613  0.31409613  0.32853073  0.29064351  0.29064351  0.30462624  0.31409613  0.30934613  0.32853073  0.30934613  0.29993609  0.29993609  0.33831166  0.33831166  0.34325074  0.31409613  0.32853073  0.42708688  0.43826270  0.41607634  0.40522628  0.42708688  0.44391416  0.37877341  0.39985998  0.41063155  0.42708688  0.39453208  0.40522628  
15_4_0     0.32853073  0.32853073  0.32853073  0.32853073  0.29527530  0.29993609  0.24150959  0.23719958  0.24584470  0.29064351  0.27691856  0.18332828  0.18733662  0.16360406  0.17934141  0.17934141  0.13683966  0.13683966  0.01899016  0.00000000  0.04177547  0.02220282  0.02867003  0.12565734  0.12936615  0.11829469  0.13309352  0.12196691  0.14060473  0.22865370  0.27691856  0.25900358  0.30934613  0.29993609  0.31409613  0.35322831  0.33831166  0.28604035  0.27691856  0.32853073  0.30934613  0.29993609  0.30462624  0.32368803  0.30462624  0.29993609  0.30462624  0.31409613  0.31409613  0.30462624  0.29064351  0.29064351  0.29064351  0.35826769  0.30934613  0.26344207  0.34325074  0.32853073  0.31887663  0.31409613  0.32853073  0.34325074  0.32368803  0.31409613  0.31887663  0.31409613  0.34325074  0.47283348  0.46113061  0.47283348  0.46695905  0.44960885  0.45534744  0.45534744  0.46695905  0.45534744  0.28604035  0.33340513  0.33340513  0.35826769  0.36334141  0.33340513  0.32853073  0.31409613  0.32853073  0.30934613  0.31409613  0.30462624  0.31409613  0.31409613  0.30934613  0.30934613  0.32368803  0.29527530  0.29527530  0.30462624  0.31409613  0.29064351  0.31887663  0.29993609  0.29064351  0.30934613  0.32368803  0.32368803  0.32853073  0.30934613  0.32368803  0.41607634  0.42708688  0.42708688  0.41607634  0.41607634  0.44391416  0.37877341  0.41063155  0.41063155  0.42708688  0.40522628  0.41607634  
73_4_0     0.31887663  0.31887663  0.32368803  0.32368803  0.29993609  0.28146549  0.23291438  0.22865370  0.23719958  0.26790718  0.25459139  0.17143115  0.18332828  0.15972116  0.15972116  0.17537577  0.12565734  0.12565734  0.05511576  0.04177547  0.00000000  0.01899016  0.02542940  0.12196691  0.13309352  0.11464050  0.12936615  0.11829469  0.13683966  0.21601604  0.26790718  0.24584470  0.29993609  0.26344207  0.28604035  0.33340513  0.32853073  0.26790718  0.25900358  0.29527530  0.28604035  0.27239924  0.27691856  0.30462624  0.28604035  0.28146549  0.28604035  0.29527530  0.29527530  0.28604035  0.27239924  0.27239924  0.27239924  0.32853073  0.29064351  0.24584470  0.32853073  0.31887663  0.29527530  0.29064351  0.30462624  0.31887663  0.30934613  0.28604035  0.30934613  0.30462624  0.34325074  0.48472326  0.44960885  0.46113061  0.45534744  0.44960885  0.45534744  0.44391416  0.45534744  0.44391416  0.28146549  0.33340513  0.33340513  0.35826769  0.36334141  0.33340513  0.32853073  0.32368803  0.33831166  0.31887663  0.30462624  0.29527530  0.31409613  0.31409613  0.30934613  0.30934613  0.32368803  0.29527530  0.29527530  0.30934613  0.30934613  0.29993609  0.31409613  0.30462624  0.29527530  0.30462624  0.34325074  0.33831166  0.34325074  0.32368803  0.33831166  0.39985998  0.41063155  0.42708688  0.42156126  0.39453208  0.42156126  0.35322831  0.37877341  0.37877341  0.39453208  0.38398932  0.39453208  
59_4_0     0.32368803  0.32368803  0.32368803  0.32368803  0.29064351  0.28604035  0.22865370  0.22441727  0.23291438  0.25900358  0.24584470  0.15585840  0.16750732  0.14438895  0.15201558  0.15972116  0.11100415  0.11100415  0.04177547  0.02220282  0.01899016  0.00000000  0.00627638  0.10738548  0.11829469  0.10020048  0.11464050  0.10378432  0.12196691  0.20770857  0.26344207  0.23719958  0.29527530  0.26790718  0.28146549  0.31887663  0.31409613  0.26344207  0.25459139  0.29527530  0.27691856  0.26790718  0.27239924  0.29993609  0.28146549  0.27691856  0.28146549  0.29064351  0.29064351  0.28146549  0.26790718  0.26790718  0.26790718  0.33340513  0.28604035  0.24150959  0.32853073  0.31409613  0.29064351  0.28604035  0.29993609  0.31409613  0.30934613  0.29064351  0.30462624  0.29993609  0.32853073  0.47875464  0.44391416  0.45534744  0.43826270  0.43265382  0.43826270  0.43826270  0.44960885  0.43826270  0.27239924  0.31887663  0.31887663  0.34325074  0.34822281  0.31887663  0.31409613  0.29993609  0.31409613  0.29527530  0.29993609  0.29064351  0.30934613  0.30934613  0.30462624  0.30462624  0.31887663  0.28146549  0.28146549  0.29993609  0.30934613  0.28146549  0.31409613  0.29527530  0.28604035  0.29527530  0.32853073  0.31887663  0.32368803  0.30462624  0.31887663  0.39985998  0.41063155  0.41063155  0.39985998  0.39985998  0.41607634  0.35322831  0.38398932  0.38398932  0.39985998  0.38924204  0.39985998  
68_4_0     0.33340513  0.33340513  0.32368803  0.32368803  0.29527530  0.29527530  0.23719958  0.23291438  0.24150959  0.25459139  0.24150959  0.15585840  0.16750732  0.14438895  0.15201558  0.15972116  0.11100415  0.10378432  0.04177547  0.02867003  0.02542940  0.00627638  0.00000000  0.10738548  0.11829469  0.10020048  0.11464050  0.10378432  0.12196691  0.20770857  0.27239924  0.24584470  0.28604035  0.25900358  0.27239924  0.32853073  0.32368803  0.25459139  0.26344207  0.29527530  0.27691856  0.25900358  0.26344207  0.29993609  0.28146549  0.27691856  0.28146549  0.29064351  0.29064351  0.28146549  0.26790718  0.26790718  0.26790718  0.33340513  0.27691856  0.24150959  0.31887663  0.31409613  0.29064351  0.27691856  0.29993609  0.30462624  0.31887663  0.29064351  0.30462624  0.29993609  0.32853073  0.46695905  0.44391416  0.44391416  0.42708688  0.42156126  0.42708688  0.42708688  0.43826270  0.42708688  0.28146549  0.31887663  0.31887663  0.34325074  0.34822281  0.31887663  0.31409613  0.29993609  0.31409613  0.29527530  0.29993609  0.29064351  0.29993609  0.29993609  0.29527530  0.29527530  0.30934613  0.28146549  0.28146549  0.29527530  0.30462624  0.29064351  0.30462624  0.28604035  0.29527530  0.29527530  0.33340513  0.32368803  0.32853073  0.30934613  0.32368803  0.41063155  0.42156126  0.39985998  0.38924204  0.39985998  0.41607634  0.35322831  0.38398932  0.38398932  0.39985998  0.38924204  0.39985998  
47_4_0     0.28604035  0.28146549  0.27239924  0.27691856  0.26344207  0.22020480  0.22020480  0.18733662  0.20358934  0.19136666  0.18733662  0.08955136  0.08603523  0.07905241  0.07213448  0.09308417  0.04841574  0.03847742  0.13309352  0.12565734  0.12196691  0.10738548  0.10738548  0.00000000  0.02867003  0.00627638  0.02542940  0.01579130  0.03192482  0.14438895  0.19541863  0.17934141  0.22441727  0.20770857  0.22865370  0.28604035  0.28146549  0.20358934  0.19541863  0.21601604  0.19949277  0.19949277  0.20770857  0.25020520  0.23291438  0.22865370  0.22441727  0.23291438  0.23291438  0.22441727  0.20770857  0.21601604  0.20770857  0.27691856  0.22441727  0.18332828  0.22865370  0.22441727  0.26344207  0.25020520  0.29064351  0.30462624  0.26790718  0.22441727  0.26344207  0.25900358  0.30934613  0.47283348  0.39453208  0.39453208  0.39985998  0.38398932  0.38924204  0.40522628  0.41063155  0.39985998  0.22865370  0.27239924  0.26344207  0.27691856  0.28146549  0.26344207  0.25900358  0.26344207  0.25900358  0.24150959  0.24584470  0.24584470  0.25459139  0.25459139  0.25020520  0.25020520  0.27239924  0.22865370  0.22865370  0.24584470  0.25900358  0.24150959  0.29527530  0.27691856  0.23719958  0.22865370  0.28146549  0.28604035  0.29064351  0.28604035  0.27239924  0.38924204  0.39985998  0.39453208  0.38924204  0.39985998  0.40522628  0.33831166  0.37359379  0.38398932  0.39985998  0.39985998  0.40522628  
70_4_0     0.30934613  0.30462624  0.29064351  0.29527530  0.29064351  0.24150959  0.24150959  0.20770857  0.20770857  0.20770857  0.20358934  0.10738548  0.10378432  0.08955136  0.09663382  0.11829469  0.06528024  0.05511576  0.13683966  0.12936615  0.13309352  0.11829469  0.11829469  0.02867003  0.00000000  0.02220282  0.04177547  0.02542940  0.04177547  0.15585840  0.19949277  0.19949277  0.24584470  0.23719958  0.25900358  0.31887663  0.31409613  0.21601604  0.20770857  0.23719958  0.22020480  0.22020480  0.22865370  0.27239924  0.25459139  0.25020520  0.24584470  0.25459139  0.25459139  0.24584470  0.22865370  0.23719958  0.22865370  0.29064351  0.25459139  0.20358934  0.24150959  0.22865370  0.27691856  0.27239924  0.29527530  0.31887663  0.29064351  0.24584470  0.27691856  0.27239924  0.31409613  0.47283348  0.40522628  0.41607634  0.42156126  0.40522628  0.41063155  0.43826270  0.43265382  0.42156126  0.22441727  0.28604035  0.28604035  0.29993609  0.30462624  0.28604035  0.27239924  0.27691856  0.28146549  0.25459139  0.25020520  0.25020520  0.25020520  0.25020520  0.24584470  0.24584470  0.26344207  0.23291438  0.23291438  0.24150959  0.25459139  0.24584470  0.28146549  0.26344207  0.23291438  0.23291438  0.28146549  0.29527530  0.29993609  0.29993609  0.28604035  0.38398932  0.38924204  0.39453208  0.37877341  0.38924204  0.40522628  0.35826769  0.38398932  0.39453208  0.41063155  0.41063155  0.40522628  
45_4_0     0.29527530  0.29064351  0.27239924  0.27691856  0.27239924  0.22865370  0.22020480  0.18733662  0.19541863  0.19949277  0.19541863  0.09663382  0.09308417  0.07905241  0.07213448  0.09308417  0.04177547  0.03192482  0.12565734  0.11829469  0.11464050  0.10020048  0.10020048  0.00627638  0.02220282  0.00000000  0.01899016  0.00943453  0.02542940  0.13683966  0.19541863  0.17934141  0.23291438  0.21601604  0.23719958  0.29527530  0.29064351  0.19541863  0.19541863  0.21601604  0.19949277  0.19949277  0.20770857  0.25020520  0.23291438  0.22865370  0.22441727  0.23291438  0.23291438  0.22441727  0.20770857  0.21601604  0.20770857  0.26790718  0.22441727  0.18332828  0.22865370  0.22441727  0.26344207  0.25020520  0.29064351  0.30462624  0.26790718  0.23291438  0.26344207  0.25900358  0.30934613  0.47875464  0.39985998  0.39985998  0.40522628  0.38924204  0.39453208  0.41063155  0.41607634  0.40522628  0.22865370  0.27239924  0.27239924  0.28604035  0.29064351  0.27239924  0.25900358  0.26344207  0.25900358  0.24150959  0.24584470  0.24584470  0.25459139  0.25459139  0.25020520  0.25020520  0.27239924  0.22865370  0.22865370  0.24584470  0.25900358  0.24150959  0.29527530  0.27691856  0.23719958  0.22865370  0.28146549  0.28604035  0.29064351  0.28604035  0.27239924  0.38924204  0.39985998  0.39453208  0.38924204  0.39985998  0.40522628  0.33831166  0.37359379  0.38398932  0.39985998  0.39985998  0.40522628  
22_4_0     0.30462624  0.29993609  0.28146549  0.28604035  0.28146549  0.23719958  0.22865370  0.19541863  0.20358934  0.21601604  0.21185072  0.11829469  0.11464050  0.10020048  0.08603523  0.11464050  0.06187664  0.05175821  0.14060473  0.13309352  0.12936615  0.11464050  0.11464050  0.02542940  0.04177547  0.01899016  0.00000000  0.02867003  0.03847742  0.15972116  0.19541863  0.20358934  0.24150959  0.22441727  0.24584470  0.30462624  0.29993609  0.21185072  0.21185072  0.23291438  0.21601604  0.20770857  0.22441727  0.26790718  0.25020520  0.24584470  0.25020520  0.25020520  0.25020520  0.24150959  0.22441727  0.23291438  0.22441727  0.28604035  0.23291438  0.19949277  0.23719958  0.23291438  0.28146549  0.26790718  0.30934613  0.32368803  0.28604035  0.24150959  0.27239924  0.26790718  0.30934613  0.46695905  0.39985998  0.39985998  0.40522628  0.38924204  0.39453208  0.41063155  0.41607634  0.40522628  0.23719958  0.28146549  0.27239924  0.28604035  0.29064351  0.28146549  0.26790718  0.27239924  0.26790718  0.25020520  0.25459139  0.25459139  0.26344207  0.26344207  0.25900358  0.25900358  0.28146549  0.23719958  0.23719958  0.25459139  0.26790718  0.25020520  0.29527530  0.28604035  0.24584470  0.23719958  0.29993609  0.29527530  0.29993609  0.29527530  0.28146549  0.40522628  0.41607634  0.40522628  0.39985998  0.41063155  0.40522628  0.34822281  0.38398932  0.39453208  0.41063155  0.41063155  0.41607634  
