20
13_0_0     0.00000000  0.00954030  0.01920600  0.01920600  0.02408692  0.04394118  0.31455453  0.31455453  0.31455453  0.31455453  0.32186011  0.34422274  0.31455453  0.25858441  0.26535209  0.27218263  0.24523311  0.23211990  0.23211990  0.22564997  
3_0_0      0.00954030  0.00000000  0.00954030  0.02900045  0.03394704  0.05407303  0.31455453  0.31455453  0.31455453  0.31455453  0.32186011  0.34422274  0.31455453  0.25858441  0.27907722  0.28603707  0.24523311  0.23211990  0.23211990  0.22564997  
6_0_0      0.01920600  0.00954030  0.00000000  0.03892713  0.03394704  0.06434643  0.32923901  0.32923901  0.32923901  0.32923901  0.33669271  0.35951815  0.32923901  0.27218263  0.29306342  0.28603707  0.25858441  0.24523311  0.24523311  0.23864727  
14_0_0     0.01920600  0.02900045  0.03892713  0.00000000  0.00475468  0.02408692  0.31455453  0.31455453  0.31455453  0.31455453  0.32186011  0.34422274  0.34422274  0.25858441  0.27907722  0.28603707  0.24523311  0.24523311  0.24523311  0.23864727  
2_0_0      0.02408692  0.03394704  0.03394704  0.00475468  0.00000000  0.02900045  0.32186011  0.32186011  0.32186011  0.32186011  0.32923901  0.35183068  0.35183068  0.26535209  0.28603707  0.29306342  0.25187846  0.25187846  0.25187846  0.24523311  
11_0_0     0.04394118  0.05407303  0.06434643  0.02408692  0.02900045  0.00000000  0.34422274  0.34422274  0.34422274  0.34422274  0.35183068  0.37513850  0.37513850  0.28603707  0.31455453  0.32186011  0.26535209  0.27907722  0.27907722  0.27218263  
8_0_0      0.31455453  0.31455453  0.32923901  0.31455453  0.32186011  0.34422274  0.00000000  0.01920600  0.01920600  0.01920600  0.02408692  0.04394118  0.04898965  0.09067601  0.38307489  0.37513850  0.33669271  0.34422274  0.34422274  0.35183068  
7_0_0      0.31455453  0.31455453  0.32923901  0.31455453  0.32186011  0.34422274  0.01920600  0.00000000  0.00000000  0.00000000  0.00475468  0.04394118  0.04898965  0.09067601  0.39920937  0.39109788  0.33669271  0.34422274  0.34422274  0.35183068  
5_0_0      0.31455453  0.31455453  0.32923901  0.31455453  0.32186011  0.34422274  0.01920600  0.00000000  0.00000000  0.00000000  0.00475468  0.04394118  0.04898965  0.09067601  0.39920937  0.39109788  0.33669271  0.34422274  0.34422274  0.35183068  
10_0_0     0.31455453  0.31455453  0.32923901  0.31455453  0.32186011  0.34422274  0.01920600  0.00000000  0.00000000  0.00000000  0.00475468  0.04394118  0.04898965  0.09067601  0.39920937  0.39109788  0.33669271  0.34422274  0.34422274  0.35183068  
1_0_0      0.32186011  0.32186011  0.33669271  0.32186011  0.32923901  0.35183068  0.02408692  0.00475468  0.00475468  0.00475468  0.00000000  0.04898965  0.05407303  0.08533413  0.40741134  0.39920937  0.34422274  0.35183068  0.35183068  0.35951815  
12_0_0     0.34422274  0.34422274  0.35951815  0.34422274  0.35183068  0.37513850  0.04394118  0.04394118  0.04394118  0.04394118  0.04898965  0.00000000  0.04898965  0.11798350  0.41570583  0.42409495  0.33669271  0.34422274  0.34422274  0.35183068  
4_0_0      0.31455453  0.31455453  0.32923901  0.34422274  0.35183068  0.37513850  0.04898965  0.04898965  0.04898965  0.04898965  0.05407303  0.04898965  0.00000000  0.11244027  0.39920937  0.39109788  0.35183068  0.34422274  0.34422274  0.35183068  
9_0_0      0.25858441  0.25858441  0.27218263  0.25858441  0.26535209  0.28603707  0.09067601  0.09067601  0.09067601  0.09067601  0.08533413  0.11798350  0.11244027  0.00000000  0.38307489  0.40741134  0.33669271  0.34422274  0.34422274  0.33669271  
16_0_0     0.26535209  0.27907722  0.29306342  0.27907722  0.28603707  0.31455453  0.38307489  0.39920937  0.39920937  0.39920937  0.40741134  0.41570583  0.39920937  0.38307489  0.00000000  0.10693852  0.10693852  0.09067601  0.09067601  0.09605698  
20_0_0     0.27218263  0.28603707  0.28603707  0.28603707  0.29306342  0.32186011  0.37513850  0.39109788  0.39109788  0.39109788  0.39920937  0.42409495  0.39109788  0.40741134  0.10693852  0.00000000  0.10147762  0.08533413  0.08533413  0.09067601  
15_0_0     0.24523311  0.24523311  0.25858441  0.24523311  0.25187846  0.26535209  0.33669271  0.33669271  0.33669271  0.33669271  0.34422274  0.33669271  0.35183068  0.33669271  0.10693852  0.10147762  0.00000000  0.01435727  0.01435727  0.01920600  
18_0_0     0.23211990  0.23211990  0.24523311  0.24523311  0.25187846  0.27907722  0.34422274  0.34422274  0.34422274  0.34422274  0.35183068  0.34422274  0.34422274  0.34422274  0.09067601  0.08533413  0.01435727  0.00000000  0.00000000  0.00475468  
17_0_0     0.23211990  0.23211990  0.24523311  0.24523311  0.25187846  0.27907722  0.34422274  0.34422274  0.34422274  0.34422274  0.35183068  0.34422274  0.34422274  0.34422274  0.09067601  0.08533413  0.01435727  0.00000000  0.00000000  0.00475468  
19_0_0     0.22564997  0.22564997  0.23864727  0.23864727  0.24523311  0.27218263  0.35183068  0.35183068  0.35183068  0.35183068  0.35951815  0.35183068  0.35183068  0.33669271  0.09605698  0.09067601  0.01920600  0.00475468  0.00475468  0.00000000  

