20
2_0_0      0.00000000  0.00426750  0.00855953  0.40168367  0.32552911  0.31248047  0.35233133  0.33880992  0.33880992  0.37308409  0.37308409  0.38013191  0.38013191  0.44674894  0.41640517  0.38013191  0.38013191  0.38013191  0.38724692  0.30604070  
3_0_0      0.00426750  0.00000000  0.00426750  0.40900813  0.31897627  0.31897627  0.34554001  0.33880992  0.33880992  0.37308409  0.37308409  0.38013191  0.38013191  0.44674894  0.42387626  0.37308409  0.37308409  0.37308409  0.38013191  0.29965602  
1_0_0      0.00855953  0.00426750  0.00000000  0.40900813  0.31897627  0.31897627  0.34554001  0.33213998  0.33213998  0.36610220  0.38013191  0.38724692  0.38724692  0.43904657  0.41640517  0.38013191  0.38013191  0.38013191  0.38724692  0.29965602  
16_0_0     0.40168367  0.40900813  0.40900813  0.00000000  0.16612415  0.18224514  0.16082694  0.30604070  0.29332550  0.32552911  0.37308409  0.39443039  0.39443039  0.35233133  0.37308409  0.38724692  0.38724692  0.38724692  0.38724692  0.36610220  
6_0_0      0.32552911  0.31897627  0.31897627  0.16612415  0.00000000  0.10491153  0.06672528  0.22127271  0.23280879  0.26852700  0.28082327  0.30604070  0.30604070  0.35233133  0.36610220  0.33213998  0.33213998  0.33213998  0.33880992  0.28704821  
14_0_0     0.31248047  0.31897627  0.31897627  0.18224514  0.10491153  0.00000000  0.10982516  0.27464981  0.26245401  0.24452597  0.30604070  0.30604070  0.30604070  0.33880992  0.34554001  0.32552911  0.32552911  0.32552911  0.33213998  0.26245401  
15_0_0     0.35233133  0.34554001  0.34554001  0.16082694  0.06672528  0.10982516  0.00000000  0.25045426  0.25045426  0.27464981  0.25643002  0.28082327  0.28082327  0.34554001  0.37308409  0.31248047  0.31248047  0.31248047  0.30604070  0.29332550  
8_0_0      0.33880992  0.33880992  0.33213998  0.30604070  0.22127271  0.27464981  0.25045426  0.00000000  0.00855953  0.09518027  0.10491153  0.12980966  0.12980966  0.28704821  0.28704821  0.28082327  0.28082327  0.28082327  0.26245401  0.36610220  
18_0_0     0.33880992  0.33880992  0.33213998  0.29332550  0.23280879  0.26245401  0.25045426  0.00855953  0.00000000  0.08557424  0.11477135  0.12980966  0.12980966  0.27464981  0.28704821  0.28082327  0.28082327  0.28082327  0.26245401  0.36610220  
19_0_0     0.37308409  0.37308409  0.36610220  0.32552911  0.26852700  0.24452597  0.27464981  0.09518027  0.08557424  0.00000000  0.16612415  0.17683270  0.17683270  0.28704821  0.28704821  0.26852700  0.26852700  0.26852700  0.28704821  0.38013191  
7_0_0      0.37308409  0.37308409  0.38013191  0.37308409  0.28082327  0.30604070  0.25643002  0.10491153  0.11477135  0.16612415  0.00000000  0.02597881  0.02597881  0.36610220  0.36610220  0.29965602  0.29965602  0.29965602  0.27464981  0.38724692  
13_0_0     0.38013191  0.38013191  0.38724692  0.39443039  0.30604070  0.30604070  0.28082327  0.12980966  0.12980966  0.17683270  0.02597881  0.00000000  0.00000000  0.37308409  0.37308409  0.31897627  0.31897627  0.31897627  0.29332550  0.38724692  
9_0_0      0.38013191  0.38013191  0.38724692  0.39443039  0.30604070  0.30604070  0.28082327  0.12980966  0.12980966  0.17683270  0.02597881  0.00000000  0.00000000  0.37308409  0.37308409  0.31897627  0.31897627  0.31897627  0.29332550  0.38724692  
11_0_0     0.44674894  0.44674894  0.43904657  0.35233133  0.35233133  0.33880992  0.34554001  0.28704821  0.27464981  0.28704821  0.36610220  0.37308409  0.37308409  0.00000000  0.02597881  0.09518027  0.09518027  0.09518027  0.11477135  0.36610220  
17_0_0     0.41640517  0.42387626  0.41640517  0.37308409  0.36610220  0.34554001  0.37308409  0.28704821  0.28704821  0.28704821  0.36610220  0.37308409  0.37308409  0.02597881  0.00000000  0.09036180  0.09036180  0.09036180  0.10982516  0.37308409  
10_0_0     0.38013191  0.37308409  0.38013191  0.38724692  0.33213998  0.32552911  0.31248047  0.28082327  0.28082327  0.26852700  0.29965602  0.31897627  0.31897627  0.09518027  0.09036180  0.00000000  0.00000000  0.00000000  0.03484330  0.31897627  
12_0_0     0.38013191  0.37308409  0.38013191  0.38724692  0.33213998  0.32552911  0.31248047  0.28082327  0.28082327  0.26852700  0.29965602  0.31897627  0.31897627  0.09518027  0.09036180  0.00000000  0.00000000  0.00000000  0.03484330  0.31897627  
4_0_0      0.38013191  0.37308409  0.38013191  0.38724692  0.33213998  0.32552911  0.31248047  0.28082327  0.28082327  0.26852700  0.29965602  0.31897627  0.31897627  0.09518027  0.09036180  0.00000000  0.00000000  0.00000000  0.03484330  0.31897627  
5_0_0      0.38724692  0.38013191  0.38724692  0.38724692  0.33880992  0.33213998  0.30604070  0.26245401  0.26245401  0.28704821  0.27464981  0.29332550  0.29332550  0.11477135  0.10982516  0.03484330  0.03484330  0.03484330  0.00000000  0.31248047  
20_0_0     0.30604070  0.29965602  0.29965602  0.36610220  0.28704821  0.26245401  0.29332550  0.36610220  0.36610220  0.38013191  0.38724692  0.38724692  0.38724692  0.36610220  0.37308409  0.31897627  0.31897627  0.31897627  0.31248047  0.00000000  

