22
7_10_0     0.00000000  0.02299196  0.02299196  0.21749683  0.21246395  0.21246395  0.23280231  0.28069667  0.23280231  0.23797467  0.25371032  0.26978479  0.35579890  0.33778497  0.53335424  0.54110388  0.45998508  0.51057662  0.50313594  0.43254401  0.48847344  0.43254401  
9_10_0     0.02299196  0.00000000  0.00000000  0.19756573  0.19266501  0.19266501  0.21749683  0.28621301  0.23797467  0.23797467  0.23797467  0.25371032  0.33778497  0.32019548  0.51809220  0.54110388  0.45998508  0.52568422  0.51809220  0.44613847  0.48847344  0.44613847  
13_10_0    0.02299196  0.00000000  0.00000000  0.19756573  0.19266501  0.19266501  0.21749683  0.28621301  0.23797467  0.23797467  0.23797467  0.25371032  0.33778497  0.32019548  0.51809220  0.54110388  0.45998508  0.52568422  0.51809220  0.44613847  0.48847344  0.44613847  
8_14_0     0.21749683  0.19756573  0.19756573  0.00000000  0.02299196  0.02689375  0.09654860  0.21246395  0.14534984  0.14534984  0.13172093  0.13623631  0.25903011  0.26438808  0.41260551  0.48124878  0.34974583  0.40607595  0.39960301  0.38051426  0.41919269  0.43254401  
8_10_0     0.21246395  0.19266501  0.19266501  0.02299196  0.00000000  0.01911045  0.10518755  0.21246395  0.14534984  0.14534984  0.13172093  0.13623631  0.25903011  0.26438808  0.42583850  0.46700590  0.35579890  0.39318571  0.38682310  0.36805431  0.42583850  0.43254401  
18_10_0    0.21246395  0.19266501  0.19266501  0.02689375  0.01911045  0.00000000  0.10954481  0.21749683  0.14994867  0.14994867  0.13623631  0.14077917  0.25371032  0.26978479  0.43254401  0.45998508  0.34974583  0.38682310  0.38051426  0.37425829  0.43254401  0.42583850  
19_13_0    0.23280231  0.21749683  0.21749683  0.09654860  0.10518755  0.10954481  0.00000000  0.17815295  0.12723269  0.12723269  0.11833637  0.12277128  0.23280231  0.24842816  0.39960301  0.46700590  0.36190146  0.39960301  0.40607595  0.39318571  0.41919269  0.42583850  
19_16_0    0.28069667  0.28621301  0.28621301  0.21246395  0.21246395  0.21749683  0.17815295  0.00000000  0.20746477  0.21246395  0.18779624  0.18295903  0.32601271  0.34374144  0.47409338  0.45998508  0.44613847  0.43254401  0.45302967  0.42583850  0.50313594  0.43931030  
8_13_0     0.23280231  0.23797467  0.23797467  0.14534984  0.14534984  0.14994867  0.12723269  0.20746477  0.00000000  0.00378315  0.15457601  0.16863264  0.28621301  0.28069667  0.45302967  0.48847344  0.39960301  0.41919269  0.43254401  0.38051426  0.43931030  0.50313594  
18_13_0    0.23797467  0.23797467  0.23797467  0.14534984  0.14534984  0.14994867  0.12723269  0.21246395  0.00378315  0.00000000  0.15457601  0.16863264  0.29177042  0.28621301  0.45302967  0.48847344  0.39960301  0.42583850  0.43931030  0.38051426  0.43931030  0.51057662  
18_12_0    0.25371032  0.23797467  0.23797467  0.13172093  0.13172093  0.13623631  0.11833637  0.18779624  0.15457601  0.15457601  0.00000000  0.01140747  0.24318312  0.24842816  0.41919269  0.41260551  0.35579890  0.35579890  0.33778497  0.36190146  0.42583850  0.43254401  
8_12_0     0.26978479  0.25371032  0.25371032  0.13623631  0.13623631  0.14077917  0.12277128  0.18295903  0.16863264  0.16863264  0.01140747  0.00000000  0.25903011  0.26438808  0.42583850  0.43254401  0.36190146  0.36190146  0.35579890  0.36805431  0.43254401  0.42583850  
18_9_0     0.35579890  0.33778497  0.33778497  0.25903011  0.25903011  0.25371032  0.23280231  0.32601271  0.28621301  0.29177042  0.24318312  0.25903011  0.00000000  0.01911045  0.41260551  0.43931030  0.37425829  0.38051426  0.36190146  0.43254401  0.38051426  0.48124878  
8_9_0      0.33778497  0.32019548  0.32019548  0.26438808  0.26438808  0.26978479  0.24842816  0.34374144  0.28069667  0.28621301  0.24842816  0.26438808  0.01911045  0.00000000  0.41919269  0.44613847  0.38051426  0.38682310  0.38051426  0.43931030  0.38682310  0.47409338  
16_0_0     0.53335424  0.51809220  0.51809220  0.41260551  0.42583850  0.43254401  0.39960301  0.47409338  0.45302967  0.45302967  0.41919269  0.42583850  0.41260551  0.41919269  0.00000000  0.25903011  0.25903011  0.23797467  0.27522080  0.22256387  0.32019548  0.57293287  
15_4_0     0.54110388  0.54110388  0.54110388  0.48124878  0.46700590  0.45998508  0.46700590  0.45998508  0.48847344  0.48847344  0.41260551  0.43254401  0.43931030  0.44613847  0.25903011  0.00000000  0.16863264  0.11392765  0.11833637  0.17337762  0.21749683  0.54110388  
6_4_0      0.45998508  0.45998508  0.45998508  0.34974583  0.35579890  0.34974583  0.36190146  0.44613847  0.39960301  0.39960301  0.35579890  0.36190146  0.37425829  0.38051426  0.25903011  0.16863264  0.00000000  0.11833637  0.12277128  0.18295903  0.20249884  0.58937116  
14_7_0     0.51057662  0.52568422  0.52568422  0.40607595  0.39318571  0.38682310  0.39960301  0.43254401  0.41919269  0.42583850  0.35579890  0.36190146  0.38051426  0.38682310  0.23797467  0.11392765  0.11833637  0.00000000  0.03475904  0.15923221  0.19266501  0.54110388  
14_4_0     0.50313594  0.51809220  0.51809220  0.39960301  0.38682310  0.38051426  0.40607595  0.45302967  0.43254401  0.43931030  0.33778497  0.35579890  0.36190146  0.38051426  0.27522080  0.11833637  0.12277128  0.03475904  0.00000000  0.18295903  0.20746477  0.55684876  
14_0_0     0.43254401  0.44613847  0.44613847  0.38051426  0.36805431  0.37425829  0.39318571  0.42583850  0.38051426  0.38051426  0.36190146  0.36805431  0.43254401  0.43931030  0.22256387  0.17337762  0.18295903  0.15923221  0.18295903  0.00000000  0.19756573  0.51809220  
15_5_0     0.48847344  0.48847344  0.48847344  0.41919269  0.42583850  0.43254401  0.41919269  0.50313594  0.43931030  0.43931030  0.42583850  0.43254401  0.38051426  0.38682310  0.32019548  0.21749683  0.20249884  0.19266501  0.20746477  0.19756573  0.00000000  0.57293287  
20_3_0     0.43254401  0.44613847  0.44613847  0.43254401  0.43254401  0.42583850  0.42583850  0.43931030  0.50313594  0.51057662  0.43254401  0.42583850  0.48124878  0.47409338  0.57293287  0.54110388  0.58937116  0.54110388  0.55684876  0.51809220  0.57293287  0.00000000  

