104
89_18_0    0.00000000  0.33077790  0.42548075  0.34763864  0.37661998  0.36489131  0.36489131  0.35334509  0.42548075  0.42548075  0.43821559  0.39456797  0.37073248  0.38853696  0.37661998  0.51245323  0.47778598  0.57925204  0.49839144  0.65266226  0.68777452  0.62737683  0.61913622  0.57925204  0.54881928  0.58705926  0.55631129  0.58705926  0.61098609  0.57925204  0.58705926  0.63570997  0.51958529  0.54140214  0.52678656  0.57925204  0.57925204  0.57152607  0.55631129  0.60292448  0.59494948  0.50538903  0.45773712  0.47778598  0.47778598  0.47778598  0.46436009  0.60292448  0.50538903  0.53405837  0.49839144  0.49839144  0.52678656  0.57925204  0.53405837  0.53405837  0.54881928  0.54140214  0.51245323  0.51245323  0.50538903  0.51245323  0.49145920  0.49839144  0.48459111  0.56387970  0.53405837  0.57152607  0.54140214  0.41296073  0.53405837  0.60292448  0.59494948  0.64413772  0.64413772  0.64413772  0.65266226  0.67001078  0.64413772  0.62737683  0.64413772  0.64413772  0.65266226  0.66128584  0.70597382  0.71524359  0.70597382  0.70597382  0.61913622  0.66128584  0.59494948  0.61098609  0.64413772  0.47778598  0.52678656  0.52678656  0.52678656  0.67883951  0.68777452  0.68777452  0.61098609  0.64413772  0.61913622  0.61913622  
100_0_0    0.33077790  0.00000000  0.17586545  0.10289944  0.10289944  0.14063365  0.14928606  0.15365039  0.24185626  0.22239557  0.20343209  0.17136893  0.15365039  0.18952080  0.17136893  0.49839144  0.51245323  0.54881928  0.40064839  0.60292448  0.65266226  0.57152607  0.60292448  0.51958529  0.49839144  0.51958529  0.54881928  0.59494948  0.57152607  0.60292448  0.62737683  0.65266226  0.52678656  0.53405837  0.50538903  0.58705926  0.58705926  0.58705926  0.55631129  0.57925204  0.58705926  0.57925204  0.52678656  0.49145920  0.51958529  0.47778598  0.46436009  0.55631129  0.58705926  0.57925204  0.57925204  0.57925204  0.54881928  0.54881928  0.60292448  0.47778598  0.49145920  0.48459111  0.51958529  0.51245323  0.48459111  0.50538903  0.47104268  0.47104268  0.46436009  0.51958529  0.52678656  0.55631129  0.54881928  0.37661998  0.40064839  0.53405837  0.52678656  0.53405837  0.54140214  0.55631129  0.54881928  0.59494948  0.60292448  0.58705926  0.58705926  0.58705926  0.60292448  0.61098609  0.69681839  0.67883951  0.68777452  0.66128584  0.63570997  0.67001078  0.64413772  0.64413772  0.69681839  0.59494948  0.57925204  0.61913622  0.60292448  0.73413783  0.74376843  0.72463059  0.69681839  0.76341278  0.76341278  0.68777452  
86_0_0     0.42548075  0.17586545  0.00000000  0.11526559  0.11943384  0.18952080  0.17586545  0.18952080  0.31429166  0.29286460  0.27203877  0.21285327  0.23206214  0.26692235  0.24680222  0.54140214  0.55631129  0.61098609  0.46436009  0.61913622  0.61913622  0.61913622  0.64413772  0.58705926  0.59494948  0.61098609  0.61913622  0.64413772  0.65266226  0.62737683  0.63570997  0.73413783  0.64413772  0.63570997  0.59494948  0.60292448  0.60292448  0.67883951  0.66128584  0.62737683  0.64413772  0.59494948  0.58705926  0.57152607  0.58705926  0.53405837  0.53405837  0.61913622  0.65266226  0.62737683  0.57925204  0.57925204  0.66128584  0.67001078  0.65266226  0.58705926  0.60292448  0.59494948  0.59494948  0.55631129  0.57925204  0.61098609  0.57925204  0.54881928  0.54881928  0.61098609  0.63570997  0.62737683  0.56387970  0.45117273  0.51958529  0.59494948  0.58705926  0.63570997  0.62737683  0.61098609  0.61913622  0.64413772  0.63570997  0.61913622  0.64413772  0.64413772  0.64413772  0.65266226  0.77343343  0.78359121  0.71524359  0.69681839  0.73413783  0.73413783  0.68777452  0.68777452  0.74376843  0.67001078  0.67001078  0.71524359  0.69681839  0.75352562  0.76341278  0.76341278  0.74376843  0.70597382  0.69681839  0.66128584  
95_17_0    0.34763864  0.10289944  0.11526559  0.00000000  0.05157296  0.14063365  0.14928606  0.16245679  0.29816366  0.25178135  0.25178135  0.17586545  0.17586545  0.21285327  0.20812773  0.50538903  0.51245323  0.57925204  0.45117273  0.57152607  0.61098609  0.60292448  0.61098609  0.58705926  0.56387970  0.59494948  0.61913622  0.57152607  0.56387970  0.60292448  0.61098609  0.64413772  0.57152607  0.56387970  0.54881928  0.54140214  0.55631129  0.61913622  0.60292448  0.61098609  0.61913622  0.57925204  0.51958529  0.47778598  0.51958529  0.48459111  0.47104268  0.54140214  0.63570997  0.61098609  0.53405837  0.53405837  0.57925204  0.56387970  0.61098609  0.53405837  0.52678656  0.51958529  0.51958529  0.51245323  0.47104268  0.49145920  0.48459111  0.49145920  0.47104268  0.54140214  0.56387970  0.56387970  0.55631129  0.37661998  0.42548075  0.59494948  0.58705926  0.62737683  0.61913622  0.61913622  0.62737683  0.63570997  0.62737683  0.61098609  0.65266226  0.65266226  0.63570997  0.64413772  0.77343343  0.73413783  0.71524359  0.69681839  0.72463059  0.68777452  0.71524359  0.67883951  0.69681839  0.64413772  0.66128584  0.68777452  0.67001078  0.82567226  0.83657616  0.81492623  0.73413783  0.70597382  0.72463059  0.69681839  
95_0_0     0.37661998  0.10289944  0.11943384  0.05157296  0.00000000  0.14063365  0.13208093  0.14494725  0.29286460  0.25178135  0.24185626  0.15804053  0.17586545  0.21760908  0.22721312  0.49145920  0.54140214  0.60292448  0.46436009  0.61098609  0.67001078  0.64413772  0.64413772  0.55631129  0.54881928  0.56387970  0.61913622  0.60292448  0.59494948  0.60292448  0.61098609  0.67883951  0.57925204  0.58705926  0.53405837  0.57152607  0.57152607  0.61913622  0.59494948  0.60292448  0.59494948  0.57925204  0.51958529  0.49145920  0.51958529  0.49839144  0.48459111  0.56387970  0.62737683  0.60292448  0.54881928  0.54881928  0.62737683  0.63570997  0.61913622  0.50538903  0.50538903  0.49839144  0.51958529  0.49839144  0.49839144  0.51958529  0.52678656  0.53405837  0.52678656  0.53405837  0.54140214  0.57152607  0.57925204  0.39456797  0.44466589  0.59494948  0.58705926  0.61098609  0.60292448  0.61913622  0.61098609  0.65266226  0.64413772  0.62737683  0.65266226  0.65266226  0.61913622  0.62737683  0.78359121  0.72463059  0.70597382  0.68777452  0.70597382  0.71524359  0.73413783  0.66128584  0.72463059  0.64413772  0.63570997  0.68777452  0.67001078  0.83657616  0.82567226  0.80433356  0.69681839  0.74376843  0.74376843  0.68777452  
68_0_0     0.36489131  0.14063365  0.18952080  0.14063365  0.14063365  0.00000000  0.08672535  0.09882276  0.28237865  0.25178135  0.23694305  0.19876596  0.20812773  0.22721312  0.20812773  0.54881928  0.54140214  0.65266226  0.47104268  0.60292448  0.69681839  0.61913622  0.60292448  0.58705926  0.57925204  0.58705926  0.64413772  0.61098609  0.59494948  0.64413772  0.65266226  0.69681839  0.61098609  0.61913622  0.61098609  0.62737683  0.61913622  0.67001078  0.63570997  0.66128584  0.63570997  0.57925204  0.57152607  0.55631129  0.56387970  0.51958529  0.51958529  0.70597382  0.68777452  0.67883951  0.61098609  0.61098609  0.56387970  0.54140214  0.61098609  0.54140214  0.57152607  0.56387970  0.56387970  0.54140214  0.52678656  0.54881928  0.53405837  0.51958529  0.51958529  0.54881928  0.57152607  0.59494948  0.58705926  0.45773712  0.47104268  0.59494948  0.58705926  0.61098609  0.60292448  0.62737683  0.61913622  0.63570997  0.62737683  0.61098609  0.62737683  0.62737683  0.64413772  0.65266226  0.74376843  0.71524359  0.66128584  0.64413772  0.67883951  0.69681839  0.73413783  0.68777452  0.72463059  0.65266226  0.65266226  0.70597382  0.68777452  0.80433356  0.81492623  0.81492623  0.67883951  0.76341278  0.79388993  0.70597382  
88_0_0     0.36489131  0.14928606  0.17586545  0.14928606  0.13208093  0.08672535  0.00000000  0.01801034  0.27203877  0.28237865  0.25679411  0.18038938  0.18952080  0.26692235  0.22721312  0.57152607  0.57152607  0.62737683  0.47104268  0.61913622  0.71524359  0.65266226  0.60292448  0.57925204  0.57925204  0.59494948  0.62737683  0.62737683  0.61913622  0.64413772  0.61913622  0.72463059  0.62737683  0.65266226  0.59494948  0.62737683  0.62737683  0.64413772  0.62737683  0.65266226  0.66128584  0.59494948  0.58705926  0.54881928  0.57152607  0.52678656  0.52678656  0.67001078  0.66128584  0.63570997  0.59494948  0.58705926  0.59494948  0.58705926  0.61098609  0.55631129  0.57152607  0.56387970  0.56387970  0.52678656  0.54140214  0.56387970  0.53405837  0.56387970  0.52678656  0.58705926  0.58705926  0.63570997  0.63570997  0.44466589  0.49839144  0.61913622  0.61098609  0.63570997  0.62737683  0.65266226  0.64413772  0.65266226  0.61913622  0.60292448  0.61913622  0.61913622  0.61913622  0.62737683  0.69681839  0.70597382  0.70597382  0.68777452  0.71524359  0.77343343  0.73413783  0.63570997  0.68777452  0.61913622  0.65266226  0.69681839  0.67883951  0.75352562  0.74376843  0.74376843  0.69681839  0.75352562  0.73413783  0.69681839  
93_0_0     0.35334509  0.15365039  0.18952080  0.16245679  0.14494725  0.09882276  0.01801034  0.00000000  0.27719071  0.27719071  0.26184096  0.19876596  0.20343209  0.28237865  0.23694305  0.56387970  0.57925204  0.61098609  0.46436009  0.61098609  0.72463059  0.66128584  0.59494948  0.59494948  0.59494948  0.58705926  0.63570997  0.62737683  0.61913622  0.64413772  0.61913622  0.75352562  0.62737683  0.65266226  0.58705926  0.65266226  0.65266226  0.63570997  0.61098609  0.66128584  0.65266226  0.58705926  0.59494948  0.57152607  0.59494948  0.54881928  0.54881928  0.71524359  0.67001078  0.66128584  0.63570997  0.61098609  0.60292448  0.61098609  0.63570997  0.56387970  0.57925204  0.57152607  0.57152607  0.56387970  0.56387970  0.58705926  0.57152607  0.58705926  0.56387970  0.58705926  0.58705926  0.63570997  0.61913622  0.45117273  0.49839144  0.61098609  0.60292448  0.64413772  0.63570997  0.66128584  0.65266226  0.67883951  0.62737683  0.61098609  0.62737683  0.62737683  0.64413772  0.63570997  0.68777452  0.69681839  0.69681839  0.67883951  0.72463059  0.76341278  0.74376843  0.67001078  0.71524359  0.61098609  0.64413772  0.68777452  0.67001078  0.74376843  0.73413783  0.73413783  0.69681839  0.72463059  0.70597382  0.67001078  
90_16_0    0.42548075  0.24185626  0.31429166  0.29816366  0.29286460  0.28237865  0.27203877  0.27719071  0.00000000  0.13208093  0.09073595  0.23206214  0.23694305  0.27719071  0.22239557  0.51245323  0.54881928  0.57152607  0.49145920  0.63570997  0.68777452  0.55631129  0.60292448  0.60292448  0.57925204  0.57925204  0.57925204  0.65266226  0.62737683  0.61098609  0.59494948  0.69681839  0.59494948  0.59494948  0.61098609  0.67883951  0.67001078  0.67883951  0.65266226  0.61913622  0.64413772  0.61913622  0.54881928  0.53405837  0.57152607  0.53405837  0.54881928  0.65266226  0.61913622  0.58705926  0.59494948  0.59494948  0.57925204  0.64413772  0.67883951  0.57152607  0.55631129  0.56387970  0.59494948  0.57152607  0.60292448  0.62737683  0.51245323  0.55631129  0.56387970  0.56387970  0.54881928  0.58705926  0.63570997  0.45773712  0.55631129  0.61913622  0.61098609  0.59494948  0.60292448  0.57152607  0.56387970  0.62737683  0.61098609  0.59494948  0.60292448  0.60292448  0.63570997  0.62737683  0.63570997  0.67883951  0.64413772  0.64413772  0.64413772  0.65266226  0.68777452  0.69681839  0.73413783  0.59494948  0.62737683  0.64413772  0.62737683  0.79388993  0.78359121  0.77343343  0.74376843  0.67883951  0.67883951  0.67883951  
84_16_0    0.42548075  0.22239557  0.29286460  0.25178135  0.25178135  0.25178135  0.28237865  0.27719071  0.13208093  0.00000000  0.06310643  0.21760908  0.20343209  0.23206214  0.20343209  0.49839144  0.54881928  0.62737683  0.49145920  0.59494948  0.67001078  0.59494948  0.66128584  0.57152607  0.55631129  0.57152607  0.61098609  0.63570997  0.62737683  0.61913622  0.61913622  0.69681839  0.61913622  0.61098609  0.55631129  0.66128584  0.63570997  0.62737683  0.61913622  0.59494948  0.58705926  0.57152607  0.53405837  0.49839144  0.54881928  0.52678656  0.51245323  0.66128584  0.63570997  0.65266226  0.61098609  0.62737683  0.56387970  0.61098609  0.70597382  0.57152607  0.57925204  0.57152607  0.57925204  0.58705926  0.54140214  0.57152607  0.54140214  0.55631129  0.54140214  0.63570997  0.62737683  0.65266226  0.62737683  0.47778598  0.54140214  0.60292448  0.59494948  0.61913622  0.61098609  0.59494948  0.57152607  0.65266226  0.61913622  0.60292448  0.66128584  0.66128584  0.67883951  0.67001078  0.70597382  0.71524359  0.66128584  0.64413772  0.69681839  0.65266226  0.73413783  0.71524359  0.73413783  0.61913622  0.63570997  0.65266226  0.63570997  0.87028318  0.88186781  0.90559402  0.75352562  0.72463059  0.74376843  0.70597382  
80_16_0    0.43821559  0.20343209  0.27203877  0.25178135  0.24185626  0.23694305  0.25679411  0.26184096  0.09073595  0.06310643  0.00000000  0.18494105  0.16245679  0.21760908  0.19876596  0.50538903  0.57152607  0.62737683  0.47104268  0.60292448  0.67883951  0.59494948  0.65266226  0.61913622  0.58705926  0.64413772  0.62737683  0.62737683  0.61913622  0.61098609  0.57925204  0.67001078  0.60292448  0.59494948  0.58705926  0.67883951  0.67001078  0.65266226  0.64413772  0.59494948  0.61913622  0.57152607  0.54881928  0.50538903  0.54140214  0.51958529  0.50538903  0.66128584  0.63570997  0.61913622  0.61913622  0.61913622  0.55631129  0.60292448  0.63570997  0.53405837  0.54140214  0.53405837  0.57925204  0.55631129  0.57925204  0.60292448  0.51958529  0.54881928  0.52678656  0.61098609  0.60292448  0.64413772  0.62737683  0.47104268  0.57152607  0.57925204  0.57152607  0.57925204  0.58705926  0.56387970  0.54881928  0.64413772  0.61098609  0.59494948  0.61913622  0.61913622  0.63570997  0.62737683  0.69681839  0.70597382  0.62737683  0.61098609  0.64413772  0.67001078  0.68777452  0.74376843  0.77343343  0.61913622  0.63570997  0.65266226  0.63570997  0.88186781  0.87028318  0.87028318  0.73413783  0.70597382  0.72463059  0.68777452  
90_0_0     0.39456797  0.17136893  0.21285327  0.17586545  0.15804053  0.19876596  0.18038938  0.19876596  0.23206214  0.21760908  0.18494105  0.00000000  0.05157296  0.12362564  0.18494105  0.48459111  0.50538903  0.61098609  0.49145920  0.63570997  0.72463059  0.64413772  0.68777452  0.57925204  0.57152607  0.59494948  0.61913622  0.67001078  0.66128584  0.66128584  0.65266226  0.67883951  0.55631129  0.55631129  0.59494948  0.59494948  0.59494948  0.61098609  0.57925204  0.57925204  0.57152607  0.55631129  0.61913622  0.55631129  0.61913622  0.60292448  0.58705926  0.63570997  0.69681839  0.67883951  0.63570997  0.63570997  0.66128584  0.64413772  0.65266226  0.61098609  0.60292448  0.59494948  0.56387970  0.52678656  0.57152607  0.57925204  0.52678656  0.51245323  0.50538903  0.61913622  0.62737683  0.63570997  0.64413772  0.45773712  0.53405837  0.61098609  0.60292448  0.64413772  0.65266226  0.63570997  0.62737683  0.65266226  0.64413772  0.62737683  0.61913622  0.61913622  0.63570997  0.63570997  0.72463059  0.72463059  0.66128584  0.66128584  0.66128584  0.67883951  0.71524359  0.67883951  0.67883951  0.63570997  0.65266226  0.68777452  0.67001078  0.84764262  0.83657616  0.83657616  0.72463059  0.66128584  0.69681839  0.62737683  
80_0_0     0.37073248  0.15365039  0.23206214  0.17586545  0.17586545  0.20812773  0.18952080  0.20343209  0.23694305  0.20343209  0.16245679  0.05157296  0.00000000  0.09073595  0.16689949  0.46436009  0.48459111  0.57925204  0.46436009  0.63570997  0.68777452  0.61913622  0.65266226  0.60292448  0.57925204  0.63570997  0.61913622  0.66128584  0.65266226  0.67001078  0.64413772  0.67883951  0.52678656  0.52678656  0.59494948  0.59494948  0.61098609  0.61098609  0.58705926  0.57925204  0.58705926  0.55631129  0.59494948  0.52678656  0.58705926  0.57152607  0.55631129  0.61913622  0.67001078  0.65266226  0.61098609  0.61098609  0.62737683  0.64413772  0.63570997  0.58705926  0.56387970  0.55631129  0.55631129  0.53405837  0.57925204  0.58705926  0.53405837  0.53405837  0.51245323  0.62737683  0.63570997  0.64413772  0.63570997  0.43821559  0.51245323  0.55631129  0.54881928  0.58705926  0.59494948  0.57152607  0.57152607  0.63570997  0.63570997  0.61913622  0.61913622  0.61913622  0.61913622  0.62737683  0.68777452  0.67001078  0.61913622  0.63570997  0.63570997  0.66128584  0.67883951  0.67001078  0.68777452  0.56387970  0.59494948  0.61098609  0.59494948  0.83657616  0.82567226  0.82567226  0.76341278  0.66128584  0.66128584  0.62737683  
84_0_0     0.38853696  0.18952080  0.26692235  0.21285327  0.21760908  0.22721312  0.26692235  0.28237865  0.27719071  0.23206214  0.21760908  0.12362564  0.09073595  0.00000000  0.20343209  0.47104268  0.51958529  0.64413772  0.55631129  0.72463059  0.67883951  0.66128584  0.72463059  0.67001078  0.64413772  0.70597382  0.66128584  0.67001078  0.67883951  0.68777452  0.72463059  0.66128584  0.55631129  0.55631129  0.64413772  0.61098609  0.62737683  0.71524359  0.66128584  0.67883951  0.68777452  0.61913622  0.65266226  0.61913622  0.65266226  0.63570997  0.61913622  0.69681839  0.76341278  0.72463059  0.62737683  0.62737683  0.64413772  0.69681839  0.73413783  0.65266226  0.67883951  0.67001078  0.63570997  0.61098609  0.61098609  0.61098609  0.56387970  0.56387970  0.55631129  0.62737683  0.65266226  0.69681839  0.67001078  0.46436009  0.51245323  0.61098609  0.60292448  0.64413772  0.65266226  0.63570997  0.62737683  0.69681839  0.70597382  0.68777452  0.69681839  0.69681839  0.67883951  0.68777452  0.69681839  0.67001078  0.65266226  0.65266226  0.64413772  0.67001078  0.69681839  0.69681839  0.72463059  0.61913622  0.64413772  0.65266226  0.65266226  0.79388993  0.80433356  0.82567226  0.77343343  0.72463059  0.71524359  0.70597382  
75_0_0     0.37661998  0.17136893  0.24680222  0.20812773  0.22721312  0.20812773  0.22721312  0.23694305  0.22239557  0.20343209  0.19876596  0.18494105  0.16689949  0.20343209  0.00000000  0.51958529  0.49839144  0.59494948  0.45117273  0.62737683  0.65266226  0.58705926  0.62737683  0.62737683  0.62737683  0.62737683  0.65266226  0.64413772  0.61913622  0.67001078  0.65266226  0.67883951  0.59494948  0.59494948  0.57925204  0.69681839  0.68777452  0.63570997  0.60292448  0.61913622  0.64413772  0.64413772  0.56387970  0.49145920  0.51245323  0.52678656  0.52678656  0.61098609  0.61913622  0.60292448  0.58705926  0.60292448  0.57925204  0.61098609  0.61098609  0.56387970  0.55631129  0.54881928  0.53405837  0.53405837  0.51245323  0.51958529  0.54881928  0.53405837  0.53405837  0.57925204  0.60292448  0.61098609  0.59494948  0.45117273  0.54140214  0.66128584  0.65266226  0.62737683  0.63570997  0.64413772  0.64413772  0.61098609  0.62737683  0.61098609  0.65266226  0.65266226  0.64413772  0.65266226  0.69681839  0.65266226  0.68777452  0.67001078  0.70597382  0.69681839  0.70597382  0.68777452  0.67001078  0.57925204  0.57925204  0.61098609  0.59494948  0.80433356  0.80433356  0.82567226  0.74376843  0.72463059  0.74376843  0.67883951  
87_15_0    0.51245323  0.49839144  0.54140214  0.50538903  0.49145920  0.54881928  0.57152607  0.56387970  0.51245323  0.49839144  0.50538903  0.48459111  0.46436009  0.47104268  0.51958529  0.00000000  0.13634497  0.60292448  0.43182086  0.59494948  0.62737683  0.61098609  0.66128584  0.53405837  0.53405837  0.57152607  0.54881928  0.60292448  0.61913622  0.61098609  0.61098609  0.61098609  0.47104268  0.46436009  0.49839144  0.62737683  0.63570997  0.51245323  0.53405837  0.51958529  0.52678656  0.51245323  0.49839144  0.45773712  0.49145920  0.48459111  0.50538903  0.52678656  0.48459111  0.49145920  0.53405837  0.54881928  0.55631129  0.57925204  0.53405837  0.47104268  0.51958529  0.51245323  0.45117273  0.43821559  0.47778598  0.49839144  0.47778598  0.48459111  0.45117273  0.46436009  0.45773712  0.48459111  0.52678656  0.41296073  0.41919434  0.52678656  0.51958529  0.54881928  0.54140214  0.55631129  0.54140214  0.53405837  0.53405837  0.53405837  0.55631129  0.55631129  0.53405837  0.52678656  0.66128584  0.65266226  0.61098609  0.61098609  0.57152607  0.57925204  0.61913622  0.55631129  0.58705926  0.54881928  0.51245323  0.56387970  0.56387970  0.74376843  0.73413783  0.74376843  0.56387970  0.65266226  0.63570997  0.64413772  
87_14_0    0.47778598  0.51245323  0.55631129  0.51245323  0.54140214  0.54140214  0.57152607  0.57925204  0.54881928  0.54881928  0.57152607  0.50538903  0.48459111  0.51958529  0.49839144  0.13634497  0.00000000  0.56387970  0.43821559  0.58705926  0.66128584  0.58705926  0.62737683  0.50538903  0.50538903  0.53405837  0.52678656  0.61098609  0.61098609  0.61913622  0.61098609  0.64413772  0.45773712  0.45117273  0.51958529  0.66128584  0.67001078  0.53405837  0.55631129  0.57152607  0.56387970  0.54140214  0.55631129  0.47778598  0.49145920  0.48459111  0.50538903  0.51958529  0.52678656  0.51958529  0.53405837  0.53405837  0.54881928  0.57152607  0.55631129  0.53405837  0.54881928  0.54140214  0.50538903  0.47778598  0.49145920  0.49839144  0.49839144  0.51245323  0.47104268  0.43821559  0.43182086  0.43182086  0.46436009  0.40677903  0.44466589  0.54881928  0.54140214  0.56387970  0.55631129  0.55631129  0.54140214  0.52678656  0.52678656  0.52678656  0.54881928  0.54881928  0.51958529  0.51245323  0.63570997  0.62737683  0.63570997  0.65266226  0.61913622  0.65266226  0.58705926  0.54881928  0.58705926  0.54140214  0.49145920  0.54140214  0.54140214  0.73413783  0.73413783  0.78359121  0.61098609  0.66128584  0.62737683  0.61098609  
35_0_0     0.57925204  0.54881928  0.61098609  0.57925204  0.60292448  0.65266226  0.62737683  0.61098609  0.57152607  0.62737683  0.62737683  0.61098609  0.57925204  0.64413772  0.59494948  0.60292448  0.56387970  0.00000000  0.30350081  0.44466589  0.50538903  0.43182086  0.43182086  0.51245323  0.50538903  0.46436009  0.48459111  0.49145920  0.50538903  0.51245323  0.50538903  0.55631129  0.47104268  0.47104268  0.44466589  0.47104268  0.48459111  0.49839144  0.47104268  0.45773712  0.48459111  0.50538903  0.40677903  0.41296073  0.44466589  0.40677903  0.41919434  0.47104268  0.45773712  0.45773712  0.49839144  0.48459111  0.42548075  0.45773712  0.51958529  0.45117273  0.45773712  0.45117273  0.45773712  0.44466589  0.44466589  0.45773712  0.41919434  0.42548075  0.42548075  0.46436009  0.45117273  0.42548075  0.46436009  0.38853696  0.37661998  0.60292448  0.60292448  0.58705926  0.58705926  0.51958529  0.53405837  0.61098609  0.62737683  0.62737683  0.61098609  0.61098609  0.64413772  0.65266226  0.61098609  0.67001078  0.64413772  0.62737683  0.59494948  0.61913622  0.67001078  0.59494948  0.61098609  0.54140214  0.57925204  0.52678656  0.51958529  0.67001078  0.67001078  0.67883951  0.76341278  0.59494948  0.62737683  0.56387970  
23_0_0     0.49839144  0.40064839  0.46436009  0.45117273  0.46436009  0.47104268  0.47104268  0.46436009  0.49145920  0.49145920  0.47104268  0.49145920  0.46436009  0.55631129  0.45117273  0.43182086  0.43821559  0.30350081  0.00000000  0.35909575  0.49145920  0.40677903  0.43182086  0.45773712  0.45773712  0.43821559  0.42548075  0.38255455  0.38853696  0.36489131  0.36489131  0.42548075  0.32524170  0.33635570  0.32524170  0.40064839  0.40677903  0.37073248  0.38853696  0.36489131  0.37661998  0.34197573  0.33635570  0.28760311  0.29286460  0.26184096  0.28237865  0.40064839  0.33635570  0.34197573  0.45117273  0.43821559  0.35334509  0.34197573  0.40064839  0.32524170  0.34763864  0.34197573  0.29816366  0.28760311  0.30887663  0.33077790  0.30887663  0.30350081  0.28237865  0.31429166  0.30887663  0.31974649  0.34763864  0.22721312  0.25178135  0.45773712  0.45773712  0.45773712  0.45773712  0.44466589  0.43821559  0.45773712  0.45773712  0.45773712  0.46436009  0.46436009  0.48459111  0.49145920  0.63570997  0.61913622  0.56387970  0.53405837  0.52678656  0.54140214  0.51958529  0.51245323  0.54140214  0.43182086  0.47104268  0.43182086  0.41919434  0.67001078  0.67883951  0.68777452  0.57925204  0.57925204  0.54140214  0.52678656  
16_0_0     0.65266226  0.60292448  0.61913622  0.57152607  0.61098609  0.60292448  0.61913622  0.61098609  0.63570997  0.59494948  0.60292448  0.63570997  0.63570997  0.72463059  0.62737683  0.59494948  0.58705926  0.44466589  0.35909575  0.00000000  0.21285327  0.17586545  0.16689949  0.49839144  0.49839144  0.46436009  0.50538903  0.53405837  0.54881928  0.55631129  0.54140214  0.50538903  0.48459111  0.47778598  0.41919434  0.46436009  0.46436009  0.41919434  0.43821559  0.41296073  0.44466589  0.41296073  0.40677903  0.35909575  0.35909575  0.37661998  0.37661998  0.46436009  0.45117273  0.43182086  0.46436009  0.45773712  0.43821559  0.40677903  0.47104268  0.44466589  0.43182086  0.42548075  0.40677903  0.41296073  0.40677903  0.40677903  0.41919434  0.40064839  0.40064839  0.50538903  0.49839144  0.48459111  0.47778598  0.41919434  0.38853696  0.51958529  0.51958529  0.56387970  0.55631129  0.56387970  0.55631129  0.54140214  0.53405837  0.51958529  0.54140214  0.54140214  0.56387970  0.55631129  0.72463059  0.76341278  0.66128584  0.62737683  0.67883951  0.60292448  0.62737683  0.63570997  0.62737683  0.56387970  0.60292448  0.56387970  0.56387970  0.76341278  0.77343343  0.78359121  0.66128584  0.61098609  0.61913622  0.56387970  
15_0_0     0.68777452  0.65266226  0.61913622  0.61098609  0.67001078  0.69681839  0.71524359  0.72463059  0.68777452  0.67001078  0.67883951  0.72463059  0.68777452  0.67883951  0.65266226  0.62737683  0.66128584  0.50538903  0.49145920  0.21285327  0.00000000  0.13208093  0.14928606  0.57925204  0.57152607  0.57152607  0.54140214  0.58705926  0.62737683  0.54881928  0.57152607  0.57152607  0.57152607  0.56387970  0.51958529  0.55631129  0.54140214  0.56387970  0.57152607  0.55631129  0.57152607  0.52678656  0.41296073  0.45773712  0.46436009  0.45117273  0.46436009  0.54140214  0.50538903  0.48459111  0.52678656  0.52678656  0.51958529  0.54881928  0.57152607  0.54140214  0.58705926  0.57925204  0.51958529  0.51245323  0.50538903  0.51958529  0.47778598  0.47104268  0.46436009  0.57925204  0.57925204  0.57925204  0.54881928  0.46436009  0.45117273  0.61098609  0.61098609  0.65266226  0.66128584  0.61913622  0.62737683  0.73413783  0.74376843  0.72463059  0.70597382  0.70597382  0.74376843  0.75352562  0.82567226  0.83657616  0.79388993  0.77343343  0.73413783  0.72463059  0.67883951  0.74376843  0.78359121  0.67001078  0.67001078  0.66128584  0.67883951  0.75352562  0.76341278  0.78359121  0.74376843  0.75352562  0.72463059  0.77343343  
19_0_0     0.62737683  0.57152607  0.61913622  0.60292448  0.64413772  0.61913622  0.65266226  0.66128584  0.55631129  0.59494948  0.59494948  0.64413772  0.61913622  0.66128584  0.58705926  0.61098609  0.58705926  0.43182086  0.40677903  0.17586545  0.13208093  0.00000000  0.05539757  0.48459111  0.49839144  0.47104268  0.49145920  0.54140214  0.54140214  0.49145920  0.51958529  0.54140214  0.49145920  0.48459111  0.48459111  0.50538903  0.49145920  0.49839144  0.50538903  0.49145920  0.50538903  0.49145920  0.41296073  0.40677903  0.42548075  0.41296073  0.42548075  0.51245323  0.45773712  0.43821559  0.47778598  0.47778598  0.47104268  0.44466589  0.51958529  0.49839144  0.51245323  0.50538903  0.50538903  0.48459111  0.47778598  0.48459111  0.47104268  0.43821559  0.45117273  0.47778598  0.47778598  0.49145920  0.49839144  0.41296073  0.40677903  0.52678656  0.52678656  0.54140214  0.54881928  0.52678656  0.53405837  0.59494948  0.61098609  0.59494948  0.56387970  0.56387970  0.64413772  0.65266226  0.68777452  0.72463059  0.67001078  0.63570997  0.62737683  0.67883951  0.64413772  0.60292448  0.67001078  0.54881928  0.55631129  0.56387970  0.56387970  0.73413783  0.74376843  0.76341278  0.69681839  0.60292448  0.59494948  0.61913622  
42_0_0     0.61913622  0.60292448  0.64413772  0.61098609  0.64413772  0.60292448  0.60292448  0.59494948  0.60292448  0.66128584  0.65266226  0.68777452  0.65266226  0.72463059  0.62737683  0.66128584  0.62737683  0.43182086  0.43182086  0.16689949  0.14928606  0.05539757  0.00000000  0.51958529  0.53405837  0.49145920  0.52678656  0.54140214  0.54140214  0.50538903  0.51958529  0.51245323  0.51245323  0.51958529  0.48459111  0.51958529  0.50538903  0.50538903  0.50538903  0.50538903  0.50538903  0.49145920  0.40064839  0.40677903  0.41296073  0.42548075  0.43821559  0.57152607  0.47104268  0.47778598  0.49145920  0.49145920  0.45773712  0.44466589  0.52678656  0.47104268  0.49839144  0.49145920  0.49145920  0.48459111  0.47778598  0.48459111  0.47104268  0.43821559  0.46436009  0.48459111  0.48459111  0.49145920  0.51958529  0.41919434  0.41919434  0.52678656  0.52678656  0.54140214  0.54881928  0.54140214  0.54881928  0.60292448  0.61098609  0.59494948  0.56387970  0.56387970  0.59494948  0.60292448  0.71524359  0.75352562  0.67883951  0.64413772  0.62737683  0.71524359  0.63570997  0.59494948  0.64413772  0.56387970  0.60292448  0.60292448  0.60292448  0.75352562  0.74376843  0.76341278  0.69681839  0.61098609  0.58705926  0.59494948  
38_0_0     0.57925204  0.51958529  0.58705926  0.58705926  0.55631129  0.58705926  0.57925204  0.59494948  0.60292448  0.57152607  0.61913622  0.57925204  0.60292448  0.67001078  0.62737683  0.53405837  0.50538903  0.51245323  0.45773712  0.49839144  0.57925204  0.48459111  0.51958529  0.00000000  0.02533865  0.05157296  0.08273630  0.52678656  0.54140214  0.54881928  0.57925204  0.57152607  0.57152607  0.55631129  0.49839144  0.51245323  0.48459111  0.52678656  0.49145920  0.50538903  0.52678656  0.50538903  0.49839144  0.47104268  0.49839144  0.43821559  0.46436009  0.62737683  0.51958529  0.52678656  0.50538903  0.49839144  0.54881928  0.56387970  0.54881928  0.51245323  0.51958529  0.51245323  0.54140214  0.50538903  0.51245323  0.52678656  0.49145920  0.47778598  0.48459111  0.47778598  0.47778598  0.47778598  0.51958529  0.50538903  0.48459111  0.67883951  0.67883951  0.65266226  0.66128584  0.67883951  0.68777452  0.73413783  0.70597382  0.70597382  0.67001078  0.67001078  0.77343343  0.76341278  0.77343343  0.74376843  0.73413783  0.71524359  0.72463059  0.65266226  0.77343343  0.62737683  0.62737683  0.57925204  0.56387970  0.61098609  0.59494948  0.80433356  0.81492623  0.82567226  0.69681839  0.77343343  0.79388993  0.72463059  
7_0_0      0.54881928  0.49839144  0.59494948  0.56387970  0.54881928  0.57925204  0.57925204  0.59494948  0.57925204  0.55631129  0.58705926  0.57152607  0.57925204  0.64413772  0.62737683  0.53405837  0.50538903  0.50538903  0.45773712  0.49839144  0.57152607  0.49839144  0.53405837  0.02533865  0.00000000  0.06310643  0.09476834  0.52678656  0.54140214  0.54881928  0.56387970  0.59494948  0.54140214  0.52678656  0.47778598  0.49145920  0.47778598  0.51958529  0.48459111  0.49839144  0.53405837  0.48459111  0.50538903  0.46436009  0.48459111  0.44466589  0.45773712  0.60292448  0.52678656  0.52678656  0.48459111  0.49145920  0.55631129  0.57152607  0.57152607  0.47778598  0.49839144  0.49145920  0.53405837  0.49839144  0.49145920  0.50538903  0.47104268  0.45773712  0.47778598  0.48459111  0.48459111  0.48459111  0.49839144  0.48459111  0.45117273  0.66128584  0.66128584  0.63570997  0.64413772  0.66128584  0.67001078  0.73413783  0.70597382  0.70597382  0.67001078  0.67001078  0.75352562  0.74376843  0.78359121  0.75352562  0.72463059  0.70597382  0.70597382  0.66128584  0.73413783  0.62737683  0.62737683  0.58705926  0.58705926  0.61913622  0.60292448  0.80433356  0.81492623  0.82567226  0.68777452  0.72463059  0.74376843  0.67883951  
27_0_0     0.58705926  0.51958529  0.61098609  0.59494948  0.56387970  0.58705926  0.59494948  0.58705926  0.57925204  0.57152607  0.64413772  0.59494948  0.63570997  0.70597382  0.62737683  0.57152607  0.53405837  0.46436009  0.43821559  0.46436009  0.57152607  0.47104268  0.49145920  0.05157296  0.06310643  0.00000000  0.08672535  0.51958529  0.53405837  0.52678656  0.55631129  0.54140214  0.51958529  0.50538903  0.44466589  0.47104268  0.44466589  0.47778598  0.44466589  0.46436009  0.47104268  0.46436009  0.50538903  0.49839144  0.50538903  0.46436009  0.49145920  0.63570997  0.49839144  0.51958529  0.50538903  0.49145920  0.52678656  0.54140214  0.59494948  0.49839144  0.50538903  0.49839144  0.51958529  0.49839144  0.49839144  0.51245323  0.47778598  0.49145920  0.49839144  0.43821559  0.42548075  0.43821559  0.45773712  0.49145920  0.46436009  0.64413772  0.64413772  0.64413772  0.65266226  0.67001078  0.67883951  0.68777452  0.67883951  0.67883951  0.62737683  0.62737683  0.74376843  0.73413783  0.72463059  0.69681839  0.67883951  0.67001078  0.70597382  0.61098609  0.72463059  0.61913622  0.61913622  0.56387970  0.56387970  0.59494948  0.57925204  0.78359121  0.79388993  0.80433356  0.68777452  0.68777452  0.69681839  0.66128584  
53_0_0     0.55631129  0.54881928  0.61913622  0.61913622  0.61913622  0.64413772  0.62737683  0.63570997  0.57925204  0.61098609  0.62737683  0.61913622  0.61913622  0.66128584  0.65266226  0.54881928  0.52678656  0.48459111  0.42548075  0.50538903  0.54140214  0.49145920  0.52678656  0.08273630  0.09476834  0.08672535  0.00000000  0.49839144  0.51958529  0.53405837  0.54881928  0.55631129  0.54881928  0.53405837  0.47778598  0.46436009  0.46436009  0.50538903  0.47104268  0.51958529  0.54881928  0.51245323  0.49839144  0.45773712  0.49839144  0.41296073  0.43821559  0.64413772  0.50538903  0.49839144  0.48459111  0.47104268  0.55631129  0.58705926  0.55631129  0.52678656  0.53405837  0.52678656  0.54140214  0.50538903  0.51958529  0.53405837  0.46436009  0.45117273  0.45773712  0.47104268  0.45773712  0.49839144  0.49839144  0.46436009  0.48459111  0.68777452  0.68777452  0.65266226  0.66128584  0.64413772  0.67001078  0.71524359  0.70597382  0.70597382  0.67001078  0.67001078  0.75352562  0.74376843  0.81492623  0.75352562  0.70597382  0.70597382  0.74376843  0.64413772  0.71524359  0.58705926  0.60292448  0.55631129  0.54140214  0.57152607  0.57152607  0.79388993  0.80433356  0.81492623  0.74376843  0.72463059  0.70597382  0.69681839  
43_0_0     0.58705926  0.59494948  0.64413772  0.57152607  0.60292448  0.61098609  0.62737683  0.62737683  0.65266226  0.63570997  0.62737683  0.67001078  0.66128584  0.67001078  0.64413772  0.60292448  0.61098609  0.49145920  0.38255455  0.53405837  0.58705926  0.54140214  0.54140214  0.52678656  0.52678656  0.51958529  0.49839144  0.00000000  0.04021596  0.05157296  0.06699110  0.40064839  0.43182086  0.43821559  0.45117273  0.44466589  0.43821559  0.48459111  0.49839144  0.51958529  0.51958529  0.45773712  0.40064839  0.41919434  0.41919434  0.37661998  0.38255455  0.57152607  0.49839144  0.49145920  0.51245323  0.51958529  0.45117273  0.47778598  0.54881928  0.43182086  0.47104268  0.46436009  0.45773712  0.44466589  0.45117273  0.45773712  0.45117273  0.41296073  0.43821559  0.48459111  0.47778598  0.54140214  0.50538903  0.42548075  0.45773712  0.61913622  0.61913622  0.60292448  0.60292448  0.58705926  0.59494948  0.65266226  0.61098609  0.61098609  0.62737683  0.62737683  0.67001078  0.67883951  0.78359121  0.75352562  0.76341278  0.72463059  0.68777452  0.68777452  0.67001078  0.67883951  0.63570997  0.57152607  0.54881928  0.59494948  0.59494948  0.73413783  0.74376843  0.72463059  0.67001078  0.68777452  0.66128584  0.70597382  
63_0_0     0.61098609  0.57152607  0.65266226  0.56387970  0.59494948  0.59494948  0.61913622  0.61913622  0.62737683  0.62737683  0.61913622  0.66128584  0.65266226  0.67883951  0.61913622  0.61913622  0.61098609  0.50538903  0.38853696  0.54881928  0.62737683  0.54140214  0.54140214  0.54140214  0.54140214  0.53405837  0.51958529  0.04021596  0.00000000  0.08273630  0.09882276  0.46436009  0.45117273  0.45773712  0.48459111  0.47104268  0.46436009  0.51958529  0.51958529  0.55631129  0.57152607  0.50538903  0.43182086  0.43821559  0.45117273  0.40677903  0.41296073  0.59494948  0.54881928  0.54140214  0.54140214  0.54140214  0.47778598  0.50538903  0.58705926  0.45117273  0.47778598  0.47104268  0.47104268  0.44466589  0.46436009  0.46436009  0.47104268  0.43182086  0.45773712  0.49839144  0.49145920  0.55631129  0.50538903  0.42548075  0.47104268  0.58705926  0.58705926  0.57152607  0.57152607  0.55631129  0.57925204  0.61913622  0.57925204  0.57925204  0.59494948  0.59494948  0.64413772  0.65266226  0.77343343  0.72463059  0.73413783  0.68777452  0.68777452  0.68777452  0.67001078  0.67883951  0.65266226  0.61913622  0.60292448  0.62737683  0.62737683  0.74376843  0.75352562  0.73413783  0.72463059  0.67883951  0.69681839  0.70597382  
21_0_0     0.57925204  0.60292448  0.62737683  0.60292448  0.60292448  0.64413772  0.64413772  0.64413772  0.61098609  0.61913622  0.61098609  0.66128584  0.67001078  0.68777452  0.67001078  0.61098609  0.61913622  0.51245323  0.36489131  0.55631129  0.54881928  0.49145920  0.50538903  0.54881928  0.54881928  0.52678656  0.53405837  0.05157296  0.08273630  0.00000000  0.02903012  0.42548075  0.42548075  0.43182086  0.44466589  0.44466589  0.42548075  0.49145920  0.49145920  0.50538903  0.49145920  0.45117273  0.38853696  0.43182086  0.43182086  0.40064839  0.40677903  0.59494948  0.47778598  0.47778598  0.50538903  0.50538903  0.45773712  0.49839144  0.56387970  0.45773712  0.51958529  0.51245323  0.44466589  0.41919434  0.43182086  0.43821559  0.42548075  0.41296073  0.43821559  0.45773712  0.45117273  0.50538903  0.47778598  0.40677903  0.45117273  0.57925204  0.57925204  0.60292448  0.60292448  0.57152607  0.57925204  0.64413772  0.61913622  0.61913622  0.61913622  0.61913622  0.67883951  0.68777452  0.79388993  0.78359121  0.75352562  0.73413783  0.67001078  0.70597382  0.63570997  0.67883951  0.67883951  0.55631129  0.54881928  0.57925204  0.57925204  0.74376843  0.75352562  0.73413783  0.68777452  0.73413783  0.68777452  0.79388993  
31_0_0     0.58705926  0.62737683  0.63570997  0.61098609  0.61098609  0.65266226  0.61913622  0.61913622  0.59494948  0.61913622  0.57925204  0.65266226  0.64413772  0.72463059  0.65266226  0.61098609  0.61098609  0.50538903  0.36489131  0.54140214  0.57152607  0.51958529  0.51958529  0.57925204  0.56387970  0.55631129  0.54881928  0.06699110  0.09882276  0.02903012  0.00000000  0.44466589  0.41296073  0.41919434  0.42548075  0.44466589  0.43821559  0.47104268  0.48459111  0.49839144  0.48459111  0.41919434  0.39456797  0.40064839  0.40064839  0.38255455  0.38853696  0.55631129  0.47104268  0.47104268  0.49839144  0.49839144  0.45773712  0.49839144  0.54881928  0.45117273  0.49839144  0.49145920  0.42548075  0.40064839  0.42548075  0.43182086  0.43821559  0.41919434  0.44466589  0.45773712  0.45117273  0.50538903  0.47104268  0.40064839  0.47104268  0.59494948  0.59494948  0.61913622  0.61913622  0.58705926  0.59494948  0.62737683  0.60292448  0.60292448  0.60292448  0.60292448  0.64413772  0.65266226  0.76341278  0.75352562  0.71524359  0.69681839  0.67883951  0.74376843  0.64413772  0.66128584  0.67883951  0.55631129  0.56387970  0.57925204  0.57925204  0.76341278  0.75352562  0.75352562  0.67883951  0.71524359  0.65266226  0.75352562  
