15
73_0_0     0.00000000  0.01933594  0.21580217  0.21070149  0.21580217  0.21580217  0.20563595  0.22093846  0.22093846  0.20563595  0.22611089  0.22093846  0.22093846  0.20563595  0.20563595  
54_0_0     0.01933594  0.00000000  0.21070149  0.20563595  0.20060505  0.21070149  0.19064535  0.21580217  0.23656617  0.20060505  0.23131995  0.22611089  0.22093846  0.21070149  0.20060505  
50_2_0     0.21580217  0.21070149  0.00000000  0.01933594  0.05547581  0.05137144  0.15681169  0.15681169  0.17112167  0.17595422  0.16632067  0.17112167  0.15681169  0.16155081  0.13356361  
97_2_0     0.21070149  0.20563595  0.01933594  0.00000000  0.03517927  0.03118633  0.14277484  0.14742409  0.16632067  0.17112167  0.16155081  0.16632067  0.15210291  0.14742409  0.11995953  
97_4_0     0.21580217  0.20060505  0.05547581  0.03517927  0.00000000  0.01933594  0.11548018  0.14277484  0.17595422  0.17595422  0.17112167  0.17595422  0.16155081  0.15681169  0.11102796  
50_4_0     0.21580217  0.21070149  0.05137144  0.03118633  0.01933594  0.00000000  0.13356361  0.14277484  0.17595422  0.18571563  0.17112167  0.17595422  0.17112167  0.16632067  0.11995953  
14_1_0     0.20563595  0.19064535  0.15681169  0.14277484  0.11548018  0.13356361  0.00000000  0.09783075  0.13356361  0.12446632  0.12900090  0.12446632  0.11102796  0.09783075  0.06792815  
14_0_0     0.22093846  0.21580217  0.15681169  0.14742409  0.14277484  0.14277484  0.09783075  0.00000000  0.05547581  0.06792815  0.05137144  0.05547581  0.05137144  0.03517927  0.11548018  
12_0_0     0.22093846  0.23656617  0.17112167  0.16632067  0.17595422  0.17595422  0.13356361  0.05547581  0.00000000  0.02721495  0.00382673  0.00767348  0.02721495  0.05137144  0.13815481  
20_0_0     0.20563595  0.20060505  0.17595422  0.17112167  0.17595422  0.18571563  0.12446632  0.06792815  0.02721495  0.00000000  0.02326489  0.02721495  0.03919402  0.06375390  0.14277484  
22_0_0     0.22611089  0.23131995  0.16632067  0.16155081  0.17112167  0.17112167  0.12900090  0.05137144  0.00382673  0.02326489  0.00000000  0.00382673  0.02326489  0.04728986  0.13356361  
11_0_0     0.22093846  0.22611089  0.17112167  0.16632067  0.17595422  0.17595422  0.12446632  0.05547581  0.00767348  0.02721495  0.00382673  0.00000000  0.02721495  0.05137144  0.12900090  
21_0_0     0.22093846  0.22093846  0.15681169  0.15210291  0.16155081  0.17112167  0.11102796  0.05137144  0.02721495  0.03919402  0.02326489  0.02721495  0.00000000  0.03919402  0.11102796  
24_0_0     0.20563595  0.21070149  0.16155081  0.14742409  0.15681169  0.16632067  0.09783075  0.03517927  0.05137144  0.06375390  0.04728986  0.05137144  0.03919402  0.00000000  0.10220356  
2_0_0      0.20563595  0.20060505  0.13356361  0.11995953  0.11102796  0.11995953  0.06792815  0.11548018  0.13815481  0.14277484  0.13356361  0.12900090  0.11102796  0.10220356  0.00000000  

