103
37_0_0     0.00000000  0.09070492  0.09473443  0.30847879  0.18480646  0.18480646  0.34148031  0.41842175  0.37014217  0.29250964  0.27687507  0.28205028  0.28726164  0.27687507  0.30311768  0.31387869  0.39994896  0.34148031  0.56237856  0.56997804  0.53273166  0.49725622  0.69436651  0.49725622  0.50421768  0.47675321  0.49725622  0.62545832  0.52550037  0.56237856  0.49725622  0.48352515  0.49725622  0.54003370  0.50421768  0.53273166  0.51833849  0.56237856  0.55485568  0.54740789  0.51833849  0.50421768  0.58541318  0.54003370  0.56237856  0.54740789  0.49725622  0.69436651  0.58541318  0.51124468  0.56997804  0.60117432  0.65911735  0.56997804  0.53273166  0.52550037  0.69436651  0.58541318  0.56997804  0.57765570  0.56997804  0.60918151  0.60918151  0.64209808  0.63373183  0.62545832  0.65055920  0.52550037  0.62545832  0.54740789  0.56237856  0.55485568  0.49035911  0.58541318  0.63373183  0.62545832  0.66777478  0.69436651  0.64209808  0.64209808  0.60918151  0.70344524  0.64209808  0.65911735  0.68539690  0.55485568  0.56237856  0.54740789  0.57765570  0.56997804  0.57765570  0.56997804  0.63373183  0.60918151  0.60918151  0.62545832  0.49725622  0.54740789  0.54003370  0.68539690  0.65055920  0.68539690  0.62545832  
19_0_0     0.09070492  0.00000000  0.01075326  0.31387869  0.18026160  0.18026160  0.25652580  0.35854500  0.31387869  0.26663107  0.26156133  0.24655554  0.26156133  0.26156133  0.27687507  0.28726164  0.34712529  0.33587771  0.60117432  0.60918151  0.56997804  0.54740789  0.65055920  0.49035911  0.53273166  0.49725622  0.47675321  0.53273166  0.49035911  0.53273166  0.44378572  0.44378572  0.44378572  0.49035911  0.49035911  0.47675321  0.47675321  0.54740789  0.54003370  0.49035911  0.50421768  0.51124468  0.56997804  0.49725622  0.53273166  0.51833849  0.52550037  0.65055920  0.63373183  0.52550037  0.56237856  0.59325214  0.65911735  0.54003370  0.59325214  0.56997804  0.73136354  0.61727554  0.58541318  0.56237856  0.55485568  0.61727554  0.61727554  0.66777478  0.60918151  0.60117432  0.68539690  0.56997804  0.60918151  0.57765570  0.57765570  0.56997804  0.50421768  0.54740789  0.62545832  0.60918151  0.65055920  0.67653383  0.62545832  0.65911735  0.56237856  0.67653383  0.60117432  0.61727554  0.62545832  0.56237856  0.55485568  0.56997804  0.56997804  0.53273166  0.54003370  0.56237856  0.59325214  0.61727554  0.56997804  0.60117432  0.50421768  0.50421768  0.54740789  0.71263577  0.66777478  0.67653383  0.65055920  
45_0_0     0.09473443  0.01075326  0.00000000  0.30847879  0.18480646  0.18480646  0.27173549  0.36432105  0.33031686  0.27173549  0.26663107  0.25152402  0.25652580  0.26663107  0.27173549  0.29250964  0.34148031  0.33587771  0.60117432  0.60918151  0.58541318  0.54740789  0.65911735  0.48352515  0.52550037  0.51124468  0.47675321  0.52550037  0.49035911  0.54003370  0.43736345  0.43736345  0.43736345  0.49725622  0.47004217  0.47004217  0.47004217  0.54003370  0.53273166  0.47004217  0.48352515  0.50421768  0.57765570  0.47675321  0.51124468  0.49725622  0.53273166  0.64209808  0.64209808  0.53273166  0.55485568  0.58541318  0.66777478  0.56237856  0.58541318  0.57765570  0.71263577  0.62545832  0.59325214  0.57765570  0.56997804  0.60117432  0.60117432  0.65055920  0.60918151  0.60117432  0.68539690  0.57765570  0.63373183  0.56997804  0.58541318  0.57765570  0.49035911  0.56997804  0.62545832  0.60918151  0.63373183  0.67653383  0.62545832  0.65911735  0.57765570  0.67653383  0.60117432  0.61727554  0.61727554  0.56237856  0.56997804  0.58541318  0.56997804  0.53273166  0.54003370  0.57765570  0.59325214  0.63373183  0.58541318  0.60918151  0.50421768  0.50421768  0.52550037  0.70344524  0.67653383  0.68539690  0.65055920  
14_0_0     0.30847879  0.31387869  0.30847879  0.00000000  0.31931794  0.31931794  0.41842175  0.41842175  0.45679847  0.39994896  0.38788301  0.41842175  0.39389160  0.43099598  0.39389160  0.43736345  0.46339094  0.47004217  0.66777478  0.65911735  0.69436651  0.62545832  0.75057340  0.61727554  0.73136354  0.67653383  0.65055920  0.62545832  0.60117432  0.60918151  0.59325214  0.57765570  0.59325214  0.58541318  0.53273166  0.58541318  0.58541318  0.67653383  0.65055920  0.64209808  0.62545832  0.63373183  0.61727554  0.62545832  0.66777478  0.65911735  0.56997804  0.70344524  0.65055920  0.56237856  0.60918151  0.62545832  0.69436651  0.58541318  0.56997804  0.57765570  0.60117432  0.62545832  0.60117432  0.56997804  0.55485568  0.64209808  0.64209808  0.65911735  0.65055920  0.65911735  0.66777478  0.66777478  0.68539690  0.62545832  0.65055920  0.63373183  0.50421768  0.61727554  0.82199171  0.80087964  0.78034844  0.85482377  0.77029085  0.79054344  0.80087964  0.72194091  0.75057340  0.78034844  0.70344524  0.78034844  0.64209808  0.65055920  0.67653383  0.74090666  0.75057340  0.75057340  0.66777478  0.64209808  0.68539690  0.67653383  0.54740789  0.63373183  0.57765570  0.70344524  0.72194091  0.79054344  0.65911735  
42_0_0     0.18480646  0.18026160  0.18480646  0.31931794  0.00000000  0.00000000  0.29250964  0.36432105  0.35281330  0.29250964  0.28726164  0.29250964  0.27173549  0.30311768  0.26663107  0.26663107  0.33587771  0.36432105  0.47004217  0.45026373  0.51124468  0.46339094  0.64209808  0.48352515  0.49035911  0.49035911  0.47004217  0.55485568  0.54740789  0.62545832  0.49725622  0.50421768  0.51833849  0.54003370  0.49035911  0.55485568  0.56997804  0.57765570  0.55485568  0.53273166  0.49725622  0.50421768  0.54740789  0.51833849  0.53273166  0.51833849  0.54740789  0.73136354  0.65055920  0.51124468  0.57765570  0.56237856  0.62545832  0.54740789  0.56997804  0.57765570  0.73136354  0.60918151  0.60117432  0.54003370  0.53273166  0.65911735  0.64209808  0.68539690  0.63373183  0.62545832  0.66777478  0.56997804  0.62545832  0.59325214  0.60918151  0.60117432  0.47675321  0.56997804  0.62545832  0.60918151  0.66777478  0.66777478  0.64209808  0.67653383  0.66777478  0.68539690  0.66777478  0.66777478  0.68539690  0.58541318  0.59325214  0.60918151  0.59325214  0.64209808  0.65055920  0.58541318  0.58541318  0.51833849  0.49035911  0.51124468  0.48352515  0.49035911  0.52550037  0.76036701  0.72194091  0.70344524  0.62545832  
54_0_0     0.18480646  0.18026160  0.18480646  0.31931794  0.00000000  0.00000000  0.29250964  0.36432105  0.35281330  0.29250964  0.28726164  0.29250964  0.27173549  0.30311768  0.26663107  0.26663107  0.33587771  0.36432105  0.47004217  0.45026373  0.51124468  0.46339094  0.64209808  0.48352515  0.49035911  0.49035911  0.47004217  0.55485568  0.54740789  0.62545832  0.49725622  0.50421768  0.51833849  0.54003370  0.49035911  0.55485568  0.56997804  0.57765570  0.55485568  0.53273166  0.49725622  0.50421768  0.54740789  0.51833849  0.53273166  0.51833849  0.54740789  0.73136354  0.65055920  0.51124468  0.57765570  0.56237856  0.62545832  0.54740789  0.56997804  0.57765570  0.73136354  0.60918151  0.60117432  0.54003370  0.53273166  0.65911735  0.64209808  0.68539690  0.63373183  0.62545832  0.66777478  0.56997804  0.62545832  0.59325214  0.60918151  0.60117432  0.47675321  0.56997804  0.62545832  0.60918151  0.66777478  0.66777478  0.64209808  0.67653383  0.66777478  0.68539690  0.66777478  0.66777478  0.68539690  0.58541318  0.59325214  0.60918151  0.59325214  0.64209808  0.65055920  0.58541318  0.58541318  0.51833849  0.49035911  0.51124468  0.48352515  0.49035911  0.52550037  0.76036701  0.72194091  0.70344524  0.62545832  
25_0_0     0.34148031  0.25652580  0.27173549  0.41842175  0.29250964  0.29250964  0.00000000  0.16235401  0.16679079  0.18480646  0.18480646  0.15355882  0.18026160  0.17574426  0.17125409  0.16679079  0.31931794  0.36432105  0.60918151  0.60918151  0.59325214  0.62545832  0.64209808  0.53273166  0.61727554  0.60918151  0.54740789  0.53273166  0.50421768  0.54740789  0.52550037  0.53273166  0.53273166  0.54003370  0.58541318  0.54003370  0.54740789  0.62545832  0.59325214  0.55485568  0.56237856  0.54740789  0.57765570  0.56237856  0.56237856  0.55485568  0.60918151  0.64209808  0.60918151  0.54740789  0.65055920  0.64209808  0.75057340  0.52550037  0.61727554  0.62545832  0.80087964  0.65055920  0.65055920  0.60918151  0.60918151  0.64209808  0.62545832  0.65055920  0.65055920  0.65911735  0.60918151  0.58541318  0.56237856  0.60918151  0.63373183  0.62545832  0.60918151  0.60117432  0.67653383  0.65911735  0.67653383  0.71263577  0.66777478  0.66777478  0.60117432  0.66777478  0.62545832  0.64209808  0.60918151  0.58541318  0.62545832  0.60117432  0.60918151  0.56997804  0.57765570  0.69436651  0.60918151  0.59325214  0.59325214  0.60918151  0.53273166  0.51833849  0.55485568  0.77029085  0.74090666  0.66777478  0.64209808  
77_0_0     0.41842175  0.35854500  0.36432105  0.41842175  0.36432105  0.36432105  0.16235401  0.00000000  0.15355882  0.26663107  0.29250964  0.27687507  0.30311768  0.30311768  0.27173549  0.26156133  0.34712529  0.43099598  0.75057340  0.75057340  0.76036701  0.73136354  0.61727554  0.60918151  0.71263577  0.65055920  0.66777478  0.63373183  0.54740789  0.65055920  0.50421768  0.54003370  0.54003370  0.58541318  0.58541318  0.57765570  0.61727554  0.62545832  0.60918151  0.59325214  0.56997804  0.54740789  0.62545832  0.56997804  0.56997804  0.56237856  0.60918151  0.70344524  0.62545832  0.55485568  0.63373183  0.64209808  0.88916703  0.65055920  0.68539690  0.68539690  0.84371848  0.75057340  0.74090666  0.67653383  0.66777478  0.74090666  0.74090666  0.72194091  0.75057340  0.74090666  0.65911735  0.65911735  0.65911735  0.65055920  0.74090666  0.73136354  0.58541318  0.61727554  0.70344524  0.68539690  0.70344524  0.71263577  0.70344524  0.70344524  0.67653383  0.70344524  0.72194091  0.71263577  0.65911735  0.60117432  0.74090666  0.71263577  0.68539690  0.74090666  0.75057340  0.79054344  0.66777478  0.68539690  0.68539690  0.70344524  0.56237856  0.61727554  0.61727554  0.74090666  0.74090666  0.68539690  0.65055920  
40_0_0     0.37014217  0.31387869  0.33031686  0.45679847  0.35281330  0.35281330  0.16679079  0.15355882  0.00000000  0.28205028  0.30311768  0.28726164  0.30847879  0.29779481  0.28726164  0.24655554  0.35281330  0.45026373  0.64209808  0.61727554  0.65911735  0.66777478  0.67653383  0.60918151  0.64209808  0.63373183  0.67653383  0.60117432  0.57765570  0.60918151  0.51833849  0.56237856  0.54740789  0.55485568  0.62545832  0.56237856  0.56997804  0.57765570  0.57765570  0.53273166  0.53273166  0.55485568  0.56237856  0.53273166  0.53273166  0.54003370  0.59325214  0.73136354  0.61727554  0.57765570  0.62545832  0.65055920  0.75057340  0.65911735  0.67653383  0.65055920  0.82199171  0.70344524  0.71263577  0.64209808  0.62545832  0.76036701  0.74090666  0.75057340  0.75057340  0.74090666  0.64209808  0.61727554  0.59325214  0.63373183  0.68539690  0.67653383  0.63373183  0.63373183  0.68539690  0.68539690  0.74090666  0.74090666  0.69436651  0.69436651  0.65911735  0.69436651  0.65911735  0.65055920  0.65055920  0.60918151  0.79054344  0.68539690  0.73136354  0.62545832  0.66777478  0.69436651  0.59325214  0.70344524  0.65055920  0.65055920  0.56997804  0.58541318  0.62545832  0.74090666  0.73136354  0.67653383  0.61727554  
81_0_0     0.29250964  0.26663107  0.27173549  0.39994896  0.29250964  0.29250964  0.18480646  0.26663107  0.28205028  0.00000000  0.04021000  0.03646369  0.04775952  0.05538619  0.06697436  0.07874532  0.34712529  0.38788301  0.63373183  0.66777478  0.64209808  0.65911735  0.63373183  0.53273166  0.55485568  0.53273166  0.49725622  0.55485568  0.50421768  0.54003370  0.53273166  0.53273166  0.59325214  0.52550037  0.49725622  0.56237856  0.54740789  0.63373183  0.64209808  0.60117432  0.51833849  0.51833849  0.55485568  0.59325214  0.56237856  0.54003370  0.56237856  0.64209808  0.65055920  0.54003370  0.56997804  0.57765570  0.74090666  0.59325214  0.66777478  0.64209808  0.73136354  0.56997804  0.57765570  0.52550037  0.51124468  0.57765570  0.59325214  0.62545832  0.62545832  0.63373183  0.65911735  0.55485568  0.55485568  0.52550037  0.56997804  0.56237856  0.51124468  0.60918151  0.65055920  0.63373183  0.64209808  0.70344524  0.60918151  0.64209808  0.60117432  0.63373183  0.67653383  0.69436651  0.59325214  0.60117432  0.58541318  0.60117432  0.60117432  0.56997804  0.56237856  0.62545832  0.60117432  0.59325214  0.62545832  0.67653383  0.49035911  0.51124468  0.51124468  0.77029085  0.72194091  0.69436651  0.64209808  
75_0_0     0.27687507  0.26156133  0.26663107  0.38788301  0.28726164  0.28726164  0.18480646  0.29250964  0.30311768  0.04021000  0.00000000  0.02533630  0.04397521  0.04397521  0.05538619  0.08271060  0.34148031  0.36432105  0.60117432  0.62545832  0.60117432  0.64209808  0.62545832  0.53273166  0.54003370  0.51833849  0.49725622  0.55485568  0.47675321  0.54740789  0.55485568  0.54003370  0.58541318  0.53273166  0.50421768  0.55485568  0.54003370  0.59325214  0.60117432  0.59325214  0.51833849  0.49725622  0.55485568  0.56997804  0.56237856  0.54740789  0.55485568  0.64209808  0.61727554  0.51833849  0.55485568  0.56237856  0.78034844  0.57765570  0.63373183  0.60918151  0.72194091  0.61727554  0.60918151  0.58541318  0.56997804  0.64209808  0.65911735  0.68539690  0.67653383  0.68539690  0.66777478  0.56237856  0.57765570  0.54740789  0.57765570  0.56997804  0.52550037  0.62545832  0.65055920  0.63373183  0.62545832  0.68539690  0.60918151  0.62545832  0.56237856  0.65911735  0.61727554  0.63373183  0.61727554  0.61727554  0.56237856  0.55485568  0.57765570  0.56237856  0.55485568  0.63373183  0.60117432  0.60918151  0.66777478  0.71263577  0.50421768  0.52550037  0.49725622  0.77029085  0.70344524  0.67653383  0.59325214  
69_0_0     0.28205028  0.24655554  0.25152402  0.41842175  0.29250964  0.29250964  0.15355882  0.27687507  0.28726164  0.03646369  0.02533630  0.00000000  0.02533630  0.02533630  0.05156311  0.07874532  0.33031686  0.35854500  0.60918151  0.64209808  0.61727554  0.65055920  0.64209808  0.53273166  0.55485568  0.54740789  0.49725622  0.55485568  0.49035911  0.53273166  0.52550037  0.52550037  0.56997804  0.55485568  0.51833849  0.55485568  0.54003370  0.60918151  0.61727554  0.59325214  0.53273166  0.51124468  0.54003370  0.58541318  0.57765570  0.54740789  0.56997804  0.62545832  0.63373183  0.51833849  0.56237856  0.56997804  0.76036701  0.57765570  0.66777478  0.62545832  0.75057340  0.60117432  0.60918151  0.56997804  0.55485568  0.61727554  0.63373183  0.65911735  0.63373183  0.64209808  0.65911735  0.56237856  0.56237856  0.54740789  0.57765570  0.56997804  0.54003370  0.62545832  0.63373183  0.61727554  0.62545832  0.68539690  0.62545832  0.62545832  0.57765570  0.65911735  0.63373183  0.65055920  0.60117432  0.61727554  0.57765570  0.58541318  0.59325214  0.56237856  0.56997804  0.66777478  0.59325214  0.60117432  0.64209808  0.70344524  0.51124468  0.50421768  0.53273166  0.79054344  0.72194091  0.66777478  0.59325214  
18_0_0     0.28726164  0.26156133  0.25652580  0.39389160  0.27173549  0.27173549  0.18026160  0.30311768  0.30847879  0.04775952  0.04397521  0.02533630  0.00000000  0.02902703  0.05538619  0.09878582  0.30847879  0.37600904  0.58541318  0.61727554  0.62545832  0.60918151  0.66777478  0.52550037  0.54003370  0.52550037  0.49035911  0.54740789  0.51124468  0.53273166  0.52550037  0.51124468  0.56997804  0.56237856  0.49035911  0.54003370  0.52550037  0.60918151  0.60117432  0.57765570  0.51833849  0.51124468  0.55485568  0.58541318  0.56237856  0.53273166  0.56997804  0.65055920  0.65911735  0.51833849  0.55485568  0.56237856  0.72194091  0.60918151  0.68539690  0.67653383  0.71263577  0.58541318  0.59325214  0.56997804  0.55485568  0.63373183  0.65055920  0.67653383  0.65055920  0.65911735  0.67653383  0.57765570  0.57765570  0.56237856  0.59325214  0.58541318  0.52550037  0.62545832  0.64209808  0.62545832  0.63373183  0.69436651  0.63373183  0.63373183  0.58541318  0.66777478  0.64209808  0.65911735  0.60918151  0.63373183  0.56237856  0.56997804  0.62545832  0.57765570  0.56997804  0.63373183  0.60117432  0.60918151  0.63373183  0.68539690  0.51833849  0.52550037  0.52550037  0.77029085  0.70344524  0.69436651  0.59325214  
33_0_0     0.27687507  0.26156133  0.26663107  0.43099598  0.30311768  0.30311768  0.17574426  0.30311768  0.29779481  0.05538619  0.04397521  0.02533630  0.02902703  0.00000000  0.07087742  0.09878582  0.32479714  0.37014217  0.60117432  0.64209808  0.59325214  0.63373183  0.69436651  0.52550037  0.56237856  0.54740789  0.51833849  0.54740789  0.51124468  0.54003370  0.54740789  0.54003370  0.58541318  0.55485568  0.52550037  0.56237856  0.54740789  0.61727554  0.62545832  0.58541318  0.54740789  0.50421768  0.55485568  0.57765570  0.56997804  0.55485568  0.58541318  0.64209808  0.64209808  0.53273166  0.56997804  0.57765570  0.77029085  0.60117432  0.64209808  0.61727554  0.75057340  0.59325214  0.60117432  0.56997804  0.55485568  0.61727554  0.63373183  0.65911735  0.63373183  0.64209808  0.65055920  0.55485568  0.55485568  0.55485568  0.58541318  0.57765570  0.53273166  0.64209808  0.62545832  0.60918151  0.61727554  0.67653383  0.61727554  0.61727554  0.57765570  0.65055920  0.63373183  0.65911735  0.61727554  0.62545832  0.58541318  0.57765570  0.63373183  0.57765570  0.56997804  0.63373183  0.62545832  0.60918151  0.65911735  0.72194091  0.53273166  0.54003370  0.53273166  0.79054344  0.72194091  0.68539690  0.59325214  
72_0_0     0.30311768  0.27687507  0.27173549  0.39389160  0.26663107  0.26663107  0.17125409  0.27173549  0.28726164  0.06697436  0.05538619  0.05156311  0.05538619  0.07087742  0.00000000  0.09878582  0.35281330  0.35854500  0.58541318  0.61727554  0.60918151  0.62545832  0.64209808  0.49725622  0.55485568  0.56237856  0.51124468  0.56237856  0.50421768  0.56997804  0.51833849  0.51833849  0.54740789  0.54740789  0.52550037  0.56237856  0.56237856  0.58541318  0.59325214  0.56997804  0.52550037  0.51833849  0.54740789  0.59325214  0.56997804  0.56997804  0.56237856  0.62545832  0.61727554  0.49725622  0.59325214  0.58541318  0.75057340  0.61727554  0.64209808  0.62545832  0.76036701  0.61727554  0.62545832  0.60117432  0.56997804  0.60918151  0.62545832  0.65055920  0.65911735  0.66777478  0.65055920  0.55485568  0.58541318  0.55485568  0.58541318  0.57765570  0.50421768  0.62545832  0.67653383  0.65911735  0.66777478  0.73136354  0.65055920  0.66777478  0.61727554  0.64209808  0.62545832  0.64209808  0.60918151  0.63373183  0.60117432  0.60918151  0.60918151  0.60117432  0.59325214  0.65055920  0.60117432  0.61727554  0.62545832  0.67653383  0.50421768  0.52550037  0.51124468  0.77029085  0.68539690  0.65911735  0.58541318  
71_0_0     0.31387869  0.28726164  0.29250964  0.43736345  0.26663107  0.26663107  0.16679079  0.26156133  0.24655554  0.07874532  0.08271060  0.07874532  0.09878582  0.09878582  0.09878582  0.00000000  0.36432105  0.35854500  0.54740789  0.57765570  0.56997804  0.60117432  0.65055920  0.53273166  0.54740789  0.54003370  0.50421768  0.54740789  0.49725622  0.58541318  0.53273166  0.53273166  0.56237856  0.52550037  0.49725622  0.56237856  0.56237856  0.62545832  0.62545832  0.58541318  0.54740789  0.51833849  0.58541318  0.59325214  0.57765570  0.55485568  0.60117432  0.61727554  0.63373183  0.58541318  0.60117432  0.60918151  0.77029085  0.58541318  0.64209808  0.65055920  0.73136354  0.59325214  0.60117432  0.60117432  0.58541318  0.62545832  0.62545832  0.66777478  0.66777478  0.67653383  0.67653383  0.57765570  0.59325214  0.57765570  0.60918151  0.60117432  0.55485568  0.59325214  0.69436651  0.67653383  0.68539690  0.71263577  0.66777478  0.65055920  0.63373183  0.65055920  0.64209808  0.64209808  0.64209808  0.63373183  0.62545832  0.60918151  0.65911735  0.60918151  0.60117432  0.66777478  0.60918151  0.60117432  0.60117432  0.65055920  0.49725622  0.49035911  0.50421768  0.75057340  0.73136354  0.65055920  0.59325214  
60_0_0     0.39994896  0.34712529  0.34148031  0.46339094  0.33587771  0.33587771  0.31931794  0.34712529  0.35281330  0.34712529  0.34148031  0.33031686  0.30847879  0.32479714  0.35281330  0.36432105  0.00000000  0.40605589  0.62545832  0.60117432  0.60918151  0.57765570  0.70344524  0.57765570  0.68539690  0.60117432  0.56237856  0.58541318  0.59325214  0.71263577  0.57765570  0.56237856  0.58541318  0.57765570  0.61727554  0.57765570  0.60918151  0.63373183  0.60918151  0.58541318  0.55485568  0.58541318  0.60117432  0.60117432  0.60117432  0.57765570  0.70344524  0.73136354  0.69436651  0.58541318  0.60117432  0.61727554  0.86609682  0.66777478  0.71263577  0.76036701  0.68539690  0.68539690  0.66777478  0.63373183  0.63373183  0.73136354  0.71263577  0.73136354  0.71263577  0.70344524  0.70344524  0.64209808  0.60918151  0.63373183  0.62545832  0.64209808  0.59325214  0.65055920  0.64209808  0.62545832  0.65911735  0.66777478  0.66777478  0.66777478  0.60918151  0.71263577  0.72194091  0.73136354  0.62545832  0.71263577  0.70344524  0.66777478  0.65055920  0.65055920  0.67653383  0.67653383  0.65911735  0.73136354  0.75057340  0.78034844  0.66777478  0.66777478  0.56997804  0.77029085  0.66777478  0.67653383  0.66777478  
31_0_0     0.34148031  0.33587771  0.33587771  0.47004217  0.36432105  0.36432105  0.36432105  0.43099598  0.45026373  0.38788301  0.36432105  0.35854500  0.37600904  0.37014217  0.35854500  0.35854500  0.40605589  0.00000000  0.66777478  0.66777478  0.64209808  0.58541318  0.71263577  0.57765570  0.65911735  0.63373183  0.69436651  0.65055920  0.60117432  0.65911735  0.53273166  0.53273166  0.54003370  0.54003370  0.54740789  0.54740789  0.59325214  0.59325214  0.58541318  0.59325214  0.57765570  0.58541318  0.60117432  0.59325214  0.61727554  0.56237856  0.54740789  0.63373183  0.60117432  0.51124468  0.62545832  0.60918151  0.81136102  0.53273166  0.54740789  0.56237856  0.78034844  0.68539690  0.68539690  0.67653383  0.66777478  0.69436651  0.69436651  0.70344524  0.64209808  0.65055920  0.74090666  0.62545832  0.65911735  0.66777478  0.65911735  0.65055920  0.62545832  0.65055920  0.59325214  0.57765570  0.60117432  0.58541318  0.65055920  0.60117432  0.63373183  0.65911735  0.67653383  0.67653383  0.70344524  0.60918151  0.64209808  0.65911735  0.65911735  0.68539690  0.67653383  0.66777478  0.60918151  0.67653383  0.68539690  0.70344524  0.61727554  0.66777478  0.63373183  0.82199171  0.76036701  0.63373183  0.59325214  
17_0_0     0.56237856  0.60117432  0.60117432  0.66777478  0.47004217  0.47004217  0.60918151  0.75057340  0.64209808  0.63373183  0.60117432  0.60918151  0.58541318  0.60117432  0.58541318  0.54740789  0.62545832  0.66777478  0.00000000  0.05156311  0.07874532  0.15355882  0.38192241  0.38192241  0.37014217  0.33031686  0.32479714  0.37014217  0.45026373  0.55485568  0.47675321  0.43736345  0.51124468  0.49725622  0.43099598  0.45026373  0.47004217  0.50421768  0.46339094  0.48352515  0.43099598  0.41842175  0.45679847  0.45679847  0.46339094  0.44378572  0.43736345  0.56997804  0.49035911  0.49725622  0.47004217  0.45026373  0.65055920  0.39994896  0.39389160  0.43099598  0.58541318  0.48352515  0.51833849  0.54003370  0.53273166  0.54740789  0.53273166  0.54003370  0.56237856  0.56997804  0.58541318  0.51124468  0.50421768  0.52550037  0.49035911  0.51833849  0.45679847  0.46339094  0.63373183  0.63373183  0.63373183  0.65055920  0.67653383  0.65055920  0.54740789  0.58541318  0.57765570  0.58541318  0.55485568  0.61727554  0.60918151  0.60918151  0.67653383  0.62545832  0.60918151  0.56997804  0.61727554  0.51124468  0.48352515  0.49035911  0.51124468  0.50421768  0.54003370  0.60117432  0.60117432  0.54003370  0.52550037  
94_0_0     0.56997804  0.60918151  0.60918151  0.65911735  0.45026373  0.45026373  0.60918151  0.75057340  0.61727554  0.66777478  0.62545832  0.64209808  0.61727554  0.64209808  0.61727554  0.57765570  0.60117432  0.66777478  0.05156311  0.00000000  0.07874532  0.13627344  0.35281330  0.34712529  0.36432105  0.30847879  0.35854500  0.35281330  0.42468238  0.56237856  0.47004217  0.46339094  0.49725622  0.49725622  0.45679847  0.45026373  0.48352515  0.47004217  0.43099598  0.45026373  0.41221321  0.42468238  0.42468238  0.43736345  0.45679847  0.44378572  0.45026373  0.63373183  0.51833849  0.52550037  0.49725622  0.47675321  0.66777478  0.43736345  0.42468238  0.45679847  0.56237856  0.51833849  0.54740789  0.56237856  0.55485568  0.58541318  0.56997804  0.59325214  0.58541318  0.59325214  0.59325214  0.49725622  0.49725622  0.52550037  0.50421768  0.51833849  0.48352515  0.46339094  0.60918151  0.60918151  0.63373183  0.64209808  0.63373183  0.64209808  0.60918151  0.59325214  0.56237856  0.56997804  0.54740789  0.64209808  0.60918151  0.59325214  0.65911735  0.60918151  0.60918151  0.57765570  0.57765570  0.54003370  0.51833849  0.50421768  0.53273166  0.52550037  0.54003370  0.64209808  0.65055920  0.56997804  0.55485568  
84_0_0     0.53273166  0.56997804  0.58541318  0.69436651  0.51124468  0.51124468  0.59325214  0.76036701  0.65911735  0.64209808  0.60117432  0.61727554  0.62545832  0.59325214  0.60918151  0.56997804  0.60918151  0.64209808  0.07874532  0.07874532  0.00000000  0.13201393  0.37014217  0.35854500  0.38192241  0.33587771  0.34712529  0.35281330  0.39389160  0.55485568  0.47675321  0.44378572  0.47675321  0.47004217  0.45026373  0.45026373  0.47004217  0.50421768  0.46339094  0.49725622  0.44378572  0.39994896  0.44378572  0.47004217  0.45026373  0.46339094  0.43099598  0.58541318  0.49725622  0.51833849  0.50421768  0.49725622  0.65911735  0.37600904  0.37014217  0.39389160  0.57765570  0.50421768  0.53273166  0.54003370  0.53273166  0.58541318  0.56997804  0.59325214  0.60117432  0.60918151  0.54740789  0.47004217  0.45679847  0.47675321  0.46339094  0.47675321  0.45679847  0.47004217  0.63373183  0.63373183  0.64209808  0.65911735  0.65911735  0.65055920  0.59325214  0.56237856  0.53273166  0.55485568  0.51833849  0.60117432  0.59325214  0.60117432  0.63373183  0.60918151  0.60918151  0.55485568  0.55485568  0.49725622  0.50421768  0.52550037  0.49725622  0.49035911  0.47675321  0.60918151  0.59325214  0.56237856  0.54003370  
61_0_0     0.49725622  0.54740789  0.54740789  0.62545832  0.46339094  0.46339094  0.62545832  0.73136354  0.66777478  0.65911735  0.64209808  0.65055920  0.60918151  0.63373183  0.62545832  0.60117432  0.57765570  0.58541318  0.15355882  0.13627344  0.13201393  0.00000000  0.35854500  0.33587771  0.39389160  0.33587771  0.34148031  0.41842175  0.44378572  0.60117432  0.43736345  0.41842175  0.45026373  0.44378572  0.45026373  0.42468238  0.44378572  0.49725622  0.46339094  0.49725622  0.45679847  0.40605589  0.47004217  0.45679847  0.49035911  0.49035911  0.44378572  0.56237856  0.54003370  0.50421768  0.57765570  0.55485568  0.65911735  0.43736345  0.40605589  0.45679847  0.56237856  0.52550037  0.55485568  0.54003370  0.54740789  0.56237856  0.54740789  0.56997804  0.60918151  0.60117432  0.55485568  0.51833849  0.51833849  0.51124468  0.54003370  0.52550037  0.43099598  0.48352515  0.60117432  0.60117432  0.62545832  0.61727554  0.60918151  0.62545832  0.65055920  0.62545832  0.54003370  0.54740789  0.51833849  0.60918151  0.55485568  0.55485568  0.61727554  0.62545832  0.62545832  0.53273166  0.55485568  0.51124468  0.51833849  0.51833849  0.49035911  0.49725622  0.49035911  0.64209808  0.58541318  0.56237856  0.60117432  
48_0_0     0.69436651  0.65055920  0.65911735  0.75057340  0.64209808  0.64209808  0.64209808  0.61727554  0.67653383  0.63373183  0.62545832  0.64209808  0.66777478  0.69436651  0.64209808  0.65055920  0.70344524  0.71263577  0.38192241  0.35281330  0.37014217  0.35854500  0.00000000  0.45026373  0.47004217  0.39994896  0.41221321  0.45679847  0.42468238  0.60918151  0.53273166  0.53273166  0.55485568  0.53273166  0.52550037  0.51124468  0.52550037  0.54003370  0.54003370  0.57765570  0.49725622  0.52550037  0.51833849  0.55485568  0.54003370  0.54003370  0.43736345  0.66777478  0.60117432  0.56237856  0.60918151  0.56997804  0.69436651  0.46339094  0.53273166  0.54003370  0.56997804  0.47004217  0.48352515  0.45026373  0.44378572  0.58541318  0.58541318  0.58541318  0.56997804  0.56237856  0.56997804  0.49725622  0.49035911  0.46339094  0.50421768  0.53273166  0.52550037  0.57765570  0.70344524  0.70344524  0.67653383  0.70344524  0.67653383  0.73136354  0.62545832  0.57765570  0.61727554  0.62545832  0.55485568  0.62545832  0.65911735  0.67653383  0.67653383  0.61727554  0.61727554  0.74090666  0.60117432  0.66777478  0.60117432  0.62545832  0.53273166  0.55485568  0.57765570  0.56997804  0.56237856  0.65055920  0.57765570  
63_0_0     0.49725622  0.49035911  0.48352515  0.61727554  0.48352515  0.48352515  0.53273166  0.60918151  0.60918151  0.53273166  0.53273166  0.53273166  0.52550037  0.52550037  0.49725622  0.53273166  0.57765570  0.57765570  0.38192241  0.34712529  0.35854500  0.33587771  0.45026373  0.00000000  0.31387869  0.31387869  0.36432105  0.36432105  0.40605589  0.47675321  0.41221321  0.37014217  0.38788301  0.41221321  0.40605589  0.38788301  0.40605589  0.44378572  0.41221321  0.44378572  0.44378572  0.43099598  0.41221321  0.42468238  0.44378572  0.48352515  0.44378572  0.57765570  0.51124468  0.44378572  0.45679847  0.43736345  0.71263577  0.42468238  0.38192241  0.42468238  0.59325214  0.52550037  0.51124468  0.56237856  0.55485568  0.49035911  0.50421768  0.52550037  0.51124468  0.51833849  0.57765570  0.45679847  0.46339094  0.46339094  0.44378572  0.43099598  0.42468238  0.51124468  0.55485568  0.54003370  0.56237856  0.58541318  0.52550037  0.56997804  0.56237856  0.56997804  0.61727554  0.62545832  0.56237856  0.60117432  0.60918151  0.58541318  0.55485568  0.54740789  0.56997804  0.52550037  0.60117432  0.58541318  0.57765570  0.54740789  0.45679847  0.47675321  0.49035911  0.67653383  0.60918151  0.63373183  0.53273166  
63_2_0     0.50421768  0.53273166  0.52550037  0.73136354  0.49035911  0.49035911  0.61727554  0.71263577  0.64209808  0.55485568  0.54003370  0.55485568  0.54003370  0.56237856  0.55485568  0.54740789  0.68539690  0.65911735  0.37014217  0.36432105  0.38192241  0.39389160  0.47004217  0.31387869  0.00000000  0.36432105  0.42468238  0.48352515  0.43736345  0.55485568  0.43099598  0.42468238  0.45026373  0.49725622  0.42468238  0.41842175  0.41221321  0.47004217  0.49725622  0.44378572  0.45026373  0.41221321  0.45679847  0.43736345  0.49035911  0.45679847  0.42468238  0.60117432  0.50421768  0.45679847  0.47004217  0.47004217  0.68539690  0.45026373  0.45026373  0.46339094  0.59325214  0.46339094  0.48352515  0.55485568  0.54740789  0.51124468  0.49725622  0.51833849  0.51833849  0.52550037  0.57765570  0.48352515  0.54003370  0.49035911  0.49725622  0.50421768  0.46339094  0.52550037  0.64209808  0.64209808  0.64209808  0.65055920  0.60918151  0.63373183  0.56997804  0.57765570  0.58541318  0.57765570  0.60117432  0.64209808  0.63373183  0.64209808  0.68539690  0.60918151  0.60117432  0.66777478  0.64209808  0.62545832  0.58541318  0.55485568  0.56237856  0.58541318  0.53273166  0.73136354  0.74090666  0.73136354  0.74090666  
48_1_0     0.47675321  0.49725622  0.51124468  0.67653383  0.49035911  0.49035911  0.60918151  0.65055920  0.63373183  0.53273166  0.51833849  0.54740789  0.52550037  0.54740789  0.56237856  0.54003370  0.60117432  0.63373183  0.33031686  0.30847879  0.33587771  0.33587771  0.39994896  0.31387869  0.36432105  0.00000000  0.25652580  0.35281330  0.40605589  0.51124468  0.45679847  0.42468238  0.45026373  0.51833849  0.43099598  0.46339094  0.45679847  0.49035911  0.49035911  0.46339094  0.45679847  0.45679847  0.46339094  0.48352515  0.49035911  0.49035911  0.43099598  0.61727554  0.57765570  0.47675321  0.47675321  0.47004217  0.70344524  0.47675321  0.49035911  0.51124468  0.51124468  0.49725622  0.54740789  0.54740789  0.55485568  0.52550037  0.52550037  0.54740789  0.49725622  0.50421768  0.54003370  0.50421768  0.55485568  0.52550037  0.51124468  0.52550037  0.45026373  0.51833849  0.55485568  0.54003370  0.56237856  0.57765570  0.56997804  0.58541318  0.54740789  0.55485568  0.51833849  0.51833849  0.53273166  0.58541318  0.60117432  0.58541318  0.64209808  0.60117432  0.56997804  0.55485568  0.60117432  0.61727554  0.61727554  0.60117432  0.53273166  0.53273166  0.49035911  0.67653383  0.60918151  0.62545832  0.60117432  
61_1_0     0.49725622  0.47675321  0.47675321  0.65055920  0.47004217  0.47004217  0.54740789  0.66777478  0.67653383  0.49725622  0.49725622  0.49725622  0.49035911  0.51833849  0.51124468  0.50421768  0.56237856  0.69436651  0.32479714  0.35854500  0.34712529  0.34148031  0.41221321  0.36432105  0.42468238  0.25652580  0.00000000  0.39389160  0.41842175  0.51833849  0.43736345  0.40605589  0.41842175  0.44378572  0.41842175  0.40605589  0.42468238  0.47004217  0.43736345  0.41221321  0.40605589  0.39389160  0.45679847  0.41221321  0.41842175  0.41221321  0.39994896  0.57765570  0.54003370  0.41221321  0.43099598  0.43736345  0.64209808  0.39994896  0.44378572  0.46339094  0.51833849  0.45026373  0.45026373  0.54003370  0.53273166  0.51124468  0.49725622  0.52550037  0.51124468  0.50421768  0.54740789  0.51124468  0.56237856  0.50421768  0.51124468  0.51833849  0.39389160  0.48352515  0.57765570  0.56237856  0.57765570  0.59325214  0.57765570  0.59325214  0.51124468  0.51833849  0.49725622  0.49725622  0.45026373  0.60117432  0.54003370  0.56237856  0.56237856  0.58541318  0.55485568  0.60117432  0.52550037  0.54003370  0.54003370  0.54003370  0.52550037  0.50421768  0.49725622  0.67653383  0.63373183  0.63373183  0.61727554  
63_1_0     0.62545832  0.53273166  0.52550037  0.62545832  0.55485568  0.55485568  0.53273166  0.63373183  0.60117432  0.55485568  0.55485568  0.55485568  0.54740789  0.54740789  0.56237856  0.54740789  0.58541318  0.65055920  0.37014217  0.35281330  0.35281330  0.41842175  0.45679847  0.36432105  0.48352515  0.35281330  0.39389160  0.00000000  0.51124468  0.48352515  0.46339094  0.46339094  0.49725622  0.45026373  0.45026373  0.42468238  0.43099598  0.50421768  0.49035911  0.43736345  0.47004217  0.45026373  0.43099598  0.43736345  0.46339094  0.45679847  0.45679847  0.53273166  0.55485568  0.47675321  0.51124468  0.50421768  0.66777478  0.41842175  0.47004217  0.50421768  0.64209808  0.54003370  0.56997804  0.51833849  0.52550037  0.53273166  0.53273166  0.57765570  0.49035911  0.49725622  0.53273166  0.56997804  0.51833849  0.52550037  0.53273166  0.51833849  0.51833849  0.51124468  0.59325214  0.57765570  0.60117432  0.65055920  0.60918151  0.65911735  0.56237856  0.49725622  0.56997804  0.59325214  0.53273166  0.60117432  0.58541318  0.59325214  0.57765570  0.58541318  0.58541318  0.60918151  0.63373183  0.61727554  0.57765570  0.60918151  0.51833849  0.49725622  0.56997804  0.71263577  0.67653383  0.66777478  0.60918151  
23_0_0     0.52550037  0.49035911  0.49035911  0.60117432  0.54740789  0.54740789  0.50421768  0.54740789  0.57765570  0.50421768  0.47675321  0.49035911  0.51124468  0.51124468  0.50421768  0.49725622  0.59325214  0.60117432  0.45026373  0.42468238  0.39389160  0.44378572  0.42468238  0.40605589  0.43736345  0.40605589  0.41842175  0.51124468  0.00000000  0.57765570  0.47675321  0.45679847  0.42468238  0.45679847  0.45679847  0.44378572  0.47675321  0.52550037  0.52550037  0.47675321  0.47004217  0.51833849  0.48352515  0.46339094  0.48352515  0.48352515  0.48352515  0.60117432  0.55485568  0.48352515  0.51124468  0.51124468  0.86609682  0.51833849  0.53273166  0.51124468  0.54003370  0.49035911  0.50421768  0.52550037  0.51833849  0.55485568  0.54003370  0.55485568  0.56237856  0.55485568  0.51833849  0.52550037  0.48352515  0.52550037  0.49725622  0.50421768  0.46339094  0.49725622  0.63373183  0.61727554  0.60918151  0.65911735  0.60117432  0.64209808  0.59325214  0.64209808  0.57765570  0.56237856  0.56237856  0.59325214  0.54003370  0.56237856  0.59325214  0.51833849  0.54003370  0.60918151  0.54740789  0.57765570  0.59325214  0.56237856  0.56997804  0.60918151  0.55485568  0.78034844  0.75057340  0.73136354  0.75057340  
29_0_0     0.56237856  0.53273166  0.54003370  0.60918151  0.62545832  0.62545832  0.54740789  0.65055920  0.60918151  0.54003370  0.54740789  0.53273166  0.53273166  0.54003370  0.56997804  0.58541318  0.71263577  0.65911735  0.55485568  0.56237856  0.55485568  0.60117432  0.60918151  0.47675321  0.55485568  0.51124468  0.51833849  0.48352515  0.57765570  0.00000000  0.30847879  0.29250964  0.34148031  0.32479714  0.33587771  0.27173549  0.26663107  0.35281330  0.33587771  0.31387869  0.29779481  0.34712529  0.33587771  0.30847879  0.32479714  0.32479714  0.34148031  0.34148031  0.35854500  0.32479714  0.32479714  0.32479714  0.55485568  0.33031686  0.34712529  0.30847879  0.56237856  0.48352515  0.46339094  0.45026373  0.45679847  0.48352515  0.48352515  0.49725622  0.47004217  0.47675321  0.51833849  0.49035911  0.45679847  0.49035911  0.45679847  0.45679847  0.47004217  0.41221321  0.59325214  0.57765570  0.57765570  0.60918151  0.54740789  0.56237856  0.58541318  0.53273166  0.59325214  0.60918151  0.54003370  0.49725622  0.58541318  0.59325214  0.56237856  0.52550037  0.52550037  0.65055920  0.63373183  0.66777478  0.62545832  0.65055920  0.54003370  0.51124468  0.54003370  0.68539690  0.65055920  0.57765570  0.52550037  
28_4_0     0.49725622  0.44378572  0.43736345  0.59325214  0.49725622  0.49725622  0.52550037  0.50421768  0.51833849  0.53273166  0.55485568  0.52550037  0.52550037  0.54740789  0.51833849  0.53273166  0.57765570  0.53273166  0.47675321  0.47004217  0.47675321  0.43736345  0.53273166  0.41221321  0.43099598  0.45679847  0.43736345  0.46339094  0.47675321  0.30847879  0.00000000  0.04397521  0.07087742  0.13201393  0.15355882  0.07480100  0.08669705  0.17574426  0.15794346  0.11937938  0.13201393  0.17125409  0.18480646  0.11937938  0.15355882  0.13627344  0.23671673  0.30847879  0.32479714  0.26156133  0.24161992  0.24655554  0.61727554  0.27173549  0.25652580  0.27173549  0.51124468  0.41842175  0.39389160  0.40605589  0.41842175  0.43099598  0.43099598  0.43099598  0.39389160  0.38788301  0.42468238  0.39994896  0.44378572  0.38788301  0.40605589  0.39389160  0.35281330  0.28726164  0.49035911  0.47675321  0.50421768  0.51124468  0.49725622  0.49725622  0.56237856  0.48352515  0.49035911  0.49035911  0.47675321  0.42468238  0.49725622  0.54003370  0.56237856  0.54740789  0.55485568  0.54740789  0.54740789  0.55485568  0.48352515  0.51833849  0.49035911  0.49725622  0.53273166  0.67653383  0.63373183  0.59325214  0.52550037  
91_4_0     0.48352515  0.44378572  0.43736345  0.57765570  0.50421768  0.50421768  0.53273166  0.54003370  0.56237856  0.53273166  0.54003370  0.52550037  0.51124468  0.54003370  0.51833849  0.53273166  0.56237856  0.53273166  0.43736345  0.46339094  0.44378572  0.41842175  0.53273166  0.37014217  0.42468238  0.42468238  0.40605589  0.46339094  0.45679847  0.29250964  0.04397521  0.00000000  0.07874532  0.12356717  0.15355882  0.06697436  0.09473443  0.18026160  0.14919980  0.14486608  0.14919980  0.17125409  0.19398006  0.12777860  0.16235401  0.15355882  0.25152402  0.33031686  0.31387869  0.24655554  0.23184554  0.23671673  0.63373183  0.24161992  0.24655554  0.27173549  0.52550037  0.43099598  0.38192241  0.43099598  0.44378572  0.43736345  0.43736345  0.44378572  0.39994896  0.39389160  0.42468238  0.37600904  0.41842175  0.38788301  0.38192241  0.37014217  0.34148031  0.29779481  0.50421768  0.49035911  0.51833849  0.52550037  0.52550037  0.51124468  0.52550037  0.47675321  0.50421768  0.50421768  0.45679847  0.41842175  0.48352515  0.54003370  0.54740789  0.53273166  0.52550037  0.54740789  0.54003370  0.54740789  0.50421768  0.52550037  0.47675321  0.48352515  0.51124468  0.64209808  0.57765570  0.56237856  0.49725622  
