24
4_9_0      0.00000000  0.02256206  0.04583231  0.07475639  0.09975279  0.09975279  0.08465405  0.07475639  0.06985667  0.10485481  0.09468563  0.08465405  0.24535538  0.27695857  0.25156917  0.23919324  0.39576217  0.37336538  0.39576217  0.39576217  0.38822115  0.38822115  0.37336538  0.37336538  
4_10_0     0.02256206  0.00000000  0.05057531  0.07968870  0.11516541  0.11516541  0.08965288  0.08465405  0.06985667  0.10999219  0.09975279  0.08965288  0.22702050  0.27052924  0.24535538  0.23919324  0.41107828  0.37336538  0.39576217  0.39576217  0.38822115  0.38822115  0.37336538  0.37336538  
4_6_0      0.04583231  0.05057531  0.00000000  0.07475639  0.08965288  0.08965288  0.08465405  0.08965288  0.07475639  0.10485481  0.09468563  0.08465405  0.22702050  0.24535538  0.22100827  0.22100827  0.38822115  0.35162536  0.37336538  0.37336538  0.36604765  0.38075605  0.36604765  0.36604765  
13_11_0    0.07475639  0.07968870  0.07475639  0.00000000  0.06015331  0.06985667  0.03643639  0.05057531  0.02715805  0.05534884  0.04583231  0.03643639  0.23919324  0.25156917  0.25783547  0.25156917  0.40338068  0.33747828  0.35880144  0.37336538  0.38075605  0.39576217  0.38075605  0.36604765  
12_6_0     0.09975279  0.11516541  0.08965288  0.06015331  0.00000000  0.02715805  0.06985667  0.06498912  0.06015331  0.08965288  0.07968870  0.06985667  0.25156917  0.27052924  0.28344413  0.25783547  0.37336538  0.33747828  0.34451808  0.34451808  0.33747828  0.38075605  0.36604765  0.35162536  
10_6_0     0.09975279  0.11516541  0.08965288  0.06985667  0.02715805  0.00000000  0.07968870  0.06498912  0.06985667  0.08965288  0.07968870  0.06985667  0.26415519  0.27052924  0.28344413  0.25783547  0.37336538  0.33747828  0.34451808  0.35880144  0.35162536  0.38075605  0.36604765  0.35162536  
13_6_0     0.08465405  0.08965288  0.08465405  0.03643639  0.06985667  0.07968870  0.00000000  0.06015331  0.03643639  0.05534884  0.05534884  0.04583231  0.25156917  0.25783547  0.27052924  0.26415519  0.40338068  0.35162536  0.35880144  0.37336538  0.36604765  0.39576217  0.38075605  0.36604765  
13_13_0    0.07475639  0.08465405  0.08965288  0.05057531  0.06498912  0.06498912  0.06015331  0.00000000  0.03178270  0.06985667  0.06015331  0.05057531  0.22702050  0.28344413  0.27052924  0.27052924  0.41107828  0.35880144  0.38075605  0.42671749  0.41885665  0.38822115  0.37336538  0.37336538  
12_13_0    0.06985667  0.06985667  0.07475639  0.02715805  0.06015331  0.06985667  0.03643639  0.03178270  0.00000000  0.05534884  0.03643639  0.03643639  0.23919324  0.25783547  0.25783547  0.25156917  0.41885665  0.35162536  0.37336538  0.37336538  0.36604765  0.41107828  0.39576217  0.38075605  
13_12_0    0.10485481  0.10999219  0.10485481  0.05534884  0.08965288  0.08965288  0.05534884  0.06985667  0.05534884  0.00000000  0.03643639  0.02715805  0.27695857  0.29658799  0.29658799  0.28998693  0.36604765  0.30324834  0.32359609  0.34451808  0.35162536  0.35880144  0.34451808  0.33050470  
12_12_0    0.09468563  0.09975279  0.09468563  0.04583231  0.07968870  0.07968870  0.05534884  0.06015331  0.03643639  0.03643639  0.00000000  0.01799439  0.26415519  0.28344413  0.28344413  0.27695857  0.37336538  0.30996907  0.33050470  0.34451808  0.33747828  0.38075605  0.36604765  0.35162536  
10_12_0    0.08465405  0.08965288  0.08465405  0.03643639  0.06985667  0.06985667  0.04583231  0.05057531  0.03643639  0.02715805  0.01799439  0.00000000  0.26415519  0.28344413  0.28344413  0.27695857  0.38822115  0.32359609  0.34451808  0.37336538  0.36604765  0.39576217  0.38075605  0.36604765  
4_3_0      0.24535538  0.22702050  0.22702050  0.23919324  0.25156917  0.26415519  0.25156917  0.22702050  0.23919324  0.27695857  0.26415519  0.26415519  0.00000000  0.08965288  0.08465405  0.08465405  0.41885665  0.37336538  0.39576217  0.44269370  0.41885665  0.40338068  0.38075605  0.41107828  
13_3_0     0.27695857  0.27052924  0.24535538  0.25156917  0.27052924  0.27052924  0.25783547  0.28344413  0.25783547  0.29658799  0.28344413  0.28344413  0.08965288  0.00000000  0.06015331  0.05057531  0.39576217  0.36604765  0.37336538  0.40338068  0.38075605  0.43466256  0.42671749  0.44269370  
10_3_0     0.25156917  0.24535538  0.22100827  0.25783547  0.28344413  0.28344413  0.27052924  0.27052924  0.25783547  0.29658799  0.28344413  0.28344413  0.08465405  0.06015331  0.00000000  0.03643639  0.38822115  0.33747828  0.37336538  0.41885665  0.39576217  0.38075605  0.38822115  0.40338068  
12_3_0     0.23919324  0.23919324  0.22100827  0.25156917  0.25783547  0.25783547  0.26415519  0.27052924  0.25156917  0.28998693  0.27695857  0.27695857  0.08465405  0.05057531  0.03643639  0.00000000  0.38822115  0.35162536  0.37336538  0.40338068  0.38075605  0.40338068  0.41107828  0.41107828  
16_18_0    0.39576217  0.41107828  0.38822115  0.40338068  0.37336538  0.37336538  0.40338068  0.41107828  0.41885665  0.36604765  0.37336538  0.38822115  0.41885665  0.39576217  0.38822115  0.38822115  0.00000000  0.07968870  0.06498912  0.09975279  0.09975279  0.17458884  0.16898555  0.16898555  
18_18_0    0.37336538  0.37336538  0.35162536  0.33747828  0.33747828  0.33747828  0.35162536  0.35880144  0.35162536  0.30324834  0.30996907  0.32359609  0.37336538  0.36604765  0.33747828  0.35162536  0.07968870  0.00000000  0.03178270  0.10485481  0.10485481  0.20912812  0.21504440  0.21504440  
18_19_0    0.39576217  0.39576217  0.37336538  0.35880144  0.34451808  0.34451808  0.35880144  0.38075605  0.37336538  0.32359609  0.33050470  0.34451808  0.39576217  0.37336538  0.37336538  0.37336538  0.06498912  0.03178270  0.00000000  0.07968870  0.07968870  0.19165737  0.19743533  0.18592409  
20_18_0    0.39576217  0.39576217  0.37336538  0.37336538  0.34451808  0.35880144  0.37336538  0.42671749  0.37336538  0.34451808  0.34451808  0.37336538  0.44269370  0.40338068  0.41885665  0.40338068  0.09975279  0.10485481  0.07968870  0.00000000  0.02256206  0.19743533  0.20325867  0.20325867  
8_18_0     0.38822115  0.38822115  0.36604765  0.38075605  0.33747828  0.35162536  0.36604765  0.41885665  0.36604765  0.35162536  0.33747828  0.36604765  0.41885665  0.38075605  0.39576217  0.38075605  0.09975279  0.10485481  0.07968870  0.02256206  0.00000000  0.18592409  0.19165737  0.19165737  
8_0_0      0.38822115  0.38822115  0.38075605  0.39576217  0.38075605  0.38075605  0.39576217  0.38822115  0.41107828  0.35880144  0.38075605  0.39576217  0.40338068  0.43466256  0.38075605  0.40338068  0.17458884  0.20912812  0.19165737  0.19743533  0.18592409  0.00000000  0.02256206  0.02256206  
20_0_0     0.37336538  0.37336538  0.36604765  0.38075605  0.36604765  0.36604765  0.38075605  0.37336538  0.39576217  0.34451808  0.36604765  0.38075605  0.38075605  0.42671749  0.38822115  0.41107828  0.16898555  0.21504440  0.19743533  0.20325867  0.19165737  0.02256206  0.00000000  0.02715805  
15_0_0     0.37336538  0.37336538  0.36604765  0.36604765  0.35162536  0.35162536  0.36604765  0.37336538  0.38075605  0.33050470  0.35162536  0.36604765  0.41107828  0.44269370  0.40338068  0.41107828  0.16898555  0.21504440  0.18592409  0.20325867  0.19165737  0.02256206  0.02715805  0.00000000  

