108
14_3_0     0.00000000  0.00000000  0.54423924  0.53558611  0.53558611  0.61732672  0.62698647  0.58907474  0.64668881  0.73114334  0.67725183  0.70911825  0.68772372  0.73114334  0.73114334  0.57081652  0.57081652  0.60779023  0.55299373  0.56185200  0.55299373  0.56185200  0.56185200  0.59837390  0.68772372  0.60779023  0.52703203  0.50194200  0.52703203  0.56185200  0.59837390  0.53558611  0.53558611  0.54423924  0.59837390  0.58907474  0.87896098  0.86546282  0.86546282  0.86546282  0.86546282  0.87896098  0.86546282  0.77724202  0.77724202  0.76544804  0.85220414  0.78922511  0.73114334  0.83917659  0.82637225  0.78922511  0.76544804  0.82637225  0.81378359  0.92098294  0.82637225  0.80140348  0.85220414  0.63677271  0.62698647  0.59837390  0.62698647  0.63677271  0.62698647  0.61732672  0.58907474  0.57988987  0.57988987  0.57988987  0.59837390  0.59837390  0.60779023  0.58907474  0.57988987  0.59837390  0.59837390  0.81378359  0.81378359  0.98096104  0.81378359  0.75383730  0.75383730  0.76544804  0.75383730  0.64668881  0.59837390  0.59837390  0.64668881  0.65673824  0.58907474  0.73114334  0.74240418  0.78922511  0.78922511  0.74240418  0.74240418  0.69834443  0.80140348  0.66692466  0.65673824  0.62698647  0.61732672  0.68772372  0.73114334  0.67725183  0.69834443  0.67725183  
59_3_0     0.00000000  0.00000000  0.54423924  0.53558611  0.53558611  0.61732672  0.62698647  0.58907474  0.64668881  0.73114334  0.67725183  0.70911825  0.68772372  0.73114334  0.73114334  0.57081652  0.57081652  0.60779023  0.55299373  0.56185200  0.55299373  0.56185200  0.56185200  0.59837390  0.68772372  0.60779023  0.52703203  0.50194200  0.52703203  0.56185200  0.59837390  0.53558611  0.53558611  0.54423924  0.59837390  0.58907474  0.87896098  0.86546282  0.86546282  0.86546282  0.86546282  0.87896098  0.86546282  0.77724202  0.77724202  0.76544804  0.85220414  0.78922511  0.73114334  0.83917659  0.82637225  0.78922511  0.76544804  0.82637225  0.81378359  0.92098294  0.82637225  0.80140348  0.85220414  0.63677271  0.62698647  0.59837390  0.62698647  0.63677271  0.62698647  0.61732672  0.58907474  0.57988987  0.57988987  0.57988987  0.59837390  0.59837390  0.60779023  0.58907474  0.57988987  0.59837390  0.59837390  0.81378359  0.81378359  0.98096104  0.81378359  0.75383730  0.75383730  0.76544804  0.75383730  0.64668881  0.59837390  0.59837390  0.64668881  0.65673824  0.58907474  0.73114334  0.74240418  0.78922511  0.78922511  0.74240418  0.74240418  0.69834443  0.80140348  0.66692466  0.65673824  0.62698647  0.61732672  0.68772372  0.73114334  0.67725183  0.69834443  0.67725183  
22_3_0     0.54423924  0.54423924  0.00000000  0.07044508  0.08442605  0.39485157  0.38073272  0.36687566  0.43888273  0.43136168  0.42391557  0.39485157  0.40924229  0.68772372  0.68772372  0.36004231  0.36004231  0.39485157  0.37377207  0.40924229  0.36687566  0.38073272  0.36004231  0.41654292  0.40924229  0.40924229  0.43136168  0.38775880  0.42391557  0.35327088  0.41654292  0.38775880  0.38775880  0.40201229  0.40201229  0.40924229  0.65673824  0.64668881  0.64668881  0.64668881  0.64668881  0.67725183  0.72004966  0.56185200  0.57081652  0.58907474  0.64668881  0.60779023  0.54423924  0.58907474  0.57081652  0.59837390  0.58907474  0.59837390  0.61732672  0.59837390  0.59837390  0.55299373  0.58907474  0.41654292  0.40201229  0.36004231  0.37377207  0.38073272  0.37377207  0.36004231  0.34656024  0.35327088  0.35327088  0.35327088  0.34656024  0.33990933  0.51021210  0.37377207  0.39485157  0.36687566  0.36687566  0.60779023  0.60779023  0.69834443  0.69834443  0.65673824  0.67725183  0.68772372  0.70911825  0.52703203  0.52703203  0.51021210  0.48567138  0.53558611  0.47766701  0.56185200  0.57081652  0.58907474  0.58907474  0.60779023  0.59837390  0.57081652  0.53558611  0.59837390  0.58907474  0.40924229  0.39485157  0.43136168  0.47766701  0.46974746  0.46191095  0.46191095  
47_3_0     0.53558611  0.53558611  0.07044508  0.00000000  0.06126766  0.39485157  0.38775880  0.37377207  0.43136168  0.43888273  0.43888273  0.43888273  0.43888273  0.75383730  0.75383730  0.36687566  0.37377207  0.39485157  0.37377207  0.40924229  0.38073272  0.39485157  0.37377207  0.49376241  0.47766701  0.48567138  0.44648023  0.38775880  0.43888273  0.36687566  0.42391557  0.40201229  0.40201229  0.41654292  0.43136168  0.43888273  0.64668881  0.63677271  0.63677271  0.63677271  0.61732672  0.62698647  0.68772372  0.58907474  0.59837390  0.61732672  0.72004966  0.59837390  0.54423924  0.61732672  0.57081652  0.54423924  0.57081652  0.65673824  0.65673824  0.59837390  0.59837390  0.57081652  0.58907474  0.43888273  0.43888273  0.39485157  0.40924229  0.41654292  0.40924229  0.38775880  0.37377207  0.38073272  0.38073272  0.38073272  0.38775880  0.38073272  0.53558611  0.40924229  0.43136168  0.40201229  0.40201229  0.60779023  0.60779023  0.68772372  0.66692466  0.66692466  0.68772372  0.67725183  0.69834443  0.56185200  0.57988987  0.54423924  0.51857475  0.52703203  0.49376241  0.56185200  0.57081652  0.60779023  0.60779023  0.58907474  0.59837390  0.59837390  0.55299373  0.63677271  0.64668881  0.44648023  0.44648023  0.45415577  0.47766701  0.48567138  0.47766701  0.47766701  
18_3_0     0.53558611  0.53558611  0.08442605  0.06126766  0.00000000  0.41654292  0.38073272  0.36687566  0.42391557  0.43888273  0.42391557  0.42391557  0.42391557  0.69834443  0.69834443  0.39485157  0.39485157  0.43136168  0.42391557  0.41654292  0.40201229  0.41654292  0.39485157  0.47766701  0.46191095  0.46974746  0.41654292  0.37377207  0.41654292  0.34656024  0.43136168  0.38775880  0.38775880  0.40201229  0.43888273  0.43136168  0.63677271  0.62698647  0.62698647  0.62698647  0.65673824  0.66692466  0.65673824  0.59837390  0.61732672  0.62698647  0.72004966  0.59837390  0.56185200  0.59837390  0.58907474  0.57988987  0.60779023  0.63677271  0.64668881  0.63677271  0.63677271  0.57988987  0.59837390  0.45415577  0.45415577  0.42391557  0.42391557  0.43136168  0.42391557  0.38073272  0.36687566  0.37377207  0.37377207  0.37377207  0.38073272  0.37377207  0.51021210  0.40924229  0.43136168  0.38775880  0.40201229  0.57081652  0.57081652  0.69834443  0.64668881  0.63677271  0.65673824  0.66692466  0.68772372  0.57988987  0.56185200  0.57081652  0.54423924  0.53558611  0.51021210  0.55299373  0.56185200  0.57988987  0.57988987  0.59837390  0.63677271  0.58907474  0.55299373  0.64668881  0.65673824  0.46974746  0.45415577  0.46191095  0.53558611  0.54423924  0.53558611  0.53558611  
1_3_0      0.61732672  0.61732672  0.39485157  0.39485157  0.41654292  0.00000000  0.12801026  0.12304014  0.18498114  0.32678248  0.30751465  0.30120087  0.30751465  0.83917659  0.83917659  0.43888273  0.45415577  0.42391557  0.43888273  0.44648023  0.44648023  0.45415577  0.44648023  0.51021210  0.56185200  0.51857475  0.50194200  0.47766701  0.46191095  0.46974746  0.47766701  0.45415577  0.45415577  0.46191095  0.48567138  0.47766701  0.63677271  0.63677271  0.63677271  0.63677271  0.66692466  0.73114334  0.77724202  0.62698647  0.63677271  0.65673824  0.70911825  0.62698647  0.64668881  0.67725183  0.65673824  0.64668881  0.69834443  0.66692466  0.69834443  0.68772372  0.73114334  0.68772372  0.63677271  0.46974746  0.44648023  0.44648023  0.43888273  0.44648023  0.43888273  0.43888273  0.43136168  0.44648023  0.44648023  0.44648023  0.44648023  0.43136168  0.57081652  0.45415577  0.48567138  0.45415577  0.45415577  0.67725183  0.67725183  0.87896098  0.77724202  0.77724202  0.78922511  0.81378359  0.77724202  0.68772372  0.62698647  0.61732672  0.59837390  0.64668881  0.57988987  0.65673824  0.66692466  0.62698647  0.62698647  0.63677271  0.70911825  0.73114334  0.65673824  0.72004966  0.73114334  0.50194200  0.48567138  0.52703203  0.59837390  0.60779023  0.59837390  0.61732672  
23_3_0     0.62698647  0.62698647  0.38073272  0.38775880  0.38073272  0.12801026  0.00000000  0.02130934  0.09389414  0.33990933  0.32030452  0.33331708  0.33990933  0.76544804  0.76544804  0.49376241  0.51021210  0.49376241  0.49376241  0.51857475  0.50194200  0.51021210  0.50194200  0.51857475  0.57081652  0.51857475  0.54423924  0.50194200  0.47766701  0.46974746  0.51021210  0.46974746  0.46974746  0.47766701  0.56185200  0.55299373  0.65673824  0.65673824  0.65673824  0.65673824  0.67725183  0.80140348  0.81378359  0.67725183  0.66692466  0.68772372  0.74240418  0.64668881  0.73114334  0.76544804  0.74240418  0.73114334  0.69834443  0.70911825  0.72004966  0.67725183  0.72004966  0.76544804  0.67725183  0.42391557  0.46191095  0.43136168  0.45415577  0.46191095  0.45415577  0.45415577  0.46191095  0.44648023  0.44648023  0.44648023  0.46191095  0.44648023  0.58907474  0.45415577  0.50194200  0.45415577  0.45415577  0.65673824  0.65673824  0.77724202  0.85220414  0.66692466  0.68772372  0.73114334  0.74240418  0.68772372  0.66692466  0.72004966  0.69834443  0.73114334  0.63677271  0.64668881  0.65673824  0.63677271  0.63677271  0.62698647  0.67725183  0.69834443  0.66692466  0.72004966  0.73114334  0.51857475  0.50194200  0.56185200  0.64668881  0.61732672  0.60779023  0.62698647  
3_3_0      0.58907474  0.58907474  0.36687566  0.37377207  0.36687566  0.12304014  0.02130934  0.00000000  0.08914510  0.34656024  0.32678248  0.33990933  0.34656024  0.77724202  0.77724202  0.49376241  0.51021210  0.49376241  0.49376241  0.51857475  0.50194200  0.51021210  0.50194200  0.50194200  0.56185200  0.51021210  0.52703203  0.48567138  0.47766701  0.46974746  0.48567138  0.46974746  0.46974746  0.47766701  0.57081652  0.56185200  0.63677271  0.63677271  0.63677271  0.63677271  0.67725183  0.77724202  0.81378359  0.65673824  0.64668881  0.66692466  0.72004966  0.62698647  0.70911825  0.74240418  0.72004966  0.70911825  0.69834443  0.68772372  0.72004966  0.65673824  0.69834443  0.74240418  0.65673824  0.42391557  0.46191095  0.43136168  0.45415577  0.46191095  0.45415577  0.45415577  0.46191095  0.44648023  0.44648023  0.44648023  0.46191095  0.44648023  0.58907474  0.45415577  0.50194200  0.45415577  0.45415577  0.65673824  0.65673824  0.77724202  0.86546282  0.67725183  0.69834443  0.74240418  0.75383730  0.66692466  0.64668881  0.69834443  0.66692466  0.70911825  0.61732672  0.67725183  0.68772372  0.66692466  0.66692466  0.65673824  0.68772372  0.70911825  0.65673824  0.73114334  0.74240418  0.51857475  0.50194200  0.56185200  0.63677271  0.60779023  0.59837390  0.61732672  
32_3_0     0.64668881  0.64668881  0.43888273  0.43136168  0.42391557  0.18498114  0.09389414  0.08914510  0.00000000  0.38073272  0.36004231  0.39485157  0.37377207  0.72004966  0.72004966  0.55299373  0.57988987  0.56185200  0.57988987  0.57081652  0.57081652  0.56185200  0.55299373  0.55299373  0.61732672  0.56185200  0.54423924  0.50194200  0.49376241  0.47766701  0.55299373  0.46974746  0.46974746  0.46191095  0.56185200  0.55299373  0.65673824  0.65673824  0.65673824  0.65673824  0.72004966  0.82637225  0.76544804  0.66692466  0.67725183  0.69834443  0.73114334  0.67725183  0.67725183  0.74240418  0.72004966  0.70911825  0.65673824  0.68772372  0.67725183  0.70911825  0.70911825  0.80140348  0.68772372  0.47766701  0.52703203  0.51857475  0.49376241  0.50194200  0.49376241  0.51021210  0.50194200  0.48567138  0.48567138  0.48567138  0.50194200  0.48567138  0.61732672  0.52703203  0.57081652  0.52703203  0.52703203  0.63677271  0.63677271  0.75383730  0.85220414  0.69834443  0.72004966  0.74240418  0.75383730  0.72004966  0.69834443  0.72004966  0.70911825  0.69834443  0.66692466  0.66692466  0.67725183  0.67725183  0.67725183  0.66692466  0.69834443  0.74240418  0.66692466  0.78922511  0.80140348  0.51021210  0.51021210  0.57081652  0.61732672  0.60779023  0.59837390  0.61732672  
4_3_0      0.73114334  0.73114334  0.43136168  0.43888273  0.43888273  0.32678248  0.33990933  0.34656024  0.38073272  0.00000000  0.05672087  0.07044508  0.07507640  0.82637225  0.82637225  0.51857475  0.52703203  0.47766701  0.51857475  0.44648023  0.46974746  0.46974746  0.46191095  0.50194200  0.51021210  0.51021210  0.54423924  0.50194200  0.49376241  0.47766701  0.55299373  0.49376241  0.49376241  0.51021210  0.51857475  0.51021210  0.78922511  0.81378359  0.81378359  0.81378359  0.83917659  0.92098294  1.01285740  0.76544804  0.73114334  0.76544804  0.73114334  0.69834443  0.74240418  0.86546282  0.81378359  0.77724202  0.80140348  0.76544804  0.75383730  0.70911825  0.68772372  0.80140348  0.73114334  0.48567138  0.49376241  0.50194200  0.46191095  0.46974746  0.46191095  0.43888273  0.49376241  0.48567138  0.48567138  0.48567138  0.45415577  0.43888273  0.63677271  0.47766701  0.51021210  0.47766701  0.47766701  0.69834443  0.69834443  0.74240418  0.77724202  0.73114334  0.75383730  0.67725183  0.66692466  0.65673824  0.57988987  0.55299373  0.55299373  0.56185200  0.54423924  0.70911825  0.72004966  0.70911825  0.70911825  0.67725183  0.69834443  0.78922511  0.69834443  0.78922511  0.77724202  0.54423924  0.55299373  0.58907474  0.66692466  0.69834443  0.70911825  0.70911825  
39_3_0     0.67725183  0.67725183  0.42391557  0.43888273  0.42391557  0.30751465  0.32030452  0.32678248  0.36004231  0.05672087  0.00000000  0.03880539  0.04324416  0.82637225  0.82637225  0.55299373  0.54423924  0.49376241  0.57081652  0.47766701  0.50194200  0.50194200  0.49376241  0.52703203  0.54423924  0.53558611  0.51857475  0.48567138  0.48567138  0.46974746  0.54423924  0.48567138  0.48567138  0.50194200  0.49376241  0.48567138  0.73114334  0.75383730  0.75383730  0.75383730  0.77724202  0.87896098  0.93553226  0.72004966  0.69834443  0.73114334  0.72004966  0.68772372  0.68772372  0.80140348  0.75383730  0.72004966  0.76544804  0.73114334  0.69834443  0.68772372  0.66692466  0.76544804  0.70911825  0.45415577  0.47766701  0.46974746  0.43136168  0.43888273  0.43136168  0.40924229  0.46191095  0.45415577  0.45415577  0.45415577  0.42391557  0.40924229  0.56185200  0.43136168  0.46974746  0.43136168  0.43136168  0.68772372  0.68772372  0.76544804  0.73114334  0.70911825  0.73114334  0.67725183  0.66692466  0.64668881  0.57081652  0.56185200  0.56185200  0.56185200  0.53558611  0.66692466  0.67725183  0.65673824  0.65673824  0.63677271  0.67725183  0.73114334  0.66692466  0.78922511  0.77724202  0.54423924  0.54423924  0.58907474  0.66692466  0.67725183  0.68772372  0.68772372  
10_3_0     0.70911825  0.70911825  0.39485157  0.43888273  0.42391557  0.30120087  0.33331708  0.33990933  0.39485157  0.07044508  0.03880539  0.00000000  0.02130934  0.87896098  0.87896098  0.54423924  0.53558611  0.48567138  0.57081652  0.46974746  0.49376241  0.49376241  0.48567138  0.51857475  0.54423924  0.52703203  0.51857475  0.48567138  0.48567138  0.46974746  0.54423924  0.50194200  0.50194200  0.51857475  0.50194200  0.49376241  0.74240418  0.76544804  0.76544804  0.76544804  0.75383730  0.86546282  0.90671147  0.72004966  0.68772372  0.69834443  0.68772372  0.67725183  0.67725183  0.76544804  0.73114334  0.69834443  0.73114334  0.74240418  0.73114334  0.72004966  0.69834443  0.70911825  0.67725183  0.46974746  0.47766701  0.48567138  0.46191095  0.46974746  0.46191095  0.43136168  0.48567138  0.46974746  0.46974746  0.46974746  0.42391557  0.40924229  0.58907474  0.44648023  0.48567138  0.44648023  0.44648023  0.74240418  0.74240418  0.80140348  0.74240418  0.70911825  0.73114334  0.69834443  0.69834443  0.62698647  0.56185200  0.53558611  0.55299373  0.57081652  0.52703203  0.67725183  0.68772372  0.64668881  0.64668881  0.61732672  0.73114334  0.70911825  0.63677271  0.75383730  0.74240418  0.52703203  0.52703203  0.55299373  0.65673824  0.65673824  0.66692466  0.66692466  
58_3_0     0.68772372  0.68772372  0.40924229  0.43888273  0.42391557  0.30751465  0.33990933  0.34656024  0.37377207  0.07507640  0.04324416  0.02130934  0.00000000  0.81378359  0.81378359  0.53558611  0.52703203  0.47766701  0.56185200  0.46191095  0.48567138  0.48567138  0.47766701  0.54423924  0.55299373  0.55299373  0.47766701  0.44648023  0.46191095  0.43136168  0.53558611  0.46191095  0.46191095  0.47766701  0.46191095  0.46974746  0.73114334  0.75383730  0.75383730  0.75383730  0.74240418  0.85220414  0.89270743  0.68772372  0.65673824  0.68772372  0.65673824  0.64668881  0.62698647  0.78922511  0.74240418  0.70911825  0.72004966  0.75383730  0.74240418  0.70911825  0.68772372  0.69834443  0.65673824  0.49376241  0.50194200  0.51021210  0.46974746  0.47766701  0.46974746  0.45415577  0.47766701  0.46191095  0.46191095  0.46191095  0.41654292  0.40201229  0.56185200  0.45415577  0.49376241  0.45415577  0.45415577  0.70911825  0.70911825  0.76544804  0.76544804  0.74240418  0.76544804  0.73114334  0.73114334  0.64668881  0.55299373  0.52703203  0.52703203  0.56185200  0.51857475  0.70911825  0.72004966  0.67725183  0.67725183  0.64668881  0.74240418  0.72004966  0.64668881  0.76544804  0.75383730  0.54423924  0.54423924  0.58907474  0.65673824  0.65673824  0.66692466  0.66692466  
14_0_0     0.73114334  0.73114334  0.68772372  0.75383730  0.69834443  0.83917659  0.76544804  0.77724202  0.72004966  0.82637225  0.82637225  0.87896098  0.81378359  0.00000000  0.00421354  0.69834443  0.68772372  0.65673824  0.67725183  0.67725183  0.72004966  0.72004966  0.68772372  0.73114334  0.76544804  0.70911825  0.64668881  0.64668881  0.64668881  0.67725183  0.74240418  0.66692466  0.66692466  0.64668881  0.63677271  0.62698647  0.77724202  0.78922511  0.78922511  0.78922511  0.82637225  0.93553226  0.87896098  0.74240418  0.73114334  0.73114334  0.75383730  0.72004966  0.64668881  0.74240418  0.74240418  0.77724202  0.82637225  0.73114334  0.85220414  0.70911825  0.65673824  0.68772372  0.69834443  0.66692466  0.70911825  0.67725183  0.69834443  0.68772372  0.69834443  0.66692466  0.65673824  0.67725183  0.67725183  0.67725183  0.67725183  0.67725183  0.77724202  0.72004966  0.70911825  0.73114334  0.73114334  0.85220414  0.85220414  0.83917659  0.93553226  0.80140348  0.81378359  0.77724202  0.77724202  0.64668881  0.62698647  0.59837390  0.70911825  0.69834443  0.60779023  0.72004966  0.70911825  0.72004966  0.72004966  0.75383730  0.80140348  0.68772372  0.74240418  0.75383730  0.74240418  0.64668881  0.62698647  0.63677271  0.70911825  0.75383730  0.77724202  0.76544804  
59_0_0     0.73114334  0.73114334  0.68772372  0.75383730  0.69834443  0.83917659  0.76544804  0.77724202  0.72004966  0.82637225  0.82637225  0.87896098  0.81378359  0.00421354  0.00000000  0.69834443  0.68772372  0.64668881  0.67725183  0.67725183  0.72004966  0.72004966  0.68772372  0.73114334  0.76544804  0.70911825  0.64668881  0.64668881  0.64668881  0.67725183  0.74240418  0.66692466  0.66692466  0.64668881  0.63677271  0.62698647  0.77724202  0.78922511  0.78922511  0.78922511  0.82637225  0.93553226  0.87896098  0.74240418  0.73114334  0.73114334  0.74240418  0.72004966  0.64668881  0.74240418  0.74240418  0.77724202  0.82637225  0.73114334  0.85220414  0.70911825  0.65673824  0.68772372  0.69834443  0.66692466  0.70911825  0.67725183  0.69834443  0.68772372  0.69834443  0.66692466  0.65673824  0.67725183  0.67725183  0.67725183  0.67725183  0.67725183  0.77724202  0.72004966  0.70911825  0.73114334  0.73114334  0.85220414  0.85220414  0.83917659  0.93553226  0.80140348  0.81378359  0.77724202  0.77724202  0.64668881  0.62698647  0.59837390  0.70911825  0.69834443  0.60779023  0.72004966  0.70911825  0.72004966  0.72004966  0.75383730  0.80140348  0.68772372  0.74240418  0.75383730  0.74240418  0.64668881  0.62698647  0.63677271  0.70911825  0.75383730  0.77724202  0.76544804  
58_0_0     0.57081652  0.57081652  0.36004231  0.36687566  0.39485157  0.43888273  0.49376241  0.49376241  0.55299373  0.51857475  0.55299373  0.54423924  0.53558611  0.69834443  0.69834443  0.00000000  0.01699858  0.07507640  0.05220158  0.22363561  0.18498114  0.19038230  0.15854579  0.33331708  0.38073272  0.33990933  0.28873112  0.24665603  0.23505719  0.26439897  0.31388222  0.21798963  0.21798963  0.22363561  0.27040814  0.27646602  0.59837390  0.60779023  0.60779023  0.60779023  0.64668881  0.58907474  0.69834443  0.51857475  0.52703203  0.52703203  0.67725183  0.59837390  0.52703203  0.59837390  0.57081652  0.57988987  0.53558611  0.57988987  0.68772372  0.57081652  0.55299373  0.57081652  0.59837390  0.49376241  0.43136168  0.46191095  0.47766701  0.48567138  0.47766701  0.41654292  0.44648023  0.42391557  0.42391557  0.42391557  0.42391557  0.40924229  0.54423924  0.43888273  0.44648023  0.44648023  0.44648023  0.67725183  0.67725183  0.72004966  0.76544804  0.72004966  0.72004966  0.73114334  0.73114334  0.61732672  0.64668881  0.61732672  0.58907474  0.60779023  0.57988987  0.65673824  0.64668881  0.63677271  0.63677271  0.61732672  0.72004966  0.68772372  0.60779023  0.62698647  0.61732672  0.46974746  0.46191095  0.51021210  0.51857475  0.48567138  0.49376241  0.49376241  
10_0_0     0.57081652  0.57081652  0.36004231  0.37377207  0.39485157  0.45415577  0.51021210  0.51021210  0.57988987  0.52703203  0.54423924  0.53558611  0.52703203  0.68772372  0.68772372  0.01699858  0.00000000  0.07507640  0.06126766  0.22363561  0.18498114  0.19038230  0.15854579  0.33331708  0.38073272  0.33990933  0.27646602  0.25252366  0.24665603  0.26439897  0.32030452  0.22932458  0.22932458  0.23505719  0.28257341  0.28873112  0.61732672  0.62698647  0.62698647  0.62698647  0.66692466  0.60779023  0.70911825  0.53558611  0.54423924  0.54423924  0.68772372  0.61732672  0.54423924  0.61732672  0.58907474  0.59837390  0.55299373  0.59837390  0.68772372  0.58907474  0.57081652  0.58907474  0.60779023  0.51021210  0.44648023  0.47766701  0.49376241  0.50194200  0.49376241  0.43136168  0.46191095  0.43888273  0.43888273  0.43888273  0.42391557  0.40924229  0.55299373  0.45415577  0.46191095  0.46191095  0.46191095  0.67725183  0.67725183  0.70911825  0.75383730  0.70911825  0.70911825  0.72004966  0.72004966  0.61732672  0.64668881  0.61732672  0.58907474  0.59837390  0.57988987  0.67725183  0.66692466  0.64668881  0.64668881  0.63677271  0.70911825  0.69834443  0.61732672  0.63677271  0.62698647  0.47766701  0.46191095  0.51857475  0.51021210  0.47766701  0.48567138  0.48567138  
4_0_0      0.60779023  0.60779023  0.39485157  0.39485157  0.43136168  0.42391557  0.49376241  0.49376241  0.56185200  0.47766701  0.49376241  0.48567138  0.47766701  0.65673824  0.64668881  0.07507640  0.07507640  0.00000000  0.07507640  0.20682402  0.17961873  0.19038230  0.15336910  0.31388222  0.38775880  0.33331708  0.28257341  0.25843773  0.23505719  0.23505719  0.31388222  0.21798963  0.21798963  0.22363561  0.25252366  0.27040814  0.61732672  0.62698647  0.62698647  0.62698647  0.61732672  0.64668881  0.70911825  0.55299373  0.56185200  0.56185200  0.63677271  0.60779023  0.55299373  0.64668881  0.61732672  0.60779023  0.61732672  0.57081652  0.65673824  0.53558611  0.51857475  0.60779023  0.57988987  0.46974746  0.41654292  0.45415577  0.45415577  0.46191095  0.45415577  0.42391557  0.45415577  0.43136168  0.43136168  0.43136168  0.38775880  0.37377207  0.53558611  0.43136168  0.43888273  0.43888273  0.43888273  0.68772372  0.68772372  0.74240418  0.85220414  0.75383730  0.75383730  0.74240418  0.74240418  0.58907474  0.59837390  0.56185200  0.51857475  0.56185200  0.52703203  0.69834443  0.68772372  0.66692466  0.66692466  0.63677271  0.65673824  0.69834443  0.65673824  0.69834443  0.68772372  0.48567138  0.46974746  0.49376241  0.57081652  0.53558611  0.56185200  0.56185200  
39_0_0     0.55299373  0.55299373  0.37377207  0.37377207  0.42391557  0.43888273  0.49376241  0.49376241  0.57988987  0.51857475  0.57081652  0.57081652  0.56185200  0.67725183  0.67725183  0.05220158  0.06126766  0.07507640  0.00000000  0.20130316  0.15336910  0.16375858  0.14822803  0.32030452  0.37377207  0.32678248  0.27646602  0.26439897  0.24083411  0.27646602  0.33331708  0.23505719  0.23505719  0.24083411  0.25843773  0.26439897  0.61732672  0.62698647  0.62698647  0.62698647  0.64668881  0.60779023  0.77724202  0.52703203  0.53558611  0.53558611  0.70911825  0.56185200  0.52703203  0.61732672  0.58907474  0.59837390  0.57081652  0.60779023  0.72004966  0.62698647  0.58907474  0.64668881  0.66692466  0.44648023  0.39485157  0.40201229  0.43136168  0.43888273  0.43136168  0.38775880  0.41654292  0.40924229  0.40924229  0.40924229  0.38073272  0.39485157  0.54423924  0.40924229  0.41654292  0.41654292  0.41654292  0.64668881  0.64668881  0.72004966  0.75383730  0.70911825  0.72004966  0.69834443  0.67725183  0.60779023  0.61732672  0.57988987  0.57081652  0.57988987  0.54423924  0.69834443  0.68772372  0.66692466  0.66692466  0.65673824  0.65673824  0.69834443  0.63677271  0.62698647  0.61732672  0.43888273  0.42391557  0.47766701  0.48567138  0.46974746  0.49376241  0.47766701  
32_0_0     0.56185200  0.56185200  0.40924229  0.40924229  0.41654292  0.44648023  0.51857475  0.51857475  0.57081652  0.44648023  0.47766701  0.46974746  0.46191095  0.67725183  0.67725183  0.22363561  0.22363561  0.20682402  0.20130316  0.00000000  0.05672087  0.06584229  0.07044508  0.33331708  0.39485157  0.33990933  0.34656024  0.32030452  0.28257341  0.32030452  0.40201229  0.28257341  0.28257341  0.29493999  0.26439897  0.27040814  0.73114334  0.72004966  0.72004966  0.72004966  0.68772372  0.77724202  0.85220414  0.63677271  0.64668881  0.63677271  0.75383730  0.66692466  0.60779023  0.62698647  0.59837390  0.60779023  0.61732672  0.58907474  0.68772372  0.64668881  0.60779023  0.64668881  0.63677271  0.43888273  0.41654292  0.42391557  0.42391557  0.41654292  0.42391557  0.39485157  0.38775880  0.40924229  0.40924229  0.40924229  0.36687566  0.36687566  0.47766701  0.41654292  0.39485157  0.42391557  0.42391557  0.68772372  0.68772372  0.67725183  0.68772372  0.70911825  0.72004966  0.69834443  0.67725183  0.58907474  0.59837390  0.57081652  0.54423924  0.59837390  0.56185200  0.58907474  0.59837390  0.61732672  0.61732672  0.59837390  0.61732672  0.60779023  0.57988987  0.67725183  0.66692466  0.46974746  0.45415577  0.47766701  0.60779023  0.57081652  0.56185200  0.54423924  
23_0_0     0.55299373  0.55299373  0.36687566  0.38073272  0.40201229  0.44648023  0.50194200  0.50194200  0.57081652  0.46974746  0.50194200  0.49376241  0.48567138  0.72004966  0.72004966  0.18498114  0.18498114  0.17961873  0.15336910  0.05672087  0.00000000  0.01699858  0.03000616  0.28873112  0.36004231  0.29493999  0.30751465  0.28873112  0.25252366  0.27646602  0.35327088  0.25252366  0.25252366  0.26439897  0.23505719  0.24083411  0.68772372  0.67725183  0.67725183  0.67725183  0.65673824  0.73114334  0.77724202  0.56185200  0.57081652  0.57988987  0.75383730  0.59837390  0.58907474  0.65673824  0.62698647  0.63677271  0.60779023  0.61732672  0.72004966  0.67725183  0.63677271  0.67725183  0.70911825  0.45415577  0.40201229  0.39485157  0.40924229  0.40201229  0.40924229  0.38073272  0.38775880  0.39485157  0.39485157  0.39485157  0.35327088  0.35327088  0.44648023  0.38775880  0.38073272  0.39485157  0.39485157  0.62698647  0.62698647  0.69834443  0.66692466  0.66692466  0.67725183  0.65673824  0.65673824  0.57081652  0.57988987  0.55299373  0.51021210  0.57988987  0.54423924  0.60779023  0.61732672  0.61732672  0.61732672  0.59837390  0.61732672  0.62698647  0.57988987  0.69834443  0.68772372  0.43888273  0.42391557  0.46191095  0.55299373  0.51857475  0.51021210  0.49376241  
3_0_0      0.56185200  0.56185200  0.38073272  0.39485157  0.41654292  0.45415577  0.51021210  0.51021210  0.56185200  0.46974746  0.50194200  0.49376241  0.48567138  0.72004966  0.72004966  0.19038230  0.19038230  0.19038230  0.16375858  0.06584229  0.01699858  0.00000000  0.03880539  0.28873112  0.36004231  0.29493999  0.31388222  0.29493999  0.25252366  0.30120087  0.34656024  0.25252366  0.25252366  0.25252366  0.24665603  0.25252366  0.72004966  0.70911825  0.70911825  0.70911825  0.68772372  0.75383730  0.77724202  0.57988987  0.58907474  0.59837390  0.76544804  0.61732672  0.60779023  0.64668881  0.61732672  0.62698647  0.59837390  0.60779023  0.73114334  0.68772372  0.64668881  0.67725183  0.72004966  0.47766701  0.40924229  0.41654292  0.42391557  0.41654292  0.42391557  0.40201229  0.40924229  0.41654292  0.41654292  0.41654292  0.37377207  0.37377207  0.46974746  0.40924229  0.39485157  0.40924229  0.40924229  0.62698647  0.62698647  0.69834443  0.65673824  0.67725183  0.68772372  0.66692466  0.67725183  0.57081652  0.60779023  0.56185200  0.51857475  0.57988987  0.55299373  0.62698647  0.63677271  0.63677271  0.63677271  0.61732672  0.62698647  0.64668881  0.59837390  0.70911825  0.69834443  0.44648023  0.43136168  0.46974746  0.56185200  0.52703203  0.51857475  0.50194200  
1_0_0      0.56185200  0.56185200  0.36004231  0.37377207  0.39485157  0.44648023  0.50194200  0.50194200  0.55299373  0.46191095  0.49376241  0.48567138  0.47766701  0.68772372  0.68772372  0.15854579  0.15854579  0.15336910  0.14822803  0.07044508  0.03000616  0.03880539  0.00000000  0.25843773  0.32678248  0.26439897  0.28873112  0.27040814  0.23505719  0.27040814  0.33331708  0.23505719  0.23505719  0.24665603  0.24083411  0.24665603  0.65673824  0.64668881  0.64668881  0.64668881  0.66692466  0.69834443  0.74240418  0.57081652  0.59837390  0.61732672  0.76544804  0.64668881  0.57988987  0.63677271  0.60779023  0.61732672  0.58907474  0.57988987  0.69834443  0.65673824  0.61732672  0.63677271  0.66692466  0.45415577  0.40201229  0.40924229  0.40924229  0.41654292  0.40924229  0.39485157  0.40201229  0.40924229  0.40924229  0.40924229  0.36687566  0.36687566  0.47766701  0.41654292  0.40924229  0.42391557  0.42391557  0.63677271  0.63677271  0.68772372  0.72004966  0.72004966  0.73114334  0.70911825  0.70911825  0.55299373  0.59837390  0.55299373  0.49376241  0.61732672  0.54423924  0.60779023  0.61732672  0.61732672  0.61732672  0.59837390  0.63677271  0.66692466  0.59837390  0.68772372  0.67725183  0.45415577  0.43888273  0.49376241  0.57081652  0.53558611  0.52703203  0.51021210  
46_0_0     0.59837390  0.59837390  0.41654292  0.49376241  0.47766701  0.51021210  0.51857475  0.50194200  0.55299373  0.50194200  0.52703203  0.51857475  0.54423924  0.73114334  0.73114334  0.33331708  0.33331708  0.31388222  0.32030452  0.33331708  0.28873112  0.28873112  0.25843773  0.00000000  0.07507640  0.01271255  0.37377207  0.36687566  0.33990933  0.33990933  0.36687566  0.34656024  0.34656024  0.33990933  0.40201229  0.39485157  0.73114334  0.73114334  0.73114334  0.73114334  0.74240418  0.75383730  0.98096104  0.61732672  0.64668881  0.64668881  0.68772372  0.72004966  0.66692466  0.64668881  0.64668881  0.65673824  0.64668881  0.57988987  0.74240418  0.74240418  0.66692466  0.68772372  0.66692466  0.53558611  0.52703203  0.50194200  0.50194200  0.51021210  0.50194200  0.51857475  0.54423924  0.55299373  0.55299373  0.55299373  0.54423924  0.52703203  0.64668881  0.51857475  0.48567138  0.52703203  0.52703203  0.66692466  0.67725183  0.75383730  0.69834443  0.72004966  0.74240418  0.72004966  0.68772372  0.59837390  0.63677271  0.57988987  0.51857475  0.66692466  0.57081652  0.67725183  0.68772372  0.67725183  0.67725183  0.67725183  0.63677271  0.67725183  0.68772372  0.75383730  0.74240418  0.54423924  0.52703203  0.57081652  0.55299373  0.57081652  0.59837390  0.59837390  
62_0_0     0.68772372  0.68772372  0.40924229  0.47766701  0.46191095  0.56185200  0.57081652  0.56185200  0.61732672  0.51021210  0.54423924  0.54423924  0.55299373  0.76544804  0.76544804  0.38073272  0.38073272  0.38775880  0.37377207  0.39485157  0.36004231  0.36004231  0.32678248  0.07507640  0.00000000  0.06126766  0.42391557  0.40201229  0.38775880  0.36004231  0.39485157  0.37377207  0.37377207  0.36687566  0.42391557  0.43136168  0.73114334  0.73114334  0.73114334  0.73114334  0.75383730  0.77724202  0.96550924  0.62698647  0.62698647  0.62698647  0.69834443  0.66692466  0.62698647  0.64668881  0.64668881  0.65673824  0.63677271  0.64668881  0.77724202  0.72004966  0.68772372  0.67725183  0.66692466  0.55299373  0.54423924  0.50194200  0.51857475  0.52703203  0.51857475  0.52703203  0.53558611  0.56185200  0.56185200  0.56185200  0.57081652  0.55299373  0.65673824  0.52703203  0.50194200  0.51857475  0.51857475  0.65673824  0.66692466  0.77724202  0.72004966  0.72004966  0.74240418  0.72004966  0.68772372  0.64668881  0.68772372  0.62698647  0.57988987  0.72004966  0.61732672  0.73114334  0.74240418  0.73114334  0.73114334  0.73114334  0.68772372  0.74240418  0.73114334  0.80140348  0.78922511  0.56185200  0.54423924  0.57988987  0.58907474  0.62698647  0.65673824  0.63677271  
40_0_0     0.60779023  0.60779023  0.40924229  0.48567138  0.46974746  0.51857475  0.51857475  0.51021210  0.56185200  0.51021210  0.53558611  0.52703203  0.55299373  0.70911825  0.70911825  0.33990933  0.33990933  0.33331708  0.32678248  0.33990933  0.29493999  0.29493999  0.26439897  0.01271255  0.06126766  0.00000000  0.38073272  0.37377207  0.34656024  0.34656024  0.37377207  0.35327088  0.35327088  0.34656024  0.40924229  0.40201229  0.74240418  0.74240418  0.74240418  0.74240418  0.77724202  0.76544804  0.99673907  0.60779023  0.63677271  0.63677271  0.69834443  0.70911825  0.65673824  0.65673824  0.65673824  0.66692466  0.65673824  0.58907474  0.75383730  0.75383730  0.67725183  0.67725183  0.67725183  0.54423924  0.53558611  0.49376241  0.51021210  0.51857475  0.51021210  0.52703203  0.53558611  0.56185200  0.56185200  0.56185200  0.55299373  0.53558611  0.65673824  0.52703203  0.49376241  0.53558611  0.53558611  0.67725183  0.68772372  0.76544804  0.70911825  0.73114334  0.75383730  0.73114334  0.69834443  0.60779023  0.66692466  0.60779023  0.54423924  0.69834443  0.59837390  0.68772372  0.69834443  0.68772372  0.68772372  0.68772372  0.66692466  0.68772372  0.69834443  0.76544804  0.75383730  0.53558611  0.51857475  0.56185200  0.56185200  0.57988987  0.60779023  0.58907474  
43_0_0     0.52703203  0.52703203  0.43136168  0.44648023  0.41654292  0.50194200  0.54423924  0.52703203  0.54423924  0.54423924  0.51857475  0.51857475  0.47766701  0.64668881  0.64668881  0.28873112  0.27646602  0.28257341  0.27646602  0.34656024  0.30751465  0.31388222  0.28873112  0.37377207  0.42391557  0.38073272  0.00000000  0.05672087  0.20130316  0.21238597  0.21238597  0.17429453  0.17429453  0.18498114  0.22932458  0.23505719  0.59837390  0.59837390  0.59837390  0.59837390  0.65673824  0.61732672  0.78922511  0.49376241  0.51857475  0.52703203  0.60779023  0.55299373  0.46191095  0.56185200  0.55299373  0.57988987  0.57081652  0.58907474  0.64668881  0.70911825  0.57988987  0.61732672  0.57988987  0.53558611  0.51021210  0.53558611  0.50194200  0.51021210  0.50194200  0.48567138  0.48567138  0.47766701  0.47766701  0.47766701  0.44648023  0.44648023  0.54423924  0.50194200  0.48567138  0.48567138  0.49376241  0.60779023  0.60779023  0.74240418  0.65673824  0.61732672  0.64668881  0.61732672  0.64668881  0.63677271  0.64668881  0.59837390  0.60779023  0.61732672  0.60779023  0.72004966  0.70911825  0.70911825  0.70911825  0.69834443  0.80140348  0.68772372  0.67725183  0.76544804  0.75383730  0.46974746  0.45415577  0.50194200  0.57081652  0.55299373  0.56185200  0.54423924  
13_0_0     0.50194200  0.50194200  0.38775880  0.38775880  0.37377207  0.47766701  0.50194200  0.48567138  0.50194200  0.50194200  0.48567138  0.48567138  0.44648023  0.64668881  0.64668881  0.24665603  0.25252366  0.25843773  0.26439897  0.32030452  0.28873112  0.29493999  0.27040814  0.36687566  0.40201229  0.37377207  0.05672087  0.00000000  0.16900799  0.16900799  0.19582278  0.13301366  0.13301366  0.14312208  0.21238597  0.21798963  0.63677271  0.64668881  0.64668881  0.64668881  0.70911825  0.63677271  0.76544804  0.51857475  0.54423924  0.55299373  0.63677271  0.57081652  0.49376241  0.59837390  0.58907474  0.59837390  0.55299373  0.60779023  0.66692466  0.72004966  0.58907474  0.57988987  0.55299373  0.51021210  0.50194200  0.51021210  0.49376241  0.50194200  0.49376241  0.46191095  0.46191095  0.45415577  0.45415577  0.45415577  0.43888273  0.42391557  0.54423924  0.46974746  0.45415577  0.45415577  0.46191095  0.57988987  0.57988987  0.67725183  0.62698647  0.58907474  0.60779023  0.58907474  0.61732672  0.63677271  0.62698647  0.59837390  0.58907474  0.59837390  0.58907474  0.69834443  0.70911825  0.73114334  0.73114334  0.69834443  0.83917659  0.70911825  0.69834443  0.78922511  0.77724202  0.49376241  0.49376241  0.52703203  0.57081652  0.55299373  0.56185200  0.54423924  
42_0_0     0.52703203  0.52703203  0.42391557  0.43888273  0.41654292  0.46191095  0.47766701  0.47766701  0.49376241  0.49376241  0.48567138  0.48567138  0.46191095  0.64668881  0.64668881  0.23505719  0.24665603  0.23505719  0.24083411  0.28257341  0.25252366  0.25252366  0.23505719  0.33990933  0.38775880  0.34656024  0.20130316  0.16900799  0.00000000  0.08914510  0.14822803  0.04324416  0.04324416  0.04770945  0.14822803  0.14312208  0.59837390  0.60779023  0.60779023  0.60779023  0.62698647  0.62698647  0.68772372  0.53558611  0.58907474  0.57988987  0.60779023  0.64668881  0.56185200  0.64668881  0.63677271  0.64668881  0.59837390  0.62698647  0.66692466  0.67725183  0.59837390  0.58907474  0.59837390  0.42391557  0.41654292  0.40924229  0.42391557  0.43136168  0.42391557  0.41654292  0.41654292  0.40924229  0.40924229  0.40924229  0.40924229  0.39485157  0.48567138  0.42391557  0.43888273  0.43136168  0.43136168  0.56185200  0.56185200  0.64668881  0.61732672  0.57988987  0.57988987  0.58907474  0.58907474  0.56185200  0.61732672  0.55299373  0.54423924  0.56185200  0.52703203  0.62698647  0.63677271  0.61732672  0.61732672  0.58907474  0.65673824  0.68772372  0.60779023  0.69834443  0.70911825  0.41654292  0.42391557  0.46974746  0.60779023  0.60779023  0.61732672  0.59837390  
7_0_0      0.56185200  0.56185200  0.35327088  0.36687566  0.34656024  0.46974746  0.46974746  0.46974746  0.47766701  0.47766701  0.46974746  0.46974746  0.43136168  0.67725183  0.67725183  0.26439897  0.26439897  0.23505719  0.27646602  0.32030452  0.27646602  0.30120087  0.27040814  0.33990933  0.36004231  0.34656024  0.21238597  0.16900799  0.08914510  0.00000000  0.17429453  0.07044508  0.07044508  0.07507640  0.16900799  0.18498114  0.66692466  0.67725183  0.67725183  0.67725183  0.65673824  0.66692466  0.70911825  0.55299373  0.60779023  0.59837390  0.60779023  0.68772372  0.56185200  0.73114334  0.72004966  0.73114334  0.63677271  0.64668881  0.64668881  0.70911825  0.60779023  0.58907474  0.59837390  0.46974746  0.46191095  0.46974746  0.46974746  0.47766701  0.46974746  0.44648023  0.44648023  0.42391557  0.42391557  0.42391557  0.40924229  0.39485157  0.46191095  0.43888273  0.45415577  0.43136168  0.44648023  0.57081652  0.57081652  0.63677271  0.64668881  0.60779023  0.60779023  0.63677271  0.63677271  0.65673824  0.64668881  0.59837390  0.55299373  0.58907474  0.55299373  0.65673824  0.66692466  0.64668881  0.64668881  0.61732672  0.64668881  0.68772372  0.65673824  0.73114334  0.74240418  0.46191095  0.45415577  0.48567138  0.55299373  0.57081652  0.57988987  0.57988987  
