25
39_0_0     0.00000000  0.05657835  0.04201341  0.11796164  0.10999769  0.07899099  0.32518619  0.16767989  0.18504237  0.18944891  0.29387842  0.30936290  0.28878974  0.26878569  0.26878569  0.24453449  0.24453449  0.25413761  0.29387842  0.29387842  0.30416448  0.28878974  0.27373507  0.30416448  0.29387842  
57_0_0     0.05657835  0.00000000  0.01373505  0.12601426  0.11796164  0.09432818  0.34683729  0.20734858  0.21646734  0.22107021  0.30936290  0.33593072  0.31459895  0.28373662  0.28373662  0.24932011  0.24932011  0.27871855  0.32518619  0.32518619  0.31459895  0.29900317  0.28373662  0.33593072  0.31987320  
62_0_0     0.04201341  0.01373505  0.00000000  0.11796164  0.10999769  0.07899099  0.32518619  0.19388246  0.20283195  0.20734858  0.28878974  0.31459895  0.29387842  0.27373507  0.27373507  0.23036476  0.23036476  0.25898741  0.30416448  0.30416448  0.30416448  0.28878974  0.27373507  0.32518619  0.30936290  
57_4_0     0.11796164  0.12601426  0.11796164  0.00000000  0.03127903  0.04925921  0.37484580  0.23978033  0.24932011  0.25413761  0.31987320  0.33593072  0.33593072  0.32518619  0.31987320  0.28878974  0.28878974  0.27871855  0.27373507  0.27373507  0.28878974  0.27871855  0.26386996  0.32518619  0.30416448  
62_4_0     0.10999769  0.11796164  0.10999769  0.03127903  0.00000000  0.04925921  0.36915665  0.22570255  0.23505723  0.23978033  0.31987320  0.33593072  0.33593072  0.32518619  0.31987320  0.28878974  0.28878974  0.27871855  0.29900317  0.29900317  0.29900317  0.29900317  0.28373662  0.33053850  0.31987320  
39_4_0     0.07899099  0.09432818  0.07899099  0.04925921  0.04925921  0.00000000  0.33053850  0.20734858  0.21646734  0.21189359  0.28878974  0.31459895  0.30416448  0.30416448  0.29900317  0.24932011  0.24932011  0.24453449  0.28878974  0.28878974  0.28878974  0.28373662  0.26878569  0.30936290  0.29387842  
34_1_0     0.32518619  0.34683729  0.32518619  0.37484580  0.36915665  0.33053850  0.00000000  0.23505723  0.23978033  0.23505723  0.30936290  0.35235288  0.30936290  0.27871855  0.28878974  0.24932011  0.24932011  0.27871855  0.45958426  0.45958426  0.46603456  0.44685372  0.44057152  0.42816849  0.42204585  
55_1_0     0.16767989  0.20734858  0.19388246  0.23978033  0.22570255  0.20734858  0.23505723  0.00000000  0.02773602  0.02421028  0.23505723  0.27373507  0.23978033  0.21189359  0.21189359  0.18504237  0.18504237  0.19388246  0.34683729  0.34683729  0.36915665  0.33593072  0.31987320  0.33053850  0.31987320  
56_1_0     0.18504237  0.21646734  0.20283195  0.24932011  0.23505723  0.21646734  0.23978033  0.02773602  0.00000000  0.01720996  0.22107021  0.26878569  0.22570255  0.19388246  0.19388246  0.16767989  0.16767989  0.17630903  0.35791087  0.35791087  0.39218683  0.35791087  0.34136344  0.33053850  0.31987320  
33_1_0     0.18944891  0.22107021  0.20734858  0.25413761  0.23978033  0.21189359  0.23505723  0.02421028  0.01720996  0.00000000  0.23036476  0.27871855  0.23505723  0.21646734  0.21646734  0.17198159  0.17198159  0.18066251  0.35235288  0.35235288  0.38636016  0.35235288  0.33593072  0.32518619  0.30936290  
56_0_0     0.29387842  0.30936290  0.28878974  0.31987320  0.31987320  0.28878974  0.30936290  0.23505723  0.22107021  0.23036476  0.00000000  0.05290952  0.03483948  0.16767989  0.16767989  0.12601426  0.12197674  0.14654705  0.35235288  0.35235288  0.35791087  0.34136344  0.34136344  0.38058007  0.38636016  
33_0_0     0.30936290  0.33593072  0.31459895  0.33593072  0.33593072  0.31459895  0.35235288  0.27373507  0.26878569  0.27871855  0.05290952  0.00000000  0.06026588  0.17630903  0.17630903  0.15492623  0.15072451  0.16767989  0.36351190  0.36351190  0.38058007  0.35791087  0.35791087  0.41597461  0.42204585  
55_0_0     0.28878974  0.31459895  0.29387842  0.33593072  0.33593072  0.30416448  0.30936290  0.23978033  0.22570255  0.23505723  0.03483948  0.06026588  0.00000000  0.16340363  0.16340363  0.13415755  0.13007444  0.14654705  0.35791087  0.35791087  0.36351190  0.34683729  0.34683729  0.38058007  0.38636016  
75_2_0     0.26878569  0.28373662  0.27373507  0.32518619  0.32518619  0.30416448  0.27871855  0.21189359  0.19388246  0.21646734  0.16767989  0.17630903  0.16340363  0.00000000  0.00683492  0.09046328  0.09046328  0.10604837  0.34136344  0.34136344  0.33053850  0.34136344  0.33593072  0.40995391  0.40398292  
43_2_0     0.26878569  0.28373662  0.27373507  0.31987320  0.31987320  0.29900317  0.28878974  0.21189359  0.19388246  0.21646734  0.16767989  0.17630903  0.16340363  0.00683492  0.00000000  0.09821384  0.09821384  0.10604837  0.34136344  0.34136344  0.33053850  0.34136344  0.33593072  0.41597461  0.40995391  
43_0_0     0.24453449  0.24932011  0.23036476  0.28878974  0.28878974  0.24932011  0.24932011  0.18504237  0.16767989  0.17198159  0.12601426  0.15492623  0.13415755  0.09046328  0.09821384  0.00000000  0.00683492  0.05657835  0.36351190  0.36351190  0.35791087  0.35791087  0.34136344  0.35235288  0.35235288  
75_0_0     0.24453449  0.24932011  0.23036476  0.28878974  0.28878974  0.24932011  0.24932011  0.18504237  0.16767989  0.17198159  0.12197674  0.15072451  0.13007444  0.09046328  0.09821384  0.00683492  0.00000000  0.05290952  0.36351190  0.36351190  0.35791087  0.35791087  0.34136344  0.35791087  0.35235288  
34_0_0     0.25413761  0.27871855  0.25898741  0.27871855  0.27871855  0.24453449  0.27871855  0.19388246  0.17630903  0.18066251  0.14654705  0.16767989  0.14654705  0.10604837  0.10604837  0.05657835  0.05290952  0.00000000  0.33593072  0.33593072  0.33053850  0.33053850  0.32518619  0.35235288  0.36351190  
5_0_0      0.29387842  0.32518619  0.30416448  0.27373507  0.29900317  0.28878974  0.45958426  0.34683729  0.35791087  0.35235288  0.35235288  0.36351190  0.35791087  0.34136344  0.34136344  0.36351190  0.36351190  0.33593072  0.00000000  0.00000000  0.07144267  0.04925921  0.05290952  0.29900317  0.29900317  
47_0_0     0.29387842  0.32518619  0.30416448  0.27373507  0.29900317  0.28878974  0.45958426  0.34683729  0.35791087  0.35235288  0.35235288  0.36351190  0.35791087  0.34136344  0.34136344  0.36351190  0.36351190  0.33593072  0.00000000  0.00000000  0.07144267  0.04925921  0.05290952  0.29900317  0.29900317  
44_0_0     0.30416448  0.31459895  0.30416448  0.28878974  0.29900317  0.28878974  0.46603456  0.36915665  0.39218683  0.38636016  0.35791087  0.38058007  0.36351190  0.33053850  0.33053850  0.35791087  0.35791087  0.33053850  0.07144267  0.07144267  0.00000000  0.04562724  0.04925921  0.28373662  0.28373662  
65_0_0     0.28878974  0.29900317  0.28878974  0.27871855  0.29900317  0.28373662  0.44685372  0.33593072  0.35791087  0.35235288  0.34136344  0.35791087  0.34683729  0.34136344  0.34136344  0.35791087  0.35791087  0.33053850  0.04925921  0.04925921  0.04562724  0.00000000  0.01720996  0.28373662  0.28373662  
50_0_0     0.27373507  0.28373662  0.27373507  0.26386996  0.28373662  0.26878569  0.44057152  0.31987320  0.34136344  0.33593072  0.34136344  0.35791087  0.34683729  0.33593072  0.33593072  0.34136344  0.34136344  0.32518619  0.05290952  0.05290952  0.04925921  0.01720996  0.00000000  0.28373662  0.27871855  
16_0_0     0.30416448  0.33593072  0.32518619  0.32518619  0.33053850  0.30936290  0.42816849  0.33053850  0.33053850  0.32518619  0.38058007  0.41597461  0.38058007  0.40995391  0.41597461  0.35235288  0.35791087  0.35235288  0.29900317  0.29900317  0.28373662  0.28373662  0.28373662  0.00000000  0.03483948  
52_0_0     0.29387842  0.31987320  0.30936290  0.30416448  0.31987320  0.29387842  0.42204585  0.31987320  0.31987320  0.30936290  0.38636016  0.42204585  0.38636016  0.40398292  0.40995391  0.35235288  0.35235288  0.36351190  0.29900317  0.29900317  0.28373662  0.28373662  0.27871855  0.03483948  0.00000000  

