20
5_0_0      0.00000000  0.07744482  0.06932521  0.18253954  0.19201033  0.21132354  0.17318846  0.18253954  0.17318846  0.14582408  0.15483355  0.35088487  0.35088487  0.39972084  0.41245067  0.41245067  0.45200953  0.43858685  0.43858685  0.41245067  
4_0_0      0.07744482  0.00000000  0.02239434  0.12812773  0.13692300  0.16395409  0.13692300  0.14582408  0.13692300  0.11084478  0.11943579  0.35088487  0.37489999  0.45200953  0.41245067  0.38720634  0.42540336  0.41245067  0.41245067  0.38720634  
3_0_0      0.06932521  0.02239434  0.00000000  0.11943579  0.14582408  0.17318846  0.14582408  0.15483355  0.14582408  0.10235237  0.11084478  0.33916343  0.36279500  0.43858685  0.39972084  0.37489999  0.43858685  0.42540336  0.42540336  0.39972084  
6_0_0      0.18253954  0.12812773  0.11943579  0.00000000  0.12812773  0.16395409  0.15483355  0.14582408  0.18253954  0.14582408  0.15483355  0.42540336  0.42540336  0.46568022  0.38720634  0.36279500  0.42540336  0.41245067  0.41245067  0.38720634  
1_0_0      0.19201033  0.13692300  0.14582408  0.12812773  0.00000000  0.07744482  0.09395634  0.10235237  0.09395634  0.11943579  0.12812773  0.41245067  0.41245067  0.46568022  0.46568022  0.46568022  0.42540336  0.41245067  0.41245067  0.43858685  
9_0_0      0.21132354  0.16395409  0.17318846  0.16395409  0.07744482  0.00000000  0.11943579  0.12812773  0.11943579  0.12812773  0.13692300  0.38720634  0.37489999  0.43858685  0.38720634  0.39972084  0.37489999  0.36279500  0.36279500  0.41245067  
2_0_0      0.17318846  0.13692300  0.14582408  0.15483355  0.09395634  0.11943579  0.00000000  0.00738972  0.12812773  0.11943579  0.12812773  0.36279500  0.33916343  0.41245067  0.43858685  0.41245067  0.35088487  0.33916343  0.33916343  0.33916343  
8_0_0      0.18253954  0.14582408  0.15483355  0.14582408  0.10235237  0.12812773  0.00738972  0.00000000  0.13692300  0.12812773  0.13692300  0.37489999  0.35088487  0.39972084  0.42540336  0.39972084  0.33916343  0.32762479  0.32762479  0.32762479  
10_0_0     0.17318846  0.13692300  0.14582408  0.18253954  0.09395634  0.11943579  0.12812773  0.13692300  0.00000000  0.07744482  0.08565452  0.33916343  0.38720634  0.46568022  0.43858685  0.43858685  0.37489999  0.36279500  0.36279500  0.35088487  
7_0_0      0.14582408  0.11084478  0.10235237  0.14582408  0.11943579  0.12812773  0.11943579  0.12812773  0.07744482  0.00000000  0.00738972  0.30507373  0.35088487  0.45200953  0.39972084  0.37489999  0.36279500  0.35088487  0.35088487  0.35088487  
11_0_0     0.15483355  0.11943579  0.11084478  0.15483355  0.12812773  0.13692300  0.12812773  0.13692300  0.08565452  0.00738972  0.00000000  0.29405083  0.33916343  0.43858685  0.38720634  0.36279500  0.35088487  0.33916343  0.33916343  0.33916343  
17_0_0     0.35088487  0.35088487  0.33916343  0.42540336  0.41245067  0.38720634  0.36279500  0.37489999  0.33916343  0.30507373  0.29405083  0.00000000  0.08565452  0.25153154  0.23115444  0.23115444  0.15483355  0.14582408  0.14582408  0.18253954  
16_0_0     0.35088487  0.37489999  0.36279500  0.42540336  0.41245067  0.37489999  0.33916343  0.35088487  0.38720634  0.35088487  0.33916343  0.08565452  0.00000000  0.27248578  0.22117255  0.20160392  0.16395409  0.15483355  0.15483355  0.19201033  
15_0_0     0.39972084  0.45200953  0.43858685  0.46568022  0.46568022  0.43858685  0.41245067  0.39972084  0.46568022  0.45200953  0.43858685  0.25153154  0.27248578  0.00000000  0.30507373  0.30507373  0.32762479  0.31626334  0.31626334  0.33916343  
14_0_0     0.41245067  0.41245067  0.39972084  0.38720634  0.46568022  0.38720634  0.43858685  0.42540336  0.43858685  0.39972084  0.38720634  0.23115444  0.22117255  0.30507373  0.00000000  0.01485400  0.14582408  0.15483355  0.15483355  0.13692300  
18_0_0     0.41245067  0.38720634  0.37489999  0.36279500  0.46568022  0.39972084  0.41245067  0.39972084  0.43858685  0.37489999  0.36279500  0.23115444  0.20160392  0.30507373  0.01485400  0.00000000  0.14582408  0.15483355  0.15483355  0.13692300  
20_0_0     0.45200953  0.42540336  0.43858685  0.42540336  0.42540336  0.37489999  0.35088487  0.33916343  0.37489999  0.36279500  0.35088487  0.15483355  0.16395409  0.32762479  0.14582408  0.14582408  0.00000000  0.00738972  0.00738972  0.06932521  
19_0_0     0.43858685  0.41245067  0.42540336  0.41245067  0.41245067  0.36279500  0.33916343  0.32762479  0.36279500  0.35088487  0.33916343  0.14582408  0.15483355  0.31626334  0.15483355  0.15483355  0.00738972  0.00000000  0.00000000  0.06129375  
12_0_0     0.43858685  0.41245067  0.42540336  0.41245067  0.41245067  0.36279500  0.33916343  0.32762479  0.36279500  0.35088487  0.33916343  0.14582408  0.15483355  0.31626334  0.15483355  0.15483355  0.00738972  0.00000000  0.00000000  0.06129375  
13_0_0     0.41245067  0.38720634  0.39972084  0.38720634  0.43858685  0.41245067  0.33916343  0.32762479  0.35088487  0.35088487  0.33916343  0.18253954  0.19201033  0.33916343  0.13692300  0.13692300  0.06932521  0.06129375  0.06129375  0.00000000  

