17
13_2_0     0.00000000  0.00855970  0.01287678  0.04381891  0.03931901  0.03484618  0.08083302  0.08083302  0.10985480  0.05748427  0.07610427  0.08083302  0.43195630  0.44732531  0.45513057  0.43960111  0.43960111  
3_2_0      0.00855970  0.00000000  0.00426754  0.03484618  0.03040008  0.02598040  0.08083302  0.08083302  0.11978593  0.05748427  0.07610427  0.08083302  0.44732531  0.46301859  0.47099117  0.43960111  0.43960111  
6_2_0      0.01287678  0.00426754  0.00000000  0.03931901  0.03484618  0.03040008  0.08559203  0.08559203  0.12480166  0.06209575  0.08083302  0.08559203  0.45513057  0.47099117  0.47905012  0.44732531  0.44732531  
11_2_0     0.04381891  0.03484618  0.03931901  0.00000000  0.02158683  0.01721905  0.10005452  0.10005452  0.12985145  0.07610427  0.08083302  0.08559203  0.44732531  0.46301859  0.46301859  0.44732531  0.46301859  
14_2_0     0.03931901  0.03040008  0.03484618  0.02158683  0.00000000  0.00426754  0.09520238  0.09520238  0.12480166  0.07140539  0.09038168  0.09520238  0.47099117  0.48719735  0.48719735  0.44732531  0.46301859  
2_2_0      0.03484618  0.02598040  0.03040008  0.01721905  0.00426754  0.00000000  0.09038168  0.09038168  0.11978593  0.06673601  0.08559203  0.09038168  0.46301859  0.47905012  0.47905012  0.43960111  0.45513057  
2_1_0      0.08083302  0.08083302  0.08559203  0.10005452  0.09520238  0.09038168  0.00000000  0.00000000  0.03931901  0.02598040  0.04381891  0.04834619  0.45513057  0.47099117  0.47905012  0.43195630  0.46301859  
14_1_0     0.08083302  0.08083302  0.08559203  0.10005452  0.09520238  0.09038168  0.00000000  0.00000000  0.03931901  0.02598040  0.04381891  0.04834619  0.45513057  0.47099117  0.47905012  0.43195630  0.46301859  
11_1_0     0.10985480  0.11978593  0.12480166  0.12985145  0.12480166  0.11978593  0.03931901  0.03931901  0.00000000  0.05748427  0.07610427  0.08083302  0.49543481  0.51218855  0.52070908  0.48719735  0.52070908  
13_1_0     0.05748427  0.05748427  0.06209575  0.07610427  0.07140539  0.06673601  0.02598040  0.02598040  0.05748427  0.00000000  0.01721905  0.02158683  0.44732531  0.46301859  0.47099117  0.42438926  0.43960111  
3_1_0      0.07610427  0.07610427  0.08083302  0.08083302  0.09038168  0.08559203  0.04381891  0.04381891  0.07610427  0.01721905  0.00000000  0.00426754  0.43960111  0.45513057  0.46301859  0.42438926  0.43960111  
6_1_0      0.08083302  0.08083302  0.08559203  0.08559203  0.09520238  0.09038168  0.04834619  0.04834619  0.08083302  0.02158683  0.00426754  0.00000000  0.44732531  0.46301859  0.47099117  0.43195630  0.44732531  
17_8_0     0.43195630  0.44732531  0.45513057  0.44732531  0.47099117  0.46301859  0.45513057  0.45513057  0.49543481  0.44732531  0.43960111  0.44732531  0.00000000  0.02598040  0.01287678  0.06673601  0.08559203  
19_8_0     0.44732531  0.46301859  0.47099117  0.46301859  0.48719735  0.47905012  0.47099117  0.47099117  0.51218855  0.46301859  0.45513057  0.46301859  0.02598040  0.00000000  0.03040008  0.08559203  0.10493852  
15_8_0     0.45513057  0.47099117  0.47905012  0.46301859  0.48719735  0.47905012  0.47905012  0.47905012  0.52070908  0.47099117  0.46301859  0.47099117  0.01287678  0.03040008  0.00000000  0.07140539  0.09038168  
20_5_0     0.43960111  0.43960111  0.44732531  0.44732531  0.44732531  0.43960111  0.43195630  0.43195630  0.48719735  0.42438926  0.42438926  0.43195630  0.06673601  0.08559203  0.07140539  0.00000000  0.03484618  
20_9_0     0.43960111  0.43960111  0.44732531  0.46301859  0.46301859  0.45513057  0.46301859  0.46301859  0.52070908  0.43960111  0.43960111  0.44732531  0.08559203  0.10493852  0.09038168  0.03484618  0.00000000  

