6
87_3_0     0.00000000  0.08649173  0.10979042  0.11772241  0.10979042  0.15870889  
87_7_0     0.08649173  0.00000000  0.11772241  0.11772241  0.11772241  0.10979042  
87_5_0     0.10979042  0.11772241  0.00000000  0.10979042  0.07888557  0.10979042  
87_6_0     0.11772241  0.11772241  0.10979042  0.00000000  0.07888557  0.11772241  
87_1_0     0.10979042  0.11772241  0.07888557  0.07888557  0.00000000  0.10194248  
87_4_0     0.15870889  0.10979042  0.10979042  0.11772241  0.10194248  0.00000000  

