18
23_1_0     0.00000000  0.06991698  0.10756424  0.11310483  0.13569844  0.16496298  0.16496298  0.16496298  0.11868788  0.41131507  0.40298779  0.42826073  0.41131507  0.45444205  0.41131507  0.41131507  0.41131507  0.41131507  
16_1_0     0.06991698  0.00000000  0.08581390  0.09119091  0.10206548  0.13569844  0.12998401  0.12998401  0.09660790  0.37059914  0.36272207  0.37059914  0.37059914  0.45444205  0.41131507  0.41131507  0.41131507  0.41131507  
5_1_0      0.10756424  0.08581390  0.00000000  0.08047629  0.10756424  0.14726357  0.14145806  0.14145806  0.11868788  0.41131507  0.40298779  0.41131507  0.41131507  0.46338250  0.41131507  0.41131507  0.41131507  0.41131507  
5_4_0      0.11310483  0.09119091  0.08047629  0.00000000  0.14145806  0.13569844  0.12998401  0.12998401  0.12431405  0.37059914  0.36272207  0.37059914  0.37059914  0.41973863  0.39475463  0.39475463  0.39475463  0.39475463  
8_1_0      0.13569844  0.10206548  0.10756424  0.14145806  0.00000000  0.17700609  0.17095964  0.17095964  0.14726357  0.49088169  0.48159948  0.47243405  0.47243405  0.50980864  0.44560998  0.44560998  0.48159948  0.48159948  
3_1_0      0.16496298  0.13569844  0.14726357  0.13569844  0.17700609  0.00000000  0.03412003  0.03412003  0.17095964  0.42826073  0.41973863  0.41131507  0.41131507  0.50980864  0.43688371  0.43688371  0.41973863  0.41973863  
13_1_0     0.16496298  0.12998401  0.14145806  0.12998401  0.17095964  0.03412003  0.00000000  0.00958661  0.16496298  0.44560998  0.43688371  0.42826073  0.42826073  0.50980864  0.45444205  0.45444205  0.43688371  0.43688371  
4_1_0      0.16496298  0.12998401  0.14145806  0.12998401  0.17095964  0.03412003  0.00958661  0.00000000  0.16496298  0.44560998  0.43688371  0.42826073  0.42826073  0.50980864  0.45444205  0.45444205  0.43688371  0.43688371  
7_1_0      0.11868788  0.09660790  0.11868788  0.12431405  0.14726357  0.17095964  0.16496298  0.16496298  0.00000000  0.42826073  0.41973863  0.42826073  0.42826073  0.50028370  0.40298779  0.40298779  0.42826073  0.42826073  
76_6_0     0.41131507  0.37059914  0.41131507  0.37059914  0.49088169  0.42826073  0.44560998  0.44560998  0.42826073  0.00000000  0.01930106  0.03412003  0.02420730  0.20801479  0.23380857  0.23380857  0.21437812  0.21437812  
76_7_0     0.40298779  0.36272207  0.40298779  0.36272207  0.48159948  0.41973863  0.43688371  0.43688371  0.41973863  0.01930106  0.00000000  0.02914681  0.01930106  0.20170655  0.23380857  0.23380857  0.21437812  0.21437812  
76_0_0     0.42826073  0.37059914  0.41131507  0.37059914  0.47243405  0.41131507  0.42826073  0.42826073  0.42826073  0.03412003  0.02914681  0.00000000  0.00958661  0.19545248  0.20801479  0.20801479  0.20170655  0.20170655  
76_8_0     0.41131507  0.37059914  0.41131507  0.37059914  0.47243405  0.41131507  0.42826073  0.42826073  0.42826073  0.02420730  0.01930106  0.00958661  0.00000000  0.19545248  0.22079753  0.22079753  0.21437812  0.21437812  
62_0_0     0.45444205  0.45444205  0.46338250  0.41973863  0.50980864  0.50980864  0.50980864  0.50980864  0.50028370  0.20801479  0.20170655  0.19545248  0.19545248  0.00000000  0.27429695  0.27429695  0.27429695  0.27429695  
95_0_0     0.41131507  0.41131507  0.41131507  0.39475463  0.44560998  0.43688371  0.45444205  0.45444205  0.40298779  0.23380857  0.23380857  0.20801479  0.22079753  0.27429695  0.00000000  0.00000000  0.05950854  0.05950854  
42_0_0     0.41131507  0.41131507  0.41131507  0.39475463  0.44560998  0.43688371  0.45444205  0.45444205  0.40298779  0.23380857  0.23380857  0.20801479  0.22079753  0.27429695  0.00000000  0.00000000  0.05950854  0.05950854  
42_9_0     0.41131507  0.41131507  0.41131507  0.39475463  0.48159948  0.41973863  0.43688371  0.43688371  0.42826073  0.21437812  0.21437812  0.20170655  0.21437812  0.27429695  0.05950854  0.05950854  0.00000000  0.00000000  
95_9_0     0.41131507  0.41131507  0.41131507  0.39475463  0.48159948  0.41973863  0.43688371  0.43688371  0.42826073  0.21437812  0.21437812  0.20170655  0.21437812  0.27429695  0.05950854  0.05950854  0.00000000  0.00000000  

