21
1_0_0      0.00000000  0.01507827  0.00499196  0.51971324  0.50972445  0.49986897  0.49014329  0.49014329  0.52983901  0.54010555  0.60489593  0.60489593  0.59369504  0.56107701  0.49986897  0.49014329  0.46171196  0.50972445  0.47106797  0.47106797  0.46171196  
3_0_0      0.01507827  0.00000000  0.01001789  0.50972445  0.51971324  0.50972445  0.49986897  0.46171196  0.49986897  0.50972445  0.57179040  0.57179040  0.56107701  0.55051684  0.49014329  0.48054404  0.45247300  0.49986897  0.46171196  0.46171196  0.45247300  
2_0_0      0.00499196  0.01001789  0.00000000  0.50972445  0.51971324  0.50972445  0.49986897  0.48054404  0.51971324  0.52983901  0.59369504  0.59369504  0.58266150  0.55051684  0.49014329  0.48054404  0.45247300  0.49986897  0.46171196  0.46171196  0.45247300  
16_0_0     0.51971324  0.50972445  0.50972445  0.00000000  0.35781252  0.34977960  0.35781252  0.33397124  0.30333492  0.31087567  0.33397124  0.33397124  0.31849421  0.31087567  0.34183312  0.34183312  0.31849421  0.37414536  0.34977960  0.34977960  0.36593378  
12_2_0     0.50972445  0.51971324  0.51971324  0.35781252  0.00000000  0.00499196  0.01001789  0.03567384  0.06768599  0.07315891  0.14220783  0.14220783  0.14826427  0.10687661  0.13024195  0.26674471  0.24563037  0.32619218  0.28116397  0.28116397  0.26674471  
4_2_0      0.49986897  0.50972445  0.50972445  0.34977960  0.00499196  0.00000000  0.00499196  0.03047085  0.06225333  0.06768599  0.13620065  0.13620065  0.14220783  0.10114899  0.12433094  0.25963931  0.23872432  0.31849421  0.27391915  0.27391915  0.25963931  
10_2_0     0.49014329  0.49986897  0.49986897  0.35781252  0.01001789  0.00499196  0.00000000  0.02530426  0.05686034  0.06225333  0.13024195  0.13024195  0.13620065  0.09546546  0.11846687  0.26674471  0.24563037  0.32619218  0.28116397  0.28116397  0.26674471  
5_2_0      0.49014329  0.46171196  0.48054404  0.33397124  0.03567384  0.03047085  0.02530426  0.00000000  0.04091375  0.04619111  0.11264900  0.11264900  0.11846687  0.07867269  0.08982533  0.25963931  0.23872432  0.31849421  0.27391915  0.27391915  0.25963931  
17_2_0     0.52983901  0.49986897  0.51971324  0.30333492  0.06768599  0.06225333  0.05686034  0.04091375  0.00000000  0.00499196  0.08422796  0.08422796  0.08422796  0.04619111  0.05686034  0.26674471  0.24563037  0.31849421  0.25963931  0.25963931  0.27391915  
11_2_0     0.54010555  0.50972445  0.52983901  0.31087567  0.07315891  0.06768599  0.06225333  0.04619111  0.00499196  0.00000000  0.08982533  0.08982533  0.08982533  0.05150646  0.05150646  0.27391915  0.25260162  0.32619218  0.26674471  0.26674471  0.28116397  
4_0_0      0.60489593  0.57179040  0.59369504  0.33397124  0.14220783  0.13620065  0.13024195  0.11264900  0.08422796  0.08982533  0.00000000  0.00000000  0.01001789  0.10114899  0.12433094  0.31087567  0.31849421  0.34977960  0.33397124  0.33397124  0.33397124  
12_0_0     0.60489593  0.57179040  0.59369504  0.33397124  0.14220783  0.13620065  0.13024195  0.11264900  0.08422796  0.08982533  0.00000000  0.00000000  0.01001789  0.10114899  0.12433094  0.31087567  0.31849421  0.34977960  0.33397124  0.33397124  0.33397124  
5_0_0      0.59369504  0.56107701  0.58266150  0.31849421  0.14826427  0.14220783  0.13620065  0.11846687  0.08422796  0.08982533  0.01001789  0.01001789  0.00000000  0.08982533  0.11264900  0.31087567  0.31849421  0.34977960  0.33397124  0.33397124  0.33397124  
17_0_0     0.56107701  0.55051684  0.55051684  0.31087567  0.10687661  0.10114899  0.09546546  0.07867269  0.04619111  0.05150646  0.10114899  0.10114899  0.08982533  0.00000000  0.05150646  0.27391915  0.26674471  0.34183312  0.29587040  0.29587040  0.29587040  
11_0_0     0.49986897  0.49014329  0.49014329  0.34183312  0.13024195  0.12433094  0.11846687  0.08982533  0.05686034  0.05150646  0.12433094  0.12433094  0.11264900  0.05150646  0.00000000  0.30333492  0.29587040  0.37414536  0.29587040  0.29587040  0.31087567  
18_0_0     0.49014329  0.48054404  0.48054404  0.34183312  0.26674471  0.25963931  0.26674471  0.25963931  0.26674471  0.27391915  0.31087567  0.31087567  0.31087567  0.27391915  0.30333492  0.00000000  0.01507827  0.15437080  0.13620065  0.13620065  0.13620065  
8_0_0      0.46171196  0.45247300  0.45247300  0.31849421  0.24563037  0.23872432  0.24563037  0.23872432  0.24563037  0.25260162  0.31849421  0.31849421  0.31849421  0.26674471  0.29587040  0.01507827  0.00000000  0.14826427  0.11846687  0.11846687  0.11846687  
19_0_0     0.50972445  0.49986897  0.49986897  0.37414536  0.32619218  0.31849421  0.32619218  0.31849421  0.31849421  0.32619218  0.34977960  0.34977960  0.34977960  0.34183312  0.37414536  0.15437080  0.14826427  0.00000000  0.12433094  0.12433094  0.11264900  
13_0_0     0.47106797  0.46171196  0.46171196  0.34977960  0.28116397  0.27391915  0.28116397  0.27391915  0.25963931  0.26674471  0.33397124  0.33397124  0.33397124  0.29587040  0.29587040  0.13620065  0.11846687  0.12433094  0.00000000  0.00000000  0.01001789  
9_0_0      0.47106797  0.46171196  0.46171196  0.34977960  0.28116397  0.27391915  0.28116397  0.27391915  0.25963931  0.26674471  0.33397124  0.33397124  0.33397124  0.29587040  0.29587040  0.13620065  0.11846687  0.12433094  0.00000000  0.00000000  0.01001789  
7_0_0      0.46171196  0.45247300  0.45247300  0.36593378  0.26674471  0.25963931  0.26674471  0.25963931  0.27391915  0.28116397  0.33397124  0.33397124  0.33397124  0.29587040  0.31087567  0.13620065  0.11846687  0.11264900  0.01001789  0.01001789  0.00000000  

