26
11_0_0     0.00000000  0.07070372  0.07070372  0.13022183  0.11791990  0.11791990  0.56869176  0.56869176  0.56869176  0.53534764  0.56869176  0.54629241  0.55740537  0.59180710  0.53534764  0.61568572  0.61568572  0.66594687  0.96848595  1.09805569  0.98853225  0.98853225  0.94898036  0.98853225  0.92998706  0.91147984  
14_0_0     0.07070372  0.00000000  0.01043765  0.08805056  0.07643990  0.07643990  0.50347336  0.49315331  0.49315331  0.48297846  0.51394280  0.53534764  0.51394280  0.53534764  0.48297846  0.56869176  0.56869176  0.60364786  0.89343443  1.00915007  1.00915007  0.98853225  0.94898036  0.98853225  0.94898036  0.87582835  
2_0_0      0.07070372  0.01043765  0.00000000  0.08805056  0.07643990  0.07643990  0.51394280  0.50347336  0.50347336  0.50347336  0.53534764  0.55740537  0.52456603  0.54629241  0.49315331  0.58015708  0.58015708  0.61568572  0.91147984  1.03037299  1.05223757  1.03037299  0.98853225  1.03037299  0.98853225  0.91147984  
6_0_0      0.13022183  0.08805056  0.08805056  0.00000000  0.01043765  0.03177605  0.58015708  0.59180710  0.59180710  0.61568572  0.62792734  0.64037975  0.54629241  0.59180710  0.58015708  0.59180710  0.59180710  0.58015708  1.09805569  1.19944298  1.07478385  1.12210136  1.07478385  1.07478385  1.07478385  0.94898036  
3_0_0      0.11791990  0.07643990  0.07643990  0.01043765  0.00000000  0.02102816  0.56869176  0.58015708  0.58015708  0.60364786  0.61568572  0.62792734  0.55740537  0.60364786  0.56869176  0.58015708  0.58015708  0.59180710  1.05223757  1.14697409  1.07478385  1.12210136  1.07478385  1.07478385  1.07478385  0.91147984  
13_0_0     0.11791990  0.07643990  0.07643990  0.03177605  0.02102816  0.00000000  0.53534764  0.54629241  0.54629241  0.56869176  0.58015708  0.59180710  0.52456603  0.56869176  0.53534764  0.59180710  0.59180710  0.60364786  1.03037299  1.07478385  1.00915007  1.05223757  1.00915007  1.00915007  1.00915007  0.89343443  
13_1_0     0.56869176  0.50347336  0.51394280  0.58015708  0.56869176  0.53534764  0.00000000  0.04820345  0.05936609  0.13645217  0.14273665  0.16192455  0.09392655  0.10582373  0.09392655  0.18163544  0.18163544  0.21572988  0.98853225  1.00915007  0.96848595  1.05223757  1.05223757  1.00915007  1.00915007  1.03037299  
3_1_0      0.56869176  0.49315331  0.50347336  0.59180710  0.58015708  0.54629241  0.04820345  0.00000000  0.02102816  0.16843533  0.17500527  0.19508096  0.13645217  0.13645217  0.13645217  0.22983081  0.22983081  0.25151151  0.96848595  0.96848595  0.94898036  1.03037299  1.03037299  0.98853225  1.03037299  1.05223757  
6_1_0      0.56869176  0.49315331  0.50347336  0.59180710  0.58015708  0.54629241  0.05936609  0.02102816  0.00000000  0.18163544  0.18832695  0.20878119  0.14907622  0.14907622  0.13645217  0.22983081  0.22983081  0.25151151  0.98853225  0.98853225  0.96848595  1.05223757  1.05223757  1.00915007  1.00915007  1.07478385  
14_1_0     0.53534764  0.48297846  0.50347336  0.61568572  0.60364786  0.56869176  0.13645217  0.16843533  0.18163544  0.00000000  0.01571352  0.05376324  0.14273665  0.15547185  0.11791990  0.21572988  0.20878119  0.23698573  0.87582835  0.89343443  0.94898036  0.91147984  0.91147984  0.91147984  0.87582835  0.84185209  
2_1_0      0.56869176  0.51394280  0.53534764  0.62792734  0.61568572  0.58015708  0.14273665  0.17500527  0.18832695  0.01571352  0.00000000  0.05936609  0.14907622  0.16192455  0.12404471  0.21572988  0.20878119  0.23698573  0.92998706  0.94898036  0.94898036  0.96848595  0.96848595  0.96848595  0.92998706  0.89343443  
11_1_0     0.54629241  0.53534764  0.55740537  0.64037975  0.62792734  0.59180710  0.16192455  0.19508096  0.20878119  0.05376324  0.05936609  0.00000000  0.16843533  0.18163544  0.14273665  0.24421215  0.23698573  0.28146875  0.94898036  0.96848595  0.96848595  0.89343443  0.89343443  0.89343443  0.82544437  0.91147984  
3_5_0      0.55740537  0.51394280  0.52456603  0.54629241  0.55740537  0.52456603  0.09392655  0.13645217  0.14907622  0.14273665  0.14907622  0.16843533  0.00000000  0.03177605  0.04268609  0.16192455  0.16192455  0.18163544  0.96848595  1.03037299  0.91147984  0.91147984  0.91147984  0.87582835  0.91147984  0.89343443  
6_5_0      0.59180710  0.53534764  0.54629241  0.59180710  0.60364786  0.56869176  0.10582373  0.13645217  0.14907622  0.15547185  0.16192455  0.18163544  0.03177605  0.00000000  0.05376324  0.18832695  0.18832695  0.20878119  0.91147984  0.94898036  0.91147984  0.87582835  0.87582835  0.84185209  0.84185209  0.89343443  
13_5_0     0.53534764  0.48297846  0.49315331  0.58015708  0.56869176  0.53534764  0.09392655  0.13645217  0.13645217  0.11791990  0.12404471  0.14273665  0.04268609  0.05376324  0.00000000  0.16192455  0.16192455  0.19508096  0.92998706  0.96848595  0.92998706  0.89343443  0.89343443  0.89343443  0.85864071  0.89343443  
2_5_0      0.61568572  0.56869176  0.58015708  0.59180710  0.58015708  0.59180710  0.18163544  0.22983081  0.22983081  0.21572988  0.21572988  0.24421215  0.16192455  0.18832695  0.16192455  0.00000000  0.01043765  0.06501269  1.00915007  1.00915007  0.94898036  1.00915007  1.00915007  0.96848595  1.03037299  0.96848595  
14_5_0     0.61568572  0.56869176  0.58015708  0.59180710  0.58015708  0.59180710  0.18163544  0.22983081  0.22983081  0.20878119  0.20878119  0.23698573  0.16192455  0.18832695  0.16192455  0.01043765  0.00000000  0.05936609  0.98853225  0.98853225  0.92998706  0.98853225  0.98853225  0.94898036  1.00915007  0.96848595  
11_5_0     0.66594687  0.60364786  0.61568572  0.58015708  0.59180710  0.60364786  0.21572988  0.25151151  0.25151151  0.23698573  0.23698573  0.28146875  0.18163544  0.20878119  0.19508096  0.06501269  0.05936609  0.00000000  1.00915007  1.00915007  0.96848595  0.98853225  0.98853225  0.94898036  1.00915007  1.00915007  
12_2_0     0.96848595  0.89343443  0.91147984  1.09805569  1.05223757  1.03037299  0.98853225  0.96848595  0.98853225  0.87582835  0.92998706  0.94898036  0.96848595  0.91147984  0.92998706  1.00915007  0.98853225  1.00915007  0.00000000  0.07643990  0.26633503  0.19508096  0.18832695  0.21572988  0.21572988  0.22274598  
12_3_0     1.09805569  1.00915007  1.03037299  1.19944298  1.14697409  1.07478385  1.00915007  0.96848595  0.98853225  0.89343443  0.94898036  0.96848595  1.03037299  0.94898036  0.96848595  1.00915007  0.98853225  1.00915007  0.07643990  0.00000000  0.23698573  0.20878119  0.21572988  0.20189863  0.22983081  0.23698573  
4_2_0      0.98853225  1.00915007  1.05223757  1.07478385  1.07478385  1.00915007  0.96848595  0.94898036  0.96848595  0.94898036  0.94898036  0.96848595  0.91147984  0.91147984  0.92998706  0.94898036  0.92998706  0.96848595  0.26633503  0.23698573  0.00000000  0.22983081  0.21572988  0.22274598  0.24421215  0.27386231  
1_2_0      0.98853225  0.98853225  1.03037299  1.12210136  1.12210136  1.05223757  1.05223757  1.03037299  1.05223757  0.91147984  0.96848595  0.89343443  0.91147984  0.87582835  0.89343443  1.00915007  0.98853225  0.98853225  0.19508096  0.20878119  0.22983081  0.00000000  0.03177605  0.03721050  0.05376324  0.18163544  
7_2_0      0.94898036  0.94898036  0.98853225  1.07478385  1.07478385  1.00915007  1.05223757  1.03037299  1.05223757  0.91147984  0.96848595  0.89343443  0.91147984  0.87582835  0.89343443  1.00915007  0.98853225  0.98853225  0.18832695  0.21572988  0.21572988  0.03177605  0.00000000  0.03721050  0.04268609  0.18163544  
10_2_0     0.98853225  0.98853225  1.03037299  1.07478385  1.07478385  1.00915007  1.00915007  0.98853225  1.00915007  0.91147984  0.96848595  0.89343443  0.87582835  0.84185209  0.89343443  0.96848595  0.94898036  0.94898036  0.21572988  0.20189863  0.22274598  0.03721050  0.03721050  0.00000000  0.05936609  0.18832695  
5_2_0      0.92998706  0.94898036  0.98853225  1.07478385  1.07478385  1.00915007  1.00915007  1.03037299  1.00915007  0.87582835  0.92998706  0.82544437  0.91147984  0.84185209  0.85864071  1.03037299  1.00915007  1.00915007  0.21572988  0.22983081  0.24421215  0.05376324  0.04268609  0.05936609  0.00000000  0.18832695  
8_2_0      0.91147984  0.87582835  0.91147984  0.94898036  0.91147984  0.89343443  1.03037299  1.05223757  1.07478385  0.84185209  0.89343443  0.91147984  0.89343443  0.89343443  0.89343443  0.96848595  0.96848595  1.00915007  0.22274598  0.23698573  0.27386231  0.18163544  0.18163544  0.18832695  0.18832695  0.00000000  

