20
15_0_0     0.00000000  0.00000000  0.04130172  0.05079909  0.18101240  0.16413182  0.15858883  0.15308676  0.29120784  0.31807630  0.30452104  0.31807630  0.31126787  0.34594935  0.32494748  0.33188258  0.29783473  0.31126787  0.27812820  0.31126787  
17_0_0     0.00000000  0.00000000  0.04130172  0.05079909  0.18101240  0.16413182  0.15858883  0.15308676  0.29120784  0.31807630  0.30452104  0.31807630  0.31126787  0.34594935  0.32494748  0.33188258  0.29783473  0.31126787  0.27812820  0.31126787  
14_0_0     0.04130172  0.04130172  0.00000000  0.02727872  0.15858883  0.14220294  0.13682003  0.14220294  0.31807630  0.34594935  0.33188258  0.31126787  0.31126787  0.34594935  0.36028663  0.36756001  0.31807630  0.33188258  0.28463934  0.32494748  
18_0_0     0.05079909  0.05079909  0.02727872  0.00000000  0.16971632  0.16413182  0.15858883  0.13147571  0.29783473  0.33888279  0.32494748  0.28463934  0.29783473  0.33188258  0.34594935  0.35308353  0.31807630  0.33188258  0.28463934  0.30452104  
20_0_0     0.18101240  0.18101240  0.15858883  0.16971632  0.00000000  0.14220294  0.13682003  0.12090065  0.43642544  0.46920030  0.45263279  0.40503087  0.44448507  0.42845199  0.42056292  0.42056292  0.38981580  0.38981580  0.40503087  0.39738453  
13_0_0     0.16413182  0.16413182  0.14220294  0.16413182  0.14220294  0.00000000  0.00447770  0.10531408  0.40503087  0.45263279  0.42056292  0.29783473  0.36756001  0.36756001  0.34594935  0.35308353  0.33188258  0.33188258  0.33888279  0.31126787  
19_0_0     0.15858883  0.15858883  0.13682003  0.15858883  0.13682003  0.00447770  0.00000000  0.10019014  0.39738453  0.44448507  0.41275645  0.29120784  0.36028663  0.36028663  0.33888279  0.34594935  0.32494748  0.32494748  0.33188258  0.30452104  
16_0_0     0.15308676  0.15308676  0.14220294  0.13147571  0.12090065  0.10531408  0.10019014  0.00000000  0.36756001  0.42845199  0.41275645  0.31126787  0.37490503  0.37490503  0.33888279  0.34594935  0.31126787  0.31126787  0.32494748  0.31807630  
9_0_0      0.29120784  0.29120784  0.31807630  0.29783473  0.43642544  0.40503087  0.39738453  0.36756001  0.00000000  0.07508569  0.07016467  0.16971632  0.18101240  0.20413134  0.16971632  0.16413182  0.17534297  0.17534297  0.16413182  0.17534297  
3_0_0      0.31807630  0.31807630  0.34594935  0.33888279  0.46920030  0.45263279  0.44448507  0.42845199  0.07508569  0.00000000  0.03659802  0.16971632  0.15308676  0.18672527  0.16413182  0.15858883  0.14762499  0.14762499  0.16971632  0.18672527  
6_0_0      0.30452104  0.30452104  0.33188258  0.32494748  0.45263279  0.42056292  0.41275645  0.41275645  0.07016467  0.03659802  0.00000000  0.16413182  0.16971632  0.21002485  0.15858883  0.16413182  0.14220294  0.14220294  0.15308676  0.18101240  
10_0_0     0.31807630  0.31807630  0.31126787  0.28463934  0.40503087  0.29783473  0.29120784  0.31126787  0.16971632  0.16971632  0.16413182  0.00000000  0.15858883  0.15858883  0.13682003  0.14220294  0.11566884  0.12616943  0.12616943  0.13682003  
8_0_0      0.31126787  0.31126787  0.31126787  0.29783473  0.44448507  0.36756001  0.36028663  0.37490503  0.18101240  0.15308676  0.16971632  0.15858883  0.00000000  0.06041901  0.13682003  0.13682003  0.12090065  0.12090065  0.12616943  0.19248226  
1_0_0      0.34594935  0.34594935  0.34594935  0.33188258  0.42845199  0.36756001  0.36028663  0.37490503  0.20413134  0.18672527  0.21002485  0.15858883  0.06041901  0.00000000  0.16971632  0.15308676  0.12090065  0.12090065  0.14762499  0.19828405  
2_0_0      0.32494748  0.32494748  0.36028663  0.34594935  0.42056292  0.34594935  0.33888279  0.33888279  0.16971632  0.16413182  0.15858883  0.13682003  0.13682003  0.16971632  0.00000000  0.01351461  0.06041901  0.06041901  0.13147571  0.19248226  
12_0_0     0.33188258  0.33188258  0.36756001  0.35308353  0.42056292  0.35308353  0.34594935  0.34594935  0.16413182  0.15858883  0.16413182  0.14220294  0.13682003  0.15308676  0.01351461  0.00000000  0.07508569  0.07508569  0.13682003  0.18672527  
4_0_0      0.29783473  0.29783473  0.31807630  0.31807630  0.38981580  0.33188258  0.32494748  0.31126787  0.17534297  0.14762499  0.14220294  0.11566884  0.12090065  0.12090065  0.06041901  0.07508569  0.00000000  0.00898246  0.12090065  0.18101240  
11_0_0     0.31126787  0.31126787  0.33188258  0.33188258  0.38981580  0.33188258  0.32494748  0.31126787  0.17534297  0.14762499  0.14220294  0.12616943  0.12090065  0.12090065  0.06041901  0.07508569  0.00898246  0.00000000  0.12090065  0.18101240  
5_0_0      0.27812820  0.27812820  0.28463934  0.28463934  0.40503087  0.33888279  0.33188258  0.32494748  0.16413182  0.16971632  0.15308676  0.12616943  0.12616943  0.14762499  0.13147571  0.13682003  0.12090065  0.12090065  0.00000000  0.16413182  
7_0_0      0.31126787  0.31126787  0.32494748  0.30452104  0.39738453  0.31126787  0.30452104  0.31807630  0.17534297  0.18672527  0.18101240  0.13682003  0.19248226  0.19828405  0.19248226  0.18672527  0.18101240  0.18101240  0.16413182  0.00000000  

