15
7_0_0      0.00000000  0.07559111  0.10430186  0.10920118  0.08029684  0.11413432  0.14965426  0.10430186  0.16543480  0.12914147  0.15487581  0.16013581  0.12914147  0.12914147  0.11910177  
11_0_0     0.07559111  0.00000000  0.07091618  0.06627163  0.05251644  0.10430186  0.12410399  0.10920118  0.15487581  0.12410399  0.14965426  0.17077340  0.14965426  0.14965426  0.12410399  
22_7_0     0.10430186  0.07091618  0.00000000  0.00423192  0.07559111  0.12914147  0.13932426  0.10920118  0.15487581  0.13932426  0.16013581  0.17615218  0.17615218  0.17615218  0.14965426  
32_7_0     0.10920118  0.06627163  0.00423192  0.00000000  0.07091618  0.12410399  0.13421473  0.10430186  0.16013581  0.13421473  0.15487581  0.18157175  0.18157175  0.18157175  0.15487581  
15_7_0     0.08029684  0.05251644  0.07559111  0.07091618  0.00000000  0.12914147  0.15487581  0.11910177  0.14447059  0.11910177  0.15487581  0.17077340  0.16013581  0.16013581  0.12914147  
18_1_0     0.11413432  0.10430186  0.12914147  0.12410399  0.12914147  0.00000000  0.04798960  0.08029684  0.11910177  0.06627163  0.08980229  0.11910177  0.11413432  0.11413432  0.09943590  
18_5_0     0.14965426  0.12410399  0.13932426  0.13421473  0.15487581  0.04798960  0.00000000  0.07559111  0.13421473  0.09943590  0.11413432  0.12410399  0.12914147  0.12410399  0.11910177  
23_1_0     0.10430186  0.10920118  0.10920118  0.10430186  0.11910177  0.08029684  0.07559111  0.00000000  0.09943590  0.08503376  0.11413432  0.10920118  0.11413432  0.11413432  0.10430186  
25_1_0     0.16543480  0.15487581  0.15487581  0.16013581  0.14447059  0.11910177  0.13421473  0.09943590  0.00000000  0.08980229  0.11910177  0.09460286  0.12914147  0.12914147  0.12914147  
19_1_0     0.12914147  0.12410399  0.13932426  0.13421473  0.11910177  0.06627163  0.09943590  0.08503376  0.08980229  0.00000000  0.10430186  0.11413432  0.10920118  0.10920118  0.10430186  
18_2_0     0.15487581  0.14965426  0.16013581  0.15487581  0.15487581  0.08980229  0.11413432  0.11413432  0.11910177  0.10430186  0.00000000  0.08980229  0.08503376  0.09460286  0.09943590  
23_2_0     0.16013581  0.17077340  0.17615218  0.18157175  0.17077340  0.11910177  0.12410399  0.10920118  0.09460286  0.11413432  0.08980229  0.00000000  0.10920118  0.11413432  0.12410399  
18_4_0     0.12914147  0.14965426  0.17615218  0.18157175  0.16013581  0.11413432  0.12914147  0.11413432  0.12914147  0.10920118  0.08503376  0.10920118  0.00000000  0.00848905  0.09460286  
18_3_0     0.12914147  0.14965426  0.17615218  0.18157175  0.16013581  0.11413432  0.12410399  0.11413432  0.12914147  0.10920118  0.09460286  0.11413432  0.00848905  0.00000000  0.09460286  
25_0_0     0.11910177  0.12410399  0.14965426  0.15487581  0.12914147  0.09943590  0.11910177  0.10430186  0.12914147  0.10430186  0.09943590  0.12410399  0.09460286  0.09460286  0.00000000  

