181
85_0_0     0.00000000  0.00000000  0.13979108  0.31807919  0.29474069  0.28901899  0.32403033  0.37985410  0.44022159  0.43326640  0.42637580  0.40607978  0.40607978  0.41954859  0.39285109  0.39285109  0.38632414  0.38632414  0.38632414  0.39285109  0.39943596  0.43326640  0.37343999  0.38632414  0.34217561  0.34832399  0.37343999  0.33607775  0.37985410  0.33607775  0.29474069  0.29474069  0.30050686  0.33002959  0.31217539  0.30631819  0.30631819  0.30631819  0.30050686  0.31807919  0.33002959  0.31807919  0.28334106  0.28334106  0.33002959  0.31807919  0.33607775  0.34217561  0.33002959  0.33002959  0.32403033  0.30631819  0.33002959  0.32403033  0.30631819  0.30631819  0.30631819  0.30631819  0.31217539  0.30631819  0.31807919  0.29474069  0.31807919  0.29474069  0.29474069  0.30050686  0.34832399  0.46871317  0.41278363  0.39285109  0.43326640  0.39285109  0.47601034  0.37343999  0.40607978  0.39943596  0.37343999  0.37985410  0.37985410  0.39285109  0.41278363  0.36077574  0.44724258  0.41278363  0.41278363  0.41954859  0.41954859  0.43326640  0.40607978  0.48337998  0.41954859  0.42637580  0.43326640  0.42637580  0.39943596  0.41954859  0.44022159  0.42637580  0.43326640  0.43326640  0.44022159  0.44724258  0.46148706  0.45433064  0.44022159  0.47601034  0.47601034  0.49082355  0.49082355  0.49834255  0.51361303  0.50593851  0.41278363  0.44724258  0.45433064  0.43326640  0.41954859  0.41954859  0.39285109  0.39285109  0.41954859  0.41954859  0.41278363  0.51361303  0.51361303  0.44724258  0.44022159  0.46148706  0.37985410  0.39943596  0.37343999  0.38632414  0.37343999  0.37343999  0.38632414  0.40607978  0.39943596  0.40607978  0.41278363  0.38632414  0.40607978  0.40607978  0.48337998  0.49082355  0.39943596  0.40607978  0.40607978  0.39943596  0.39943596  0.40607978  0.38632414  0.39943596  0.46148706  0.46871317  0.41278363  0.41278363  0.46148706  0.46871317  0.46148706  0.37343999  0.37343999  0.44022159  0.45433064  0.45433064  0.46148706  0.37343999  0.38632414  0.39285109  0.38632414  0.38632414  0.44022159  0.43326640  0.46148706  0.43326640  0.43326640  0.42637580  0.45433064  0.44724258  0.45433064  0.44724258  0.44724258  
91_0_0     0.00000000  0.00000000  0.13979108  0.31807919  0.29474069  0.28901899  0.32403033  0.37985410  0.44022159  0.43326640  0.42637580  0.40607978  0.40607978  0.41954859  0.39285109  0.39285109  0.38632414  0.38632414  0.38632414  0.39285109  0.39943596  0.43326640  0.37343999  0.38632414  0.34217561  0.34832399  0.37343999  0.33607775  0.37985410  0.33607775  0.29474069  0.29474069  0.30050686  0.33002959  0.31217539  0.30631819  0.30631819  0.30631819  0.30050686  0.31807919  0.33002959  0.31807919  0.28334106  0.28334106  0.33002959  0.31807919  0.33607775  0.34217561  0.33002959  0.33002959  0.32403033  0.30631819  0.33002959  0.32403033  0.30631819  0.30631819  0.30631819  0.30631819  0.31217539  0.30631819  0.31807919  0.29474069  0.31807919  0.29474069  0.29474069  0.30050686  0.34832399  0.46871317  0.41278363  0.39285109  0.43326640  0.39285109  0.47601034  0.37343999  0.40607978  0.39943596  0.37343999  0.37985410  0.37985410  0.39285109  0.41278363  0.36077574  0.44724258  0.41278363  0.41278363  0.41954859  0.41954859  0.43326640  0.40607978  0.48337998  0.41954859  0.42637580  0.43326640  0.42637580  0.39943596  0.41954859  0.44022159  0.42637580  0.43326640  0.43326640  0.44022159  0.44724258  0.46148706  0.45433064  0.44022159  0.47601034  0.47601034  0.49082355  0.49082355  0.49834255  0.51361303  0.50593851  0.41278363  0.44724258  0.45433064  0.43326640  0.41954859  0.41954859  0.39285109  0.39285109  0.41954859  0.41954859  0.41278363  0.51361303  0.51361303  0.44724258  0.44022159  0.46148706  0.37985410  0.39943596  0.37343999  0.38632414  0.37343999  0.37343999  0.38632414  0.40607978  0.39943596  0.40607978  0.41278363  0.38632414  0.40607978  0.40607978  0.48337998  0.49082355  0.39943596  0.40607978  0.40607978  0.39943596  0.39943596  0.40607978  0.38632414  0.39943596  0.46148706  0.46871317  0.41278363  0.41278363  0.46148706  0.46871317  0.46148706  0.37343999  0.37343999  0.44022159  0.45433064  0.45433064  0.46148706  0.37343999  0.38632414  0.39285109  0.38632414  0.38632414  0.44022159  0.43326640  0.46148706  0.43326640  0.43326640  0.42637580  0.45433064  0.44724258  0.45433064  0.44724258  0.44724258  
95_0_0     0.13979108  0.13979108  0.00000000  0.34217561  0.33002959  0.32403033  0.35452375  0.41954859  0.46871317  0.46148706  0.47601034  0.40607978  0.40607978  0.40607978  0.37985410  0.37985410  0.39285109  0.39285109  0.40607978  0.39943596  0.40607978  0.45433064  0.37985410  0.39285109  0.35452375  0.34217561  0.38632414  0.34217561  0.38632414  0.34217561  0.31807919  0.31807919  0.31217539  0.34217561  0.33607775  0.35452375  0.36077574  0.36077574  0.36077574  0.31807919  0.33607775  0.32403033  0.31217539  0.31217539  0.31217539  0.34217561  0.34217561  0.35452375  0.35452375  0.35452375  0.34832399  0.36077574  0.37985410  0.37343999  0.36708085  0.36708085  0.36708085  0.36077574  0.36708085  0.36077574  0.37343999  0.36077574  0.34832399  0.35452375  0.35452375  0.36077574  0.38632414  0.47601034  0.42637580  0.41954859  0.44022159  0.41278363  0.49082355  0.35452375  0.42637580  0.37343999  0.35452375  0.36708085  0.36708085  0.36708085  0.38632414  0.39285109  0.41278363  0.38632414  0.42637580  0.40607978  0.40607978  0.42637580  0.41278363  0.46871317  0.40607978  0.39943596  0.41278363  0.39943596  0.39943596  0.44724258  0.44022159  0.43326640  0.43326640  0.43326640  0.44022159  0.49834255  0.46871317  0.49082355  0.49082355  0.50593851  0.50593851  0.52136775  0.52136775  0.51361303  0.51361303  0.50593851  0.46871317  0.49082355  0.57804594  0.53712464  0.47601034  0.46148706  0.46148706  0.46148706  0.46871317  0.46148706  0.45433064  0.49834255  0.49834255  0.45433064  0.44022159  0.44724258  0.40607978  0.41954859  0.39285109  0.39943596  0.40607978  0.39285109  0.40607978  0.44022159  0.44022159  0.44022159  0.41278363  0.41278363  0.42637580  0.44022159  0.44724258  0.45433064  0.41278363  0.42637580  0.42637580  0.40607978  0.39943596  0.41278363  0.41954859  0.41278363  0.48337998  0.52136775  0.41954859  0.44022159  0.52920437  0.52136775  0.52920437  0.41278363  0.40607978  0.42637580  0.42637580  0.42637580  0.44022159  0.42637580  0.39943596  0.40607978  0.38632414  0.39943596  0.49082355  0.47601034  0.48337998  0.46871317  0.46871317  0.46148706  0.48337998  0.46871317  0.49082355  0.48337998  0.46871317  
73_6_0     0.31807919  0.31807919  0.34217561  0.00000000  0.02753151  0.03154931  0.13052639  0.21322878  0.27211390  0.27211390  0.30631819  0.23941701  0.23941701  0.25558538  0.21322878  0.21322878  0.23410490  0.23410490  0.22883055  0.23941701  0.24476742  0.26105408  0.22359343  0.26105408  0.18297612  0.17315992  0.18297612  0.18297612  0.19292393  0.17315992  0.12137595  0.12137595  0.12593707  0.13514428  0.13052639  0.14917291  0.15867487  0.15867487  0.16830008  0.12593707  0.13979108  0.13052639  0.11684270  0.12137595  0.14917291  0.14917291  0.14917291  0.15867487  0.15390868  0.15390868  0.14917291  0.13979108  0.15390868  0.14917291  0.14446717  0.14446717  0.19794829  0.18793336  0.18297612  0.18793336  0.18297612  0.17315992  0.15390868  0.15867487  0.14917291  0.15390868  0.20300690  0.29474069  0.27770625  0.28334106  0.31217539  0.28334106  0.30050686  0.20810024  0.20300690  0.25015669  0.21322878  0.22883055  0.22883055  0.23941701  0.23941701  0.24476742  0.26105408  0.23941701  0.27211390  0.26656339  0.26656339  0.26656339  0.28901899  0.36708085  0.25558538  0.25558538  0.28334106  0.24476742  0.27211390  0.28901899  0.28901899  0.28901899  0.28334106  0.28901899  0.28901899  0.34832399  0.33002959  0.33607775  0.33002959  0.38632414  0.37343999  0.38632414  0.38632414  0.40607978  0.41278363  0.40607978  0.34217561  0.36708085  0.36077574  0.35452375  0.37343999  0.37343999  0.37985410  0.37985410  0.37985410  0.37343999  0.36708085  0.40607978  0.40607978  0.31807919  0.30631819  0.31807919  0.35452375  0.34832399  0.34217561  0.35452375  0.36708085  0.36077574  0.37343999  0.37343999  0.37343999  0.38632414  0.38632414  0.34832399  0.36708085  0.39285109  0.37985410  0.38632414  0.36708085  0.41278363  0.41278363  0.41954859  0.39285109  0.39285109  0.37985410  0.37985410  0.37343999  0.42637580  0.36708085  0.37985410  0.41278363  0.41954859  0.41278363  0.27770625  0.29474069  0.34832399  0.36708085  0.34217561  0.32403033  0.33607775  0.29474069  0.29474069  0.29474069  0.30631819  0.37343999  0.34832399  0.37985410  0.36077574  0.36077574  0.36077574  0.36708085  0.36077574  0.36708085  0.36077574  0.36077574  
89_6_0     0.29474069  0.29474069  0.33002959  0.02753151  0.00000000  0.00387108  0.13052639  0.20810024  0.24476742  0.24476742  0.27770625  0.22359343  0.22359343  0.25558538  0.19794829  0.19794829  0.21839301  0.21839301  0.22359343  0.22359343  0.22883055  0.26656339  0.22883055  0.25558538  0.16830008  0.15867487  0.16830008  0.16830008  0.18793336  0.15867487  0.12593707  0.12593707  0.13052639  0.13052639  0.11684270  0.13514428  0.14446717  0.14446717  0.14446717  0.12137595  0.13514428  0.12593707  0.10340677  0.10785844  0.13514428  0.14446717  0.14446717  0.15390868  0.14917291  0.14917291  0.14446717  0.13514428  0.15867487  0.14446717  0.13979108  0.13979108  0.19292393  0.18297612  0.17805179  0.18297612  0.17805179  0.16830008  0.14446717  0.15390868  0.14446717  0.14917291  0.19292393  0.28334106  0.26105408  0.27770625  0.31217539  0.27770625  0.31217539  0.20300690  0.21322878  0.24476742  0.20810024  0.23410490  0.23410490  0.25558538  0.25558538  0.26105408  0.28901899  0.25558538  0.27770625  0.28334106  0.28334106  0.28334106  0.28334106  0.37985410  0.27211390  0.27211390  0.28901899  0.26105408  0.28334106  0.28334106  0.28334106  0.28334106  0.27770625  0.28334106  0.28334106  0.34217561  0.33607775  0.34217561  0.33607775  0.39285109  0.37985410  0.39285109  0.39285109  0.39943596  0.40607978  0.39943596  0.33607775  0.36077574  0.36708085  0.34832399  0.36708085  0.36708085  0.37343999  0.37343999  0.38632414  0.36708085  0.36077574  0.40607978  0.40607978  0.33607775  0.32403033  0.33607775  0.35452375  0.34832399  0.34217561  0.36708085  0.36708085  0.36077574  0.38632414  0.37343999  0.37343999  0.38632414  0.38632414  0.34832399  0.36708085  0.37985410  0.39943596  0.40607978  0.35452375  0.39943596  0.39943596  0.40607978  0.37985410  0.37985410  0.37985410  0.37985410  0.36708085  0.41954859  0.37985410  0.37985410  0.38632414  0.39285109  0.38632414  0.27211390  0.28901899  0.34217561  0.36077574  0.34217561  0.32403033  0.33002959  0.28901899  0.28901899  0.28901899  0.30050686  0.35452375  0.34217561  0.36077574  0.34217561  0.34217561  0.34217561  0.34832399  0.35452375  0.36077574  0.35452375  0.35452375  
87_6_0     0.28901899  0.28901899  0.32403033  0.03154931  0.00387108  0.00000000  0.13052639  0.20300690  0.24476742  0.24476742  0.27770625  0.21839301  0.21839301  0.26105408  0.20300690  0.20300690  0.21322878  0.21322878  0.21839301  0.21839301  0.22359343  0.26105408  0.23410490  0.26105408  0.17315992  0.16347187  0.17315992  0.16347187  0.19292393  0.16347187  0.12137595  0.12137595  0.12593707  0.12593707  0.11233697  0.13052639  0.13979108  0.13979108  0.13979108  0.11684270  0.13052639  0.12137595  0.09898166  0.10340677  0.13052639  0.13979108  0.13979108  0.14917291  0.14446717  0.14446717  0.13979108  0.13052639  0.15390868  0.13979108  0.13514428  0.13514428  0.18793336  0.17805179  0.17315992  0.17805179  0.17315992  0.16347187  0.13979108  0.14917291  0.13979108  0.14446717  0.19794829  0.27770625  0.25558538  0.27211390  0.30631819  0.27211390  0.31217539  0.20810024  0.21839301  0.23941701  0.21322878  0.22883055  0.22883055  0.25015669  0.26105408  0.26656339  0.29474069  0.26105408  0.27211390  0.27770625  0.27770625  0.27770625  0.27770625  0.38632414  0.27770625  0.27770625  0.28901899  0.26656339  0.27770625  0.27770625  0.27770625  0.27770625  0.27211390  0.27770625  0.27770625  0.34832399  0.34217561  0.34832399  0.34217561  0.39943596  0.38632414  0.39943596  0.39943596  0.39285109  0.39943596  0.39285109  0.34217561  0.36708085  0.37343999  0.35452375  0.37343999  0.37343999  0.36708085  0.36708085  0.39285109  0.37343999  0.36708085  0.41278363  0.41278363  0.33002959  0.31807919  0.33002959  0.34832399  0.34217561  0.34832399  0.36077574  0.36077574  0.35452375  0.37985410  0.36708085  0.36708085  0.37985410  0.37985410  0.34217561  0.36077574  0.37343999  0.39285109  0.39943596  0.34832399  0.39285109  0.39285109  0.39943596  0.37343999  0.37343999  0.37343999  0.37343999  0.37343999  0.41278363  0.37343999  0.37343999  0.38632414  0.39285109  0.38632414  0.26656339  0.29474069  0.34832399  0.36708085  0.33607775  0.31807919  0.33607775  0.28334106  0.28334106  0.28334106  0.29474069  0.34832399  0.33607775  0.35452375  0.33607775  0.33607775  0.33607775  0.34217561  0.34832399  0.35452375  0.34832399  0.34832399  
98_6_0     0.32403033  0.32403033  0.35452375  0.13052639  0.13052639  0.13052639  0.00000000  0.19292393  0.25015669  0.25015669  0.27211390  0.23410490  0.23410490  0.26105408  0.23410490  0.23410490  0.23410490  0.23410490  0.23941701  0.23410490  0.23941701  0.27770625  0.23410490  0.28334106  0.20300690  0.20300690  0.21322878  0.20810024  0.20300690  0.19794829  0.13514428  0.13514428  0.13979108  0.15867487  0.15390868  0.17315992  0.18297612  0.18297612  0.21839301  0.14917291  0.16830008  0.15867487  0.12593707  0.13052639  0.17315992  0.17315992  0.17805179  0.17805179  0.17315992  0.17315992  0.16830008  0.16347187  0.18793336  0.16347187  0.15867487  0.15867487  0.21322878  0.22359343  0.21839301  0.22359343  0.21839301  0.20810024  0.15867487  0.18297612  0.17315992  0.17805179  0.22359343  0.33607775  0.32403033  0.31807919  0.33002959  0.30050686  0.35452375  0.24476742  0.23941701  0.29474069  0.27211390  0.25015669  0.25015669  0.29474069  0.26656339  0.28334106  0.28901899  0.26656339  0.31807919  0.31217539  0.31217539  0.32403033  0.30631819  0.36708085  0.28901899  0.30631819  0.32403033  0.28334106  0.28901899  0.30631819  0.30631819  0.30631819  0.30050686  0.30631819  0.30631819  0.32403033  0.31807919  0.31807919  0.32403033  0.37985410  0.36708085  0.37343999  0.39285109  0.39285109  0.38632414  0.39285109  0.30050686  0.33607775  0.34217561  0.31217539  0.33002959  0.31807919  0.31807919  0.31807919  0.34217561  0.31807919  0.32403033  0.40607978  0.40607978  0.32403033  0.32403033  0.31217539  0.36077574  0.38632414  0.36077574  0.39285109  0.39285109  0.38632414  0.39943596  0.35452375  0.34217561  0.39943596  0.39285109  0.36077574  0.37985410  0.39943596  0.41954859  0.42637580  0.36708085  0.36708085  0.36708085  0.39285109  0.37343999  0.37985410  0.37985410  0.37343999  0.40607978  0.43326640  0.40607978  0.39285109  0.41278363  0.41954859  0.41278363  0.28901899  0.31217539  0.35452375  0.36077574  0.34832399  0.32403033  0.37343999  0.31217539  0.32403033  0.33002959  0.33002959  0.39285109  0.40607978  0.39943596  0.39285109  0.39285109  0.39285109  0.39285109  0.41954859  0.41954859  0.41278363  0.41278363  
98_0_0     0.37985410  0.37985410  0.41954859  0.21322878  0.20810024  0.20300690  0.19292393  0.00000000  0.12593707  0.12593707  0.14917291  0.09898166  0.09898166  0.15390868  0.27770625  0.27770625  0.27770625  0.27770625  0.27211390  0.28334106  0.27770625  0.29474069  0.27770625  0.32403033  0.20300690  0.20810024  0.22883055  0.20300690  0.23941701  0.20300690  0.19292393  0.19292393  0.18793336  0.20300690  0.19292393  0.19794829  0.20810024  0.20810024  0.22883055  0.19292393  0.21839301  0.20810024  0.17315992  0.15867487  0.21839301  0.21322878  0.19794829  0.20810024  0.20300690  0.20300690  0.19794829  0.20810024  0.21322878  0.18793336  0.19292393  0.19292393  0.22359343  0.22359343  0.21839301  0.21839301  0.21839301  0.21839301  0.20810024  0.20810024  0.20300690  0.20300690  0.22883055  0.36077574  0.32403033  0.33607775  0.33607775  0.34832399  0.39285109  0.28334106  0.27211390  0.30631819  0.30050686  0.28901899  0.28901899  0.30631819  0.29474069  0.30050686  0.30631819  0.29474069  0.29474069  0.31217539  0.31217539  0.31807919  0.33002959  0.37343999  0.28901899  0.30631819  0.32403033  0.30631819  0.31217539  0.31807919  0.33002959  0.33002959  0.32403033  0.31807919  0.33002959  0.36708085  0.34832399  0.35452375  0.35452375  0.41278363  0.39943596  0.39943596  0.41278363  0.42637580  0.42637580  0.43326640  0.34832399  0.37343999  0.36708085  0.33607775  0.36077574  0.36077574  0.34832399  0.34832399  0.38632414  0.36077574  0.35452375  0.41954859  0.41954859  0.33607775  0.34217561  0.33002959  0.34217561  0.36077574  0.37343999  0.37985410  0.39943596  0.39943596  0.39285109  0.37343999  0.37343999  0.37985410  0.39285109  0.37985410  0.37343999  0.38632414  0.42637580  0.42637580  0.35452375  0.37985410  0.37985410  0.41278363  0.39285109  0.37985410  0.37343999  0.37343999  0.46148706  0.44724258  0.37343999  0.37343999  0.41954859  0.41278363  0.41954859  0.33002959  0.34832399  0.37343999  0.39943596  0.35452375  0.33607775  0.38632414  0.34217561  0.35452375  0.33607775  0.36077574  0.39285109  0.37985410  0.39943596  0.37985410  0.37985410  0.37985410  0.37985410  0.41954859  0.41278363  0.40607978  0.40607978  
89_0_0     0.44022159  0.44022159  0.46871317  0.27211390  0.24476742  0.24476742  0.25015669  0.12593707  0.00000000  0.01167437  0.07724345  0.12137595  0.12137595  0.17315992  0.27770625  0.27770625  0.28334106  0.28334106  0.29474069  0.28901899  0.28334106  0.31807919  0.29474069  0.32403033  0.27211390  0.27211390  0.26656339  0.25558538  0.26656339  0.25558538  0.21839301  0.21839301  0.22359343  0.26105408  0.25015669  0.27211390  0.27211390  0.27211390  0.25015669  0.22359343  0.23410490  0.23941701  0.20300690  0.20810024  0.25015669  0.25015669  0.22883055  0.23941701  0.23410490  0.23410490  0.23941701  0.26656339  0.27211390  0.25558538  0.25015669  0.25015669  0.27211390  0.27211390  0.26656339  0.26656339  0.26656339  0.27211390  0.25015669  0.25558538  0.25015669  0.25015669  0.26105408  0.37343999  0.34217561  0.36708085  0.35452375  0.35452375  0.37985410  0.31217539  0.31807919  0.32403033  0.31807919  0.31217539  0.31217539  0.32403033  0.31807919  0.30631819  0.34217561  0.31807919  0.31807919  0.32403033  0.32403033  0.31807919  0.33002959  0.37985410  0.29474069  0.30631819  0.33002959  0.31807919  0.33607775  0.33607775  0.32403033  0.32403033  0.33002959  0.32403033  0.33607775  0.39943596  0.40607978  0.41278363  0.41278363  0.41278363  0.39943596  0.39943596  0.42637580  0.47601034  0.45433064  0.46148706  0.37985410  0.34217561  0.35452375  0.36077574  0.37985410  0.37985410  0.39285109  0.39285109  0.39943596  0.37985410  0.37343999  0.45433064  0.45433064  0.37985410  0.38632414  0.37343999  0.41278363  0.44724258  0.42637580  0.44724258  0.46871317  0.46148706  0.45433064  0.45433064  0.45433064  0.41954859  0.41954859  0.44724258  0.44022159  0.46871317  0.44724258  0.44724258  0.42637580  0.43326640  0.43326640  0.44724258  0.43326640  0.41954859  0.45433064  0.44022159  0.47601034  0.50593851  0.44022159  0.42637580  0.44724258  0.44022159  0.44724258  0.38632414  0.39285109  0.42637580  0.44724258  0.39285109  0.38632414  0.44022159  0.40607978  0.40607978  0.39943596  0.42637580  0.44022159  0.45433064  0.43326640  0.42637580  0.42637580  0.42637580  0.41278363  0.44724258  0.45433064  0.45433064  0.45433064  
87_0_0     0.43326640  0.43326640  0.46148706  0.27211390  0.24476742  0.24476742  0.25015669  0.12593707  0.01167437  0.00000000  0.08154044  0.12137595  0.12137595  0.17315992  0.26656339  0.26656339  0.27211390  0.27211390  0.28334106  0.27770625  0.27211390  0.30631819  0.28334106  0.33607775  0.27211390  0.27211390  0.26656339  0.25558538  0.26656339  0.25558538  0.21839301  0.21839301  0.22359343  0.26105408  0.25015669  0.27211390  0.27211390  0.27211390  0.25015669  0.22359343  0.22359343  0.22883055  0.20300690  0.20810024  0.25015669  0.23941701  0.21839301  0.22883055  0.22359343  0.22359343  0.22883055  0.25558538  0.26105408  0.24476742  0.23941701  0.23941701  0.27211390  0.27211390  0.26656339  0.26656339  0.26656339  0.27211390  0.25015669  0.25558538  0.25015669  0.25015669  0.26105408  0.36708085  0.33607775  0.36077574  0.34832399  0.34832399  0.37343999  0.30631819  0.32403033  0.31807919  0.31217539  0.30631819  0.30631819  0.31807919  0.31217539  0.30050686  0.33607775  0.31217539  0.31217539  0.31807919  0.31807919  0.32403033  0.32403033  0.37343999  0.28901899  0.30050686  0.32403033  0.31217539  0.33002959  0.33002959  0.31807919  0.31807919  0.32403033  0.31807919  0.33002959  0.37985410  0.38632414  0.39285109  0.39285109  0.41954859  0.40607978  0.40607978  0.43326640  0.49834255  0.47601034  0.48337998  0.37343999  0.34832399  0.34832399  0.35452375  0.37343999  0.37343999  0.38632414  0.38632414  0.40607978  0.37343999  0.36708085  0.45433064  0.45433064  0.37343999  0.37985410  0.36708085  0.41278363  0.43326640  0.42637580  0.44724258  0.46871317  0.46148706  0.45433064  0.45433064  0.45433064  0.41954859  0.41954859  0.44724258  0.44022159  0.46871317  0.44724258  0.44724258  0.42637580  0.43326640  0.43326640  0.44724258  0.43326640  0.41954859  0.45433064  0.44022159  0.46148706  0.49082355  0.44022159  0.42637580  0.44724258  0.44022159  0.44724258  0.38632414  0.39285109  0.42637580  0.44724258  0.39285109  0.38632414  0.42637580  0.40607978  0.40607978  0.39943596  0.42637580  0.42637580  0.45433064  0.43326640  0.42637580  0.42637580  0.42637580  0.41278363  0.44724258  0.45433064  0.45433064  0.45433064  
73_0_0     0.42637580  0.42637580  0.47601034  0.30631819  0.27770625  0.27770625  0.27211390  0.14917291  0.07724345  0.08154044  0.00000000  0.15867487  0.15867487  0.19794829  0.29474069  0.29474069  0.29474069  0.29474069  0.29474069  0.30050686  0.29474069  0.33002959  0.31217539  0.34217561  0.27211390  0.28334106  0.27211390  0.27211390  0.28901899  0.26656339  0.26105408  0.26105408  0.25558538  0.29474069  0.28334106  0.30050686  0.30050686  0.30050686  0.28901899  0.27770625  0.28901899  0.29474069  0.25558538  0.25015669  0.29474069  0.29474069  0.28901899  0.28901899  0.28334106  0.28334106  0.28901899  0.28901899  0.29474069  0.26656339  0.28334106  0.28334106  0.28334106  0.30631819  0.30050686  0.30050686  0.28901899  0.28901899  0.29474069  0.28901899  0.28334106  0.28334106  0.30050686  0.41954859  0.37343999  0.38632414  0.39943596  0.36708085  0.40607978  0.33607775  0.34832399  0.36077574  0.36708085  0.34217561  0.34217561  0.37343999  0.35452375  0.35452375  0.37985410  0.35452375  0.33607775  0.35452375  0.35452375  0.34832399  0.33607775  0.41954859  0.34217561  0.35452375  0.36708085  0.35452375  0.39285109  0.37343999  0.37985410  0.37343999  0.37985410  0.38632414  0.38632414  0.44724258  0.44022159  0.46148706  0.46148706  0.45433064  0.44022159  0.44022159  0.46871317  0.49834255  0.49834255  0.50593851  0.40607978  0.38632414  0.37985410  0.37343999  0.39285109  0.39285109  0.38632414  0.38632414  0.42637580  0.39285109  0.39943596  0.49834255  0.49834255  0.38632414  0.36708085  0.37985410  0.41954859  0.45433064  0.41954859  0.44724258  0.46871317  0.46871317  0.45433064  0.44022159  0.44022159  0.43326640  0.44022159  0.43326640  0.44022159  0.44724258  0.48337998  0.48337998  0.43326640  0.43326640  0.43326640  0.46148706  0.44724258  0.43326640  0.44022159  0.44022159  0.47601034  0.46871317  0.45433064  0.45433064  0.47601034  0.46871317  0.47601034  0.34217561  0.37343999  0.43326640  0.46871317  0.41278363  0.39285109  0.40607978  0.38632414  0.39285109  0.39285109  0.39285109  0.39943596  0.40607978  0.39285109  0.38632414  0.38632414  0.38632414  0.39285109  0.42637580  0.41278363  0.41278363  0.41278363  
87_7_0     0.40607978  0.40607978  0.40607978  0.23941701  0.22359343  0.21839301  0.23410490  0.09898166  0.12137595  0.12137595  0.15867487  0.00000000  0.00000000  0.08586246  0.28334106  0.28334106  0.28334106  0.28334106  0.30050686  0.28901899  0.28334106  0.30631819  0.27770625  0.32403033  0.25558538  0.25558538  0.25015669  0.25015669  0.26656339  0.25015669  0.23941701  0.23941701  0.23410490  0.23941701  0.22883055  0.24476742  0.25015669  0.25015669  0.25558538  0.21322878  0.24476742  0.23410490  0.20810024  0.19794829  0.23941701  0.25015669  0.23941701  0.23941701  0.23410490  0.23410490  0.22883055  0.23941701  0.25558538  0.21839301  0.23410490  0.23410490  0.25558538  0.25015669  0.25558538  0.25558538  0.25558538  0.26105408  0.22359343  0.23410490  0.22883055  0.22883055  0.27211390  0.39285109  0.34217561  0.34832399  0.34217561  0.31807919  0.35452375  0.28334106  0.28334106  0.31217539  0.30050686  0.29474069  0.29474069  0.31217539  0.30631819  0.32403033  0.32403033  0.30631819  0.31217539  0.32403033  0.32403033  0.32403033  0.32403033  0.43326640  0.30631819  0.31217539  0.34217561  0.30631819  0.31807919  0.33002959  0.31217539  0.31807919  0.31807919  0.31217539  0.32403033  0.41278363  0.41954859  0.41278363  0.41278363  0.44022159  0.42637580  0.42637580  0.44022159  0.42637580  0.43326640  0.44022159  0.39285109  0.39943596  0.41278363  0.39285109  0.39285109  0.39285109  0.38632414  0.38632414  0.42637580  0.39285109  0.39285109  0.45433064  0.45433064  0.40607978  0.39943596  0.39285109  0.37343999  0.39943596  0.36708085  0.37343999  0.39285109  0.38632414  0.37343999  0.39943596  0.41278363  0.39285109  0.38632414  0.39943596  0.39285109  0.39943596  0.46148706  0.46148706  0.37985410  0.39285109  0.39285109  0.40607978  0.39943596  0.38632414  0.38632414  0.39285109  0.49082355  0.50593851  0.41278363  0.39943596  0.43326640  0.42637580  0.43326640  0.36077574  0.37343999  0.39285109  0.42637580  0.40607978  0.38632414  0.43326640  0.35452375  0.35452375  0.35452375  0.37343999  0.42637580  0.41954859  0.41278363  0.40607978  0.40607978  0.40607978  0.44022159  0.44724258  0.43326640  0.42637580  0.42637580  
89_7_0     0.40607978  0.40607978  0.40607978  0.23941701  0.22359343  0.21839301  0.23410490  0.09898166  0.12137595  0.12137595  0.15867487  0.00000000  0.00000000  0.08586246  0.28334106  0.28334106  0.28334106  0.28334106  0.30050686  0.28901899  0.28334106  0.30631819  0.27770625  0.32403033  0.25558538  0.25558538  0.25015669  0.25015669  0.26656339  0.25015669  0.23941701  0.23941701  0.23410490  0.23941701  0.22883055  0.24476742  0.25015669  0.25015669  0.25558538  0.21322878  0.24476742  0.23410490  0.20810024  0.19794829  0.23941701  0.25015669  0.23941701  0.23941701  0.23410490  0.23410490  0.22883055  0.23941701  0.25558538  0.21839301  0.23410490  0.23410490  0.25558538  0.25015669  0.25558538  0.25558538  0.25558538  0.26105408  0.22359343  0.23410490  0.22883055  0.22883055  0.27211390  0.39285109  0.34217561  0.34832399  0.34217561  0.31807919  0.35452375  0.28334106  0.28334106  0.31217539  0.30050686  0.29474069  0.29474069  0.31217539  0.30631819  0.32403033  0.32403033  0.30631819  0.31217539  0.32403033  0.32403033  0.32403033  0.32403033  0.43326640  0.30631819  0.31217539  0.34217561  0.30631819  0.31807919  0.33002959  0.31217539  0.31807919  0.31807919  0.31217539  0.32403033  0.41278363  0.41954859  0.41278363  0.41278363  0.44022159  0.42637580  0.42637580  0.44022159  0.42637580  0.43326640  0.44022159  0.39285109  0.39943596  0.41278363  0.39285109  0.39285109  0.39285109  0.38632414  0.38632414  0.42637580  0.39285109  0.39285109  0.45433064  0.45433064  0.40607978  0.39943596  0.39285109  0.37343999  0.39943596  0.36708085  0.37343999  0.39285109  0.38632414  0.37343999  0.39943596  0.41278363  0.39285109  0.38632414  0.39943596  0.39285109  0.39943596  0.46148706  0.46148706  0.37985410  0.39285109  0.39285109  0.40607978  0.39943596  0.38632414  0.38632414  0.39285109  0.49082355  0.50593851  0.41278363  0.39943596  0.43326640  0.42637580  0.43326640  0.36077574  0.37343999  0.39285109  0.42637580  0.40607978  0.38632414  0.43326640  0.35452375  0.35452375  0.35452375  0.37343999  0.42637580  0.41954859  0.41278363  0.40607978  0.40607978  0.40607978  0.44022159  0.44724258  0.43326640  0.42637580  0.42637580  
73_7_0     0.41954859  0.41954859  0.40607978  0.25558538  0.25558538  0.26105408  0.26105408  0.15390868  0.17315992  0.17315992  0.19794829  0.08586246  0.08586246  0.00000000  0.30631819  0.30631819  0.31807919  0.31807919  0.33002959  0.32403033  0.31807919  0.32403033  0.29474069  0.31807919  0.28901899  0.28334106  0.29474069  0.29474069  0.30050686  0.28334106  0.27211390  0.27211390  0.26656339  0.27211390  0.26105408  0.27770625  0.28901899  0.28901899  0.28334106  0.25558538  0.27211390  0.27211390  0.25558538  0.24476742  0.25558538  0.29474069  0.27211390  0.28334106  0.27770625  0.27770625  0.27211390  0.29474069  0.30631819  0.26656339  0.28334106  0.28334106  0.30050686  0.30050686  0.30631819  0.30631819  0.30631819  0.31217539  0.28334106  0.28901899  0.29474069  0.29474069  0.27211390  0.41278363  0.37343999  0.37343999  0.36077574  0.36708085  0.35452375  0.32403033  0.32403033  0.34832399  0.32403033  0.32403033  0.32403033  0.32403033  0.32403033  0.33607775  0.33607775  0.32403033  0.36077574  0.36077574  0.36077574  0.36077574  0.36077574  0.43326640  0.34217561  0.33607775  0.37343999  0.33607775  0.34217561  0.38632414  0.37343999  0.37985410  0.37343999  0.36708085  0.37985410  0.40607978  0.39943596  0.39943596  0.39943596  0.43326640  0.41954859  0.41954859  0.43326640  0.41954859  0.44022159  0.43326640  0.38632414  0.39285109  0.42637580  0.40607978  0.38632414  0.37343999  0.37985410  0.37985410  0.41278363  0.37343999  0.38632414  0.46148706  0.46148706  0.41954859  0.42637580  0.43326640  0.39943596  0.40607978  0.37985410  0.39943596  0.41278363  0.40607978  0.40607978  0.41278363  0.42637580  0.42637580  0.40607978  0.42637580  0.41954859  0.44022159  0.43326640  0.43326640  0.39285109  0.39285109  0.39285109  0.42637580  0.40607978  0.41278363  0.41278363  0.41278363  0.49834255  0.52136775  0.41278363  0.39943596  0.44022159  0.44724258  0.44022159  0.35452375  0.33607775  0.36077574  0.37985410  0.37985410  0.36077574  0.44724258  0.34217561  0.34832399  0.33002959  0.36077574  0.41278363  0.39943596  0.42637580  0.39285109  0.39285109  0.39285109  0.44022159  0.41954859  0.42637580  0.41954859  0.41954859  
80_0_0     0.39285109  0.39285109  0.37985410  0.21322878  0.19794829  0.20300690  0.23410490  0.27770625  0.27770625  0.26656339  0.29474069  0.28334106  0.28334106  0.30631819  0.00000000  0.00000000  0.04373491  0.04373491  0.05612397  0.04373491  0.04784166  0.09458277  0.05197126  0.10785844  0.11233697  0.10785844  0.13979108  0.10785844  0.11684270  0.09458277  0.16347187  0.16347187  0.16347187  0.22359343  0.21839301  0.23410490  0.23941701  0.23941701  0.25015669  0.20300690  0.20810024  0.20300690  0.18793336  0.19794829  0.20300690  0.20810024  0.21839301  0.21322878  0.21839301  0.21839301  0.22359343  0.23410490  0.24476742  0.23410490  0.23410490  0.23410490  0.26656339  0.27211390  0.26656339  0.26656339  0.25558538  0.25558538  0.23941701  0.24476742  0.23410490  0.23941701  0.23941701  0.34217561  0.29474069  0.30631819  0.31217539  0.29474069  0.34217561  0.25558538  0.32403033  0.25558538  0.26656339  0.26656339  0.26656339  0.30631819  0.29474069  0.31217539  0.32403033  0.29474069  0.33002959  0.32403033  0.32403033  0.33607775  0.33002959  0.36077574  0.30631819  0.30050686  0.33002959  0.28901899  0.32403033  0.30631819  0.28901899  0.28901899  0.28901899  0.29474069  0.29474069  0.36077574  0.36077574  0.37343999  0.36708085  0.39285109  0.39285109  0.40607978  0.39285109  0.44724258  0.45433064  0.44724258  0.35452375  0.35452375  0.36708085  0.36077574  0.34217561  0.34217561  0.33607775  0.33607775  0.34832399  0.34217561  0.33607775  0.42637580  0.42637580  0.35452375  0.36708085  0.37343999  0.44022159  0.44022159  0.40607978  0.42637580  0.44022159  0.41954859  0.44022159  0.47601034  0.46871317  0.46148706  0.46148706  0.46871317  0.46148706  0.46871317  0.44724258  0.45433064  0.42637580  0.44724258  0.44724258  0.45433064  0.44022159  0.43326640  0.48337998  0.46871317  0.41278363  0.44724258  0.44724258  0.48337998  0.45433064  0.46148706  0.45433064  0.35452375  0.36708085  0.39943596  0.40607978  0.34217561  0.36708085  0.32403033  0.36708085  0.36708085  0.36708085  0.35452375  0.38632414  0.36708085  0.40607978  0.37343999  0.37343999  0.37343999  0.37985410  0.37343999  0.37343999  0.37343999  0.37343999  
66_0_0     0.39285109  0.39285109  0.37985410  0.21322878  0.19794829  0.20300690  0.23410490  0.27770625  0.27770625  0.26656339  0.29474069  0.28334106  0.28334106  0.30631819  0.00000000  0.00000000  0.04373491  0.04373491  0.05612397  0.04373491  0.04784166  0.09458277  0.05197126  0.10785844  0.11233697  0.10785844  0.13979108  0.10785844  0.11684270  0.09458277  0.16347187  0.16347187  0.16347187  0.22359343  0.21839301  0.23410490  0.23941701  0.23941701  0.25015669  0.20300690  0.20810024  0.20300690  0.18793336  0.19794829  0.20300690  0.20810024  0.21839301  0.21322878  0.21839301  0.21839301  0.22359343  0.23410490  0.24476742  0.23410490  0.23410490  0.23410490  0.26656339  0.27211390  0.26656339  0.26656339  0.25558538  0.25558538  0.23941701  0.24476742  0.23410490  0.23941701  0.23941701  0.34217561  0.29474069  0.30631819  0.31217539  0.29474069  0.34217561  0.25558538  0.32403033  0.25558538  0.26656339  0.26656339  0.26656339  0.30631819  0.29474069  0.31217539  0.32403033  0.29474069  0.33002959  0.32403033  0.32403033  0.33607775  0.33002959  0.36077574  0.30631819  0.30050686  0.33002959  0.28901899  0.32403033  0.30631819  0.28901899  0.28901899  0.28901899  0.29474069  0.29474069  0.36077574  0.36077574  0.37343999  0.36708085  0.39285109  0.39285109  0.40607978  0.39285109  0.44724258  0.45433064  0.44724258  0.35452375  0.35452375  0.36708085  0.36077574  0.34217561  0.34217561  0.33607775  0.33607775  0.34832399  0.34217561  0.33607775  0.42637580  0.42637580  0.35452375  0.36708085  0.37343999  0.44022159  0.44022159  0.40607978  0.42637580  0.44022159  0.41954859  0.44022159  0.47601034  0.46871317  0.46148706  0.46148706  0.46871317  0.46148706  0.46871317  0.44724258  0.45433064  0.42637580  0.44724258  0.44724258  0.45433064  0.44022159  0.43326640  0.48337998  0.46871317  0.41278363  0.44724258  0.44724258  0.48337998  0.45433064  0.46148706  0.45433064  0.35452375  0.36708085  0.39943596  0.40607978  0.34217561  0.36708085  0.32403033  0.36708085  0.36708085  0.36708085  0.35452375  0.38632414  0.36708085  0.40607978  0.37343999  0.37343999  0.37343999  0.37985410  0.37343999  0.37343999  0.37343999  0.37343999  
96_0_0     0.38632414  0.38632414  0.39285109  0.23410490  0.21839301  0.21322878  0.23410490  0.27770625  0.28334106  0.27211390  0.29474069  0.28334106  0.28334106  0.31807919  0.04373491  0.04373491  0.00000000  0.00000000  0.01956058  0.00776247  0.01167437  0.09020981  0.06449977  0.11684270  0.11684270  0.11233697  0.13979108  0.10785844  0.13052639  0.11233697  0.16347187  0.16347187  0.16347187  0.22359343  0.22883055  0.22883055  0.23410490  0.23410490  0.24476742  0.21322878  0.21839301  0.21322878  0.19292393  0.19794829  0.21322878  0.22359343  0.23410490  0.22883055  0.23410490  0.23410490  0.23941701  0.24476742  0.25558538  0.24476742  0.24476742  0.24476742  0.26656339  0.28334106  0.27770625  0.27770625  0.26656339  0.26656339  0.25015669  0.25558538  0.24476742  0.25015669  0.26105408  0.36708085  0.31217539  0.33002959  0.33002959  0.30631819  0.35452375  0.28334106  0.32403033  0.27211390  0.29474069  0.27211390  0.27211390  0.30050686  0.30050686  0.31217539  0.33002959  0.30050686  0.33002959  0.33002959  0.33002959  0.33607775  0.33002959  0.38632414  0.30050686  0.30631819  0.33002959  0.29474069  0.34217561  0.29474069  0.28901899  0.28901899  0.28901899  0.29474069  0.29474069  0.39285109  0.37985410  0.40607978  0.41278363  0.42637580  0.42637580  0.43326640  0.42637580  0.44724258  0.45433064  0.44724258  0.38632414  0.39285109  0.39943596  0.39285109  0.36077574  0.36077574  0.35452375  0.35452375  0.35452375  0.36077574  0.36077574  0.41954859  0.41954859  0.34832399  0.35452375  0.35452375  0.46871317  0.46871317  0.45433064  0.44022159  0.45433064  0.43326640  0.45433064  0.45433064  0.44724258  0.46148706  0.46871317  0.46871317  0.46148706  0.46148706  0.44724258  0.45433064  0.41954859  0.46148706  0.46148706  0.46871317  0.45433064  0.44724258  0.49082355  0.48337998  0.41278363  0.42637580  0.46148706  0.48337998  0.44724258  0.45433064  0.44724258  0.36077574  0.38632414  0.42637580  0.43326640  0.35452375  0.36708085  0.35452375  0.37985410  0.37985410  0.37985410  0.37343999  0.36077574  0.35452375  0.39285109  0.36077574  0.36077574  0.36077574  0.35452375  0.36077574  0.36077574  0.36077574  0.36077574  
83_0_0     0.38632414  0.38632414  0.39285109  0.23410490  0.21839301  0.21322878  0.23410490  0.27770625  0.28334106  0.27211390  0.29474069  0.28334106  0.28334106  0.31807919  0.04373491  0.04373491  0.00000000  0.00000000  0.01956058  0.00776247  0.01167437  0.09020981  0.06449977  0.11684270  0.11684270  0.11233697  0.13979108  0.10785844  0.13052639  0.11233697  0.16347187  0.16347187  0.16347187  0.22359343  0.22883055  0.22883055  0.23410490  0.23410490  0.24476742  0.21322878  0.21839301  0.21322878  0.19292393  0.19794829  0.21322878  0.22359343  0.23410490  0.22883055  0.23410490  0.23410490  0.23941701  0.24476742  0.25558538  0.24476742  0.24476742  0.24476742  0.26656339  0.28334106  0.27770625  0.27770625  0.26656339  0.26656339  0.25015669  0.25558538  0.24476742  0.25015669  0.26105408  0.36708085  0.31217539  0.33002959  0.33002959  0.30631819  0.35452375  0.28334106  0.32403033  0.27211390  0.29474069  0.27211390  0.27211390  0.30050686  0.30050686  0.31217539  0.33002959  0.30050686  0.33002959  0.33002959  0.33002959  0.33607775  0.33002959  0.38632414  0.30050686  0.30631819  0.33002959  0.29474069  0.34217561  0.29474069  0.28901899  0.28901899  0.28901899  0.29474069  0.29474069  0.39285109  0.37985410  0.40607978  0.41278363  0.42637580  0.42637580  0.43326640  0.42637580  0.44724258  0.45433064  0.44724258  0.38632414  0.39285109  0.39943596  0.39285109  0.36077574  0.36077574  0.35452375  0.35452375  0.35452375  0.36077574  0.36077574  0.41954859  0.41954859  0.34832399  0.35452375  0.35452375  0.46871317  0.46871317  0.45433064  0.44022159  0.45433064  0.43326640  0.45433064  0.45433064  0.44724258  0.46148706  0.46871317  0.46871317  0.46148706  0.46148706  0.44724258  0.45433064  0.41954859  0.46148706  0.46148706  0.46871317  0.45433064  0.44724258  0.49082355  0.48337998  0.41278363  0.42637580  0.46148706  0.48337998  0.44724258  0.45433064  0.44724258  0.36077574  0.38632414  0.42637580  0.43326640  0.35452375  0.36708085  0.35452375  0.37985410  0.37985410  0.37985410  0.37343999  0.36077574  0.35452375  0.39285109  0.36077574  0.36077574  0.36077574  0.35452375  0.36077574  0.36077574  0.36077574  0.36077574  
