20
20_0_0     0.00000000  0.51154994  0.50014311  0.50014311  0.50014311  0.44559304  0.43514697  0.37537453  0.38500912  0.39477008  0.44559304  0.44559304  0.44559304  0.38500912  0.54685859  0.44559304  0.45618784  0.43514697  0.44559304  0.46693566  
5_0_0      0.51154994  0.00000000  0.07281301  0.07281301  0.07281301  0.18993116  0.20500487  0.33803714  0.32898833  0.30248395  0.43514697  0.43514697  0.43514697  0.47784098  0.47784098  0.33803714  0.47784098  0.48890850  0.50014311  0.47784098  
12_0_0     0.50014311  0.07281301  0.00000000  0.00000000  0.00000000  0.18250729  0.16787809  0.30248395  0.29385486  0.25214942  0.42484551  0.42484551  0.42484551  0.41468471  0.47784098  0.34719733  0.42484551  0.47784098  0.48890850  0.44559304  
4_0_0      0.50014311  0.07281301  0.00000000  0.00000000  0.00000000  0.18250729  0.16787809  0.30248395  0.29385486  0.25214942  0.42484551  0.42484551  0.42484551  0.41468471  0.47784098  0.34719733  0.42484551  0.47784098  0.48890850  0.44559304  
10_0_0     0.50014311  0.07281301  0.00000000  0.00000000  0.00000000  0.18250729  0.16787809  0.30248395  0.29385486  0.25214942  0.42484551  0.42484551  0.42484551  0.41468471  0.47784098  0.34719733  0.42484551  0.47784098  0.48890850  0.44559304  
17_0_0     0.44559304  0.18993116  0.18250729  0.18250729  0.18250729  0.00000000  0.06017193  0.32004824  0.31121427  0.30248395  0.38500912  0.38500912  0.38500912  0.35647169  0.41468471  0.29385486  0.35647169  0.46693566  0.47784098  0.47784098  
11_0_0     0.43514697  0.20500487  0.16787809  0.16787809  0.16787809  0.06017193  0.00000000  0.32898833  0.32004824  0.29385486  0.44559304  0.44559304  0.44559304  0.42484551  0.48890850  0.33803714  0.43514697  0.43514697  0.44559304  0.44559304  
18_0_0     0.37537453  0.33803714  0.30248395  0.30248395  0.30248395  0.32004824  0.32898833  0.00000000  0.01754628  0.09875820  0.22820386  0.22820386  0.22820386  0.36586309  0.50014311  0.41468471  0.37537453  0.43514697  0.42484551  0.44559304  
8_0_0      0.38500912  0.32898833  0.29385486  0.29385486  0.29385486  0.31121427  0.32004824  0.01754628  0.00000000  0.09218660  0.23610041  0.23610041  0.23610041  0.37537453  0.51154994  0.40466078  0.38500912  0.44559304  0.43514697  0.45618784  
19_0_0     0.39477008  0.30248395  0.25214942  0.25214942  0.25214942  0.30248395  0.29385486  0.09875820  0.09218660  0.00000000  0.21265779  0.21265779  0.21265779  0.33803714  0.47784098  0.35647169  0.37537453  0.45618784  0.44559304  0.44559304  
7_0_0      0.44559304  0.43514697  0.42484551  0.42484551  0.42484551  0.38500912  0.44559304  0.22820386  0.23610041  0.21265779  0.00000000  0.00000000  0.00000000  0.35647169  0.45618784  0.36586309  0.33803714  0.52313434  0.51154994  0.53490192  
13_0_0     0.44559304  0.43514697  0.42484551  0.42484551  0.42484551  0.38500912  0.44559304  0.22820386  0.23610041  0.21265779  0.00000000  0.00000000  0.00000000  0.35647169  0.45618784  0.36586309  0.33803714  0.52313434  0.51154994  0.53490192  
9_0_0      0.44559304  0.43514697  0.42484551  0.42484551  0.42484551  0.38500912  0.44559304  0.22820386  0.23610041  0.21265779  0.00000000  0.00000000  0.00000000  0.35647169  0.45618784  0.36586309  0.33803714  0.52313434  0.51154994  0.53490192  
16_0_0     0.38500912  0.47784098  0.41468471  0.41468471  0.41468471  0.35647169  0.42484551  0.36586309  0.37537453  0.33803714  0.35647169  0.35647169  0.35647169  0.00000000  0.26855220  0.22820386  0.15353095  0.47784098  0.46693566  0.50014311  
6_0_0      0.54685859  0.47784098  0.47784098  0.47784098  0.47784098  0.41468471  0.48890850  0.50014311  0.51154994  0.47784098  0.45618784  0.45618784  0.45618784  0.26855220  0.00000000  0.22820386  0.21265779  0.60970547  0.62293783  0.59670430  
14_0_0     0.44559304  0.33803714  0.34719733  0.34719733  0.34719733  0.29385486  0.33803714  0.41468471  0.40466078  0.35647169  0.36586309  0.36586309  0.36586309  0.22820386  0.22820386  0.00000000  0.18993116  0.48890850  0.50014311  0.52313434  
15_0_0     0.45618784  0.47784098  0.42484551  0.42484551  0.42484551  0.35647169  0.43514697  0.37537453  0.38500912  0.37537453  0.33803714  0.33803714  0.33803714  0.15353095  0.21265779  0.18993116  0.00000000  0.52313434  0.53490192  0.53490192  
3_0_0      0.43514697  0.48890850  0.47784098  0.47784098  0.47784098  0.46693566  0.43514697  0.43514697  0.44559304  0.45618784  0.52313434  0.52313434  0.52313434  0.47784098  0.60970547  0.48890850  0.52313434  0.00000000  0.00580291  0.01754628  
2_0_0      0.44559304  0.50014311  0.48890850  0.48890850  0.48890850  0.47784098  0.44559304  0.42484551  0.43514697  0.44559304  0.51154994  0.51154994  0.51154994  0.46693566  0.62293783  0.50014311  0.53490192  0.00580291  0.00000000  0.02348820  
1_0_0      0.46693566  0.47784098  0.44559304  0.44559304  0.44559304  0.47784098  0.44559304  0.44559304  0.45618784  0.44559304  0.53490192  0.53490192  0.53490192  0.50014311  0.59670430  0.52313434  0.53490192  0.01754628  0.02348820  0.00000000  

