173
97_0_0     0.00000000  0.36077953  0.37175223  0.37175223  0.37175223  0.38289460  0.38289460  0.41739424  0.78608937  0.74782677  0.78608937  0.65201099  0.65201099  0.52519655  0.52519655  0.57474267  0.54601493  0.54601493  0.56023565  0.57474267  0.58954772  0.59706590  0.62010280  0.60466333  0.59706590  0.56745266  0.56023565  0.64390052  0.54601493  0.60466333  0.55309021  0.56745266  0.64390052  0.66851103  0.62010280  0.59706590  0.58210718  0.57474267  0.59706590  0.59706590  0.79598109  0.72943129  0.72040670  0.68539772  0.68539772  0.74782677  0.74782677  0.67690491  0.65201099  0.62794838  0.63588031  0.66021379  0.63588031  0.59706590  0.62010280  0.64390052  0.58210718  0.58210718  0.68539772  0.62794838  0.58954772  0.62794838  0.60466333  0.62794838  0.62010280  0.58210718  0.63588031  0.53900843  0.53900843  0.52519655  0.53900843  0.55309021  0.58954772  0.57474267  0.58954772  0.58954772  0.58210718  0.62794838  0.64390052  0.62794838  0.62010280  0.73857034  0.71149372  0.71149372  0.69399182  0.59706590  0.60466333  0.63588031  0.62794838  0.66851103  0.58210718  0.63588031  0.65201099  0.62794838  0.65201099  0.65201099  0.66851103  0.70268964  0.69399182  0.63588031  0.63588031  0.67690491  0.68539772  0.66851103  0.58954772  0.60466333  0.62010280  0.61234172  0.59706590  0.71149372  0.66021379  0.71149372  0.70268964  0.69399182  0.66021379  0.65201099  0.67690491  0.60466333  0.60466333  0.59706590  0.61234172  0.61234172  0.66021379  0.62794838  0.62794838  0.64390052  0.63588031  0.56023565  0.65201099  0.64390052  0.66851103  0.51838863  0.54601493  0.56023565  0.51838863  0.51838863  0.55309021  0.52519655  0.52519655  0.52519655  0.55309021  0.52519655  0.59706590  0.60466333  0.58954772  0.54601493  0.50496274  0.58954772  0.56745266  0.55309021  0.56745266  0.52519655  0.58210718  0.53206940  0.56745266  0.55309021  0.61234172  0.55309021  0.59706590  0.64390052  0.65201099  0.60466333  0.66021379  0.66021379  0.68539772  0.59706590  0.62794838  0.59706590  0.61234172  0.62794838  0.62794838  0.62794838  0.60466333  
100_0_0    0.36077953  0.00000000  0.38853106  0.38853106  0.38853106  0.38853106  0.38853106  0.48528157  0.74782677  0.72040670  0.75720365  0.69399182  0.71149372  0.68539772  0.66021379  0.67690491  0.67690491  0.70268964  0.75720365  0.74782677  0.72943129  0.75720365  0.69399182  0.71149372  0.71149372  0.66021379  0.66851103  0.65201099  0.64390052  0.69399182  0.66021379  0.72943129  0.68539772  0.68539772  0.64390052  0.73857034  0.70268964  0.69399182  0.68539772  0.68539772  0.66851103  0.68539772  0.69399182  0.70268964  0.71149372  0.68539772  0.70268964  0.66851103  0.73857034  0.68539772  0.68539772  0.69399182  0.70268964  0.63588031  0.61234172  0.64390052  0.61234172  0.56745266  0.65201099  0.68539772  0.72040670  0.63588031  0.66021379  0.69399182  0.71149372  0.72040670  0.73857034  0.65201099  0.63588031  0.61234172  0.66021379  0.66021379  0.73857034  0.66021379  0.66021379  0.62010280  0.62010280  0.62794838  0.63588031  0.62010280  0.71149372  0.65201099  0.66021379  0.69399182  0.70268964  0.66021379  0.62010280  0.58954772  0.59706590  0.62010280  0.61234172  0.63588031  0.68539772  0.68539772  0.66021379  0.63588031  0.70268964  0.70268964  0.69399182  0.63588031  0.63588031  0.66021379  0.64390052  0.65201099  0.70268964  0.65201099  0.70268964  0.66851103  0.63588031  0.67690491  0.66021379  0.71149372  0.69399182  0.66021379  0.67690491  0.68539772  0.66021379  0.55309021  0.55309021  0.60466333  0.57474267  0.61234172  0.58954772  0.56745266  0.66851103  0.65201099  0.62794838  0.57474267  0.63588031  0.62010280  0.59706590  0.49178242  0.52519655  0.53900843  0.53206940  0.53900843  0.55309021  0.55309021  0.52519655  0.53900843  0.56023565  0.53900843  0.54601493  0.58210718  0.53900843  0.53900843  0.53900843  0.56745266  0.57474267  0.51164442  0.55309021  0.51164442  0.56745266  0.52519655  0.56023565  0.54601493  0.60466333  0.58954772  0.62794838  0.66021379  0.66021379  0.66021379  0.69399182  0.71149372  0.64390052  0.65201099  0.69399182  0.66851103  0.68539772  0.67690491  0.68539772  0.67690491  0.59706590  
94_0_0     0.37175223  0.38853106  0.00000000  0.00000000  0.01669352  0.02348073  0.02348073  0.42330824  0.72040670  0.78608937  0.77633158  0.65201099  0.64390052  0.59706590  0.59706590  0.58210718  0.61234172  0.56023565  0.58954772  0.60466333  0.62010280  0.64390052  0.62794838  0.62794838  0.66851103  0.60466333  0.62794838  0.59706590  0.63588031  0.65201099  0.64390052  0.66021379  0.66021379  0.64390052  0.65201099  0.67690491  0.66021379  0.65201099  0.66851103  0.66851103  0.64390052  0.66851103  0.67690491  0.71149372  0.73857034  0.76670415  0.77633158  0.69399182  0.70268964  0.65201099  0.66851103  0.70268964  0.64390052  0.61234172  0.75720365  0.73857034  0.71149372  0.72943129  0.78608937  0.64390052  0.64390052  0.71149372  0.72943129  0.72943129  0.72943129  0.67690491  0.72943129  0.62794838  0.63588031  0.62794838  0.64390052  0.65201099  0.71149372  0.78608937  0.66021379  0.68539772  0.66851103  0.64390052  0.62794838  0.66021379  0.66021379  0.66851103  0.76670415  0.78608937  0.76670415  0.67690491  0.66851103  0.66021379  0.66851103  0.73857034  0.63588031  0.72040670  0.70268964  0.70268964  0.69399182  0.66851103  0.76670415  0.75720365  0.75720365  0.71149372  0.71149372  0.75720365  0.72040670  0.75720365  0.70268964  0.73857034  0.73857034  0.72943129  0.72040670  0.69399182  0.68539772  0.66851103  0.74782677  0.69399182  0.66851103  0.66021379  0.67690491  0.63588031  0.63588031  0.62794838  0.62794838  0.64390052  0.69399182  0.72040670  0.80601049  0.78608937  0.75720365  0.66021379  0.67690491  0.70268964  0.71149372  0.54601493  0.62010280  0.64390052  0.58210718  0.59706590  0.62794838  0.62794838  0.59706590  0.58954772  0.62794838  0.62010280  0.62794838  0.64390052  0.62010280  0.62010280  0.64390052  0.58954772  0.65201099  0.62010280  0.62010280  0.64390052  0.62010280  0.56745266  0.58210718  0.58210718  0.66851103  0.67690491  0.65201099  0.69399182  0.72040670  0.78608937  0.75720365  0.78608937  0.70268964  0.70268964  0.71149372  0.72943129  0.73857034  0.73857034  0.72943129  0.71149372  0.63588031  
98_0_0     0.37175223  0.38853106  0.00000000  0.00000000  0.01669352  0.02348073  0.02348073  0.42330824  0.72040670  0.78608937  0.77633158  0.65201099  0.64390052  0.59706590  0.59706590  0.58210718  0.61234172  0.56023565  0.58954772  0.60466333  0.62010280  0.64390052  0.62794838  0.62794838  0.66851103  0.60466333  0.62794838  0.59706590  0.63588031  0.65201099  0.64390052  0.66021379  0.66021379  0.64390052  0.65201099  0.67690491  0.66021379  0.65201099  0.66851103  0.66851103  0.64390052  0.66851103  0.67690491  0.71149372  0.73857034  0.76670415  0.77633158  0.69399182  0.70268964  0.65201099  0.66851103  0.70268964  0.64390052  0.61234172  0.75720365  0.73857034  0.71149372  0.72943129  0.78608937  0.64390052  0.64390052  0.71149372  0.72943129  0.72943129  0.72943129  0.67690491  0.72943129  0.62794838  0.63588031  0.62794838  0.64390052  0.65201099  0.71149372  0.78608937  0.66021379  0.68539772  0.66851103  0.64390052  0.62794838  0.66021379  0.66021379  0.66851103  0.76670415  0.78608937  0.76670415  0.67690491  0.66851103  0.66021379  0.66851103  0.73857034  0.63588031  0.72040670  0.70268964  0.70268964  0.69399182  0.66851103  0.76670415  0.75720365  0.75720365  0.71149372  0.71149372  0.75720365  0.72040670  0.75720365  0.70268964  0.73857034  0.73857034  0.72943129  0.72040670  0.69399182  0.68539772  0.66851103  0.74782677  0.69399182  0.66851103  0.66021379  0.67690491  0.63588031  0.63588031  0.62794838  0.62794838  0.64390052  0.69399182  0.72040670  0.80601049  0.78608937  0.75720365  0.66021379  0.67690491  0.70268964  0.71149372  0.54601493  0.62010280  0.64390052  0.58210718  0.59706590  0.62794838  0.62794838  0.59706590  0.58954772  0.62794838  0.62010280  0.62794838  0.64390052  0.62010280  0.62010280  0.64390052  0.58954772  0.65201099  0.62010280  0.62010280  0.64390052  0.62010280  0.56745266  0.58210718  0.58210718  0.66851103  0.67690491  0.65201099  0.69399182  0.72040670  0.78608937  0.75720365  0.78608937  0.70268964  0.70268964  0.71149372  0.72943129  0.73857034  0.73857034  0.72943129  0.71149372  0.63588031  
99_0_0     0.37175223  0.38853106  0.01669352  0.01669352  0.00000000  0.01332373  0.02007913  0.42927117  0.71149372  0.77633158  0.76670415  0.66851103  0.66021379  0.59706590  0.59706590  0.59706590  0.62794838  0.58954772  0.62010280  0.63588031  0.60466333  0.62794838  0.60466333  0.61234172  0.68539772  0.62010280  0.64390052  0.62794838  0.65201099  0.66851103  0.66021379  0.67690491  0.67690491  0.66021379  0.65201099  0.67690491  0.67690491  0.66851103  0.66851103  0.66851103  0.64390052  0.65201099  0.66021379  0.72040670  0.74782677  0.74782677  0.75720365  0.68539772  0.70268964  0.65201099  0.66851103  0.69399182  0.67690491  0.62794838  0.74782677  0.72943129  0.70268964  0.72040670  0.79598109  0.64390052  0.63588031  0.72040670  0.73857034  0.72040670  0.72040670  0.66021379  0.72040670  0.62010280  0.62794838  0.62010280  0.63588031  0.64390052  0.72040670  0.77633158  0.66851103  0.69399182  0.67690491  0.66021379  0.64390052  0.69399182  0.66021379  0.66021379  0.75720365  0.77633158  0.75720365  0.66851103  0.66021379  0.66851103  0.67690491  0.74782677  0.64390052  0.72943129  0.68539772  0.68539772  0.67690491  0.67690491  0.75720365  0.72943129  0.72943129  0.68539772  0.68539772  0.73857034  0.72040670  0.73857034  0.67690491  0.71149372  0.71149372  0.70268964  0.71149372  0.67690491  0.66851103  0.65201099  0.74782677  0.69399182  0.66021379  0.65201099  0.65201099  0.62794838  0.62794838  0.62010280  0.62010280  0.62010280  0.68539772  0.71149372  0.79598109  0.77633158  0.76670415  0.65201099  0.66851103  0.67690491  0.68539772  0.54601493  0.58954772  0.61234172  0.56745266  0.58210718  0.61234172  0.61234172  0.58210718  0.58954772  0.62794838  0.62010280  0.64390052  0.66021379  0.63588031  0.61234172  0.65201099  0.59706590  0.66021379  0.59706590  0.61234172  0.65201099  0.62794838  0.58210718  0.58954772  0.58954772  0.67690491  0.66851103  0.66021379  0.72040670  0.73857034  0.78608937  0.77633158  0.78608937  0.70268964  0.70268964  0.71149372  0.72943129  0.73857034  0.73857034  0.74782677  0.72943129  0.64390052  
95_0_0     0.38289460  0.38853106  0.02348073  0.02348073  0.01332373  0.00000000  0.02689846  0.43528386  0.72943129  0.79598109  0.78608937  0.66851103  0.66021379  0.61234172  0.61234172  0.59706590  0.62794838  0.60466333  0.63588031  0.65201099  0.62010280  0.64390052  0.59706590  0.59706590  0.66851103  0.62010280  0.64390052  0.61234172  0.65201099  0.68539772  0.66021379  0.67690491  0.67690491  0.66021379  0.65201099  0.67690491  0.67690491  0.66851103  0.65201099  0.65201099  0.65201099  0.66851103  0.67690491  0.71149372  0.73857034  0.73857034  0.74782677  0.67690491  0.69399182  0.64390052  0.66021379  0.68539772  0.65201099  0.62010280  0.73857034  0.72040670  0.71149372  0.72943129  0.80601049  0.64390052  0.63588031  0.71149372  0.72943129  0.72943129  0.72943129  0.66021379  0.73857034  0.60466333  0.61234172  0.60466333  0.62010280  0.64390052  0.72040670  0.75720365  0.66851103  0.69399182  0.67690491  0.66021379  0.63588031  0.69399182  0.66021379  0.66021379  0.73857034  0.75720365  0.73857034  0.66851103  0.66021379  0.66851103  0.67690491  0.74782677  0.64390052  0.72943129  0.71149372  0.70268964  0.70268964  0.67690491  0.77633158  0.74782677  0.74782677  0.70268964  0.70268964  0.75720365  0.73857034  0.75720365  0.69399182  0.72040670  0.72040670  0.71149372  0.71149372  0.70268964  0.69399182  0.67690491  0.75720365  0.70268964  0.67690491  0.66851103  0.68539772  0.65201099  0.65201099  0.64390052  0.64390052  0.64390052  0.68539772  0.71149372  0.81618144  0.79598109  0.76670415  0.68539772  0.68539772  0.69399182  0.70268964  0.54601493  0.60466333  0.62794838  0.56745266  0.56745266  0.59706590  0.59706590  0.56745266  0.60466333  0.62794838  0.62010280  0.64390052  0.66021379  0.63588031  0.61234172  0.65201099  0.59706590  0.67690491  0.61234172  0.62794838  0.65201099  0.61234172  0.56745266  0.58954772  0.58954772  0.69399182  0.66851103  0.66021379  0.73857034  0.75720365  0.80601049  0.77633158  0.82649800  0.70268964  0.72040670  0.72943129  0.72943129  0.75720365  0.75720365  0.76670415  0.74782677  0.62794838  
96_0_0     0.38289460  0.38853106  0.02348073  0.02348073  0.02007913  0.02689846  0.00000000  0.45984920  0.72943129  0.79598109  0.78608937  0.69399182  0.65201099  0.58954772  0.58954772  0.62010280  0.65201099  0.58954772  0.59706590  0.61234172  0.61234172  0.63588031  0.63588031  0.63588031  0.67690491  0.62794838  0.65201099  0.62010280  0.66021379  0.67690491  0.66851103  0.68539772  0.64390052  0.62794838  0.62010280  0.68539772  0.66851103  0.66021379  0.66021379  0.66021379  0.66851103  0.66021379  0.66851103  0.72943129  0.75720365  0.75720365  0.76670415  0.71149372  0.69399182  0.64390052  0.66021379  0.68539772  0.65201099  0.62010280  0.75720365  0.73857034  0.71149372  0.72943129  0.78608937  0.65201099  0.64390052  0.72943129  0.74782677  0.73857034  0.73857034  0.69399182  0.75720365  0.63588031  0.64390052  0.65201099  0.66851103  0.66021379  0.73857034  0.81618144  0.70268964  0.72943129  0.71149372  0.68539772  0.66851103  0.70268964  0.68539772  0.66851103  0.75720365  0.77633158  0.75720365  0.68539772  0.67690491  0.68539772  0.69399182  0.76670415  0.66021379  0.72943129  0.71149372  0.70268964  0.69399182  0.69399182  0.81618144  0.78608937  0.78608937  0.73857034  0.73857034  0.79598109  0.75720365  0.79598109  0.72943129  0.76670415  0.76670415  0.75720365  0.74782677  0.72040670  0.71149372  0.69399182  0.79598109  0.70268964  0.69399182  0.68539772  0.70268964  0.66021379  0.66021379  0.65201099  0.63588031  0.63588031  0.72040670  0.74782677  0.83696440  0.81618144  0.78608937  0.70268964  0.70268964  0.71149372  0.72040670  0.56023565  0.62010280  0.64390052  0.56745266  0.58210718  0.61234172  0.61234172  0.58210718  0.58954772  0.62794838  0.62010280  0.66021379  0.65201099  0.63588031  0.61234172  0.65201099  0.59706590  0.69399182  0.62794838  0.64390052  0.65201099  0.62794838  0.58210718  0.56745266  0.57474267  0.68539772  0.67690491  0.63588031  0.69399182  0.72943129  0.74782677  0.73857034  0.76670415  0.71149372  0.66851103  0.67690491  0.71149372  0.70268964  0.72040670  0.71149372  0.69399182  0.66851103  
93_0_0     0.41739424  0.48528157  0.42330824  0.42330824  0.42927117  0.43528386  0.45984920  0.00000000  0.83696440  0.88041974  0.88041974  0.73857034  0.67690491  0.72943129  0.72943129  0.72943129  0.73857034  0.66021379  0.68539772  0.68539772  0.73857034  0.74782677  0.74782677  0.75720365  0.72040670  0.68539772  0.70268964  0.66021379  0.63588031  0.65201099  0.66851103  0.62794838  0.75720365  0.72040670  0.73857034  0.64390052  0.65201099  0.67690491  0.66021379  0.66021379  0.74782677  0.69399182  0.72040670  0.74782677  0.73857034  0.73857034  0.75720365  0.69399182  0.71149372  0.70268964  0.72040670  0.75720365  0.71149372  0.68539772  0.73857034  0.71149372  0.62794838  0.61234172  0.73857034  0.66851103  0.70268964  0.63588031  0.64390052  0.68539772  0.72040670  0.66851103  0.61234172  0.60466333  0.60466333  0.56023565  0.57474267  0.59706590  0.68539772  0.68539772  0.58210718  0.60466333  0.61234172  0.63588031  0.60466333  0.62010280  0.68539772  0.63588031  0.69399182  0.72943129  0.75720365  0.70268964  0.67690491  0.62010280  0.62794838  0.62010280  0.61234172  0.64390052  0.67690491  0.68539772  0.68539772  0.66021379  0.66851103  0.65201099  0.66851103  0.62010280  0.62010280  0.70268964  0.70268964  0.69399182  0.66851103  0.69399182  0.67690491  0.67690491  0.68539772  0.70268964  0.66021379  0.72040670  0.72040670  0.74782677  0.66851103  0.67690491  0.70268964  0.67690491  0.67690491  0.69399182  0.71149372  0.74782677  0.62010280  0.62794838  0.69399182  0.69399182  0.69399182  0.58210718  0.64390052  0.69399182  0.68539772  0.59706590  0.63588031  0.63588031  0.64390052  0.68539772  0.72943129  0.72943129  0.69399182  0.66851103  0.66021379  0.64390052  0.66021379  0.72040670  0.66851103  0.68539772  0.66851103  0.66021379  0.66021379  0.66021379  0.68539772  0.72040670  0.67690491  0.59706590  0.65201099  0.65201099  0.61234172  0.66021379  0.67690491  0.74782677  0.69399182  0.71149372  0.72943129  0.73857034  0.72943129  0.69399182  0.72040670  0.70268964  0.70268964  0.72943129  0.72943129  0.71149372  0.71149372  
56_0_0     0.78608937  0.74782677  0.72040670  0.72040670  0.71149372  0.72943129  0.72943129  0.83696440  0.00000000  0.06560382  0.05128746  0.53206940  0.49178242  0.47245320  0.47245320  0.41152838  0.40570988  0.45362891  0.45984920  0.43528386  0.46612364  0.46612364  0.47245320  0.48528157  0.44134714  0.42330824  0.43528386  0.48528157  0.51164442  0.45362891  0.45984920  0.44134714  0.54601493  0.55309021  0.51164442  0.51838863  0.49178242  0.49834245  0.44746186  0.44746186  0.48528157  0.45984920  0.44134714  0.53206940  0.54601493  0.58210718  0.58210718  0.47883884  0.57474267  0.56023565  0.58210718  0.59706590  0.53900843  0.59706590  0.75720365  0.77633158  0.81618144  0.79598109  0.76670415  0.76670415  0.75720365  0.74782677  0.75720365  0.70268964  0.72943129  0.69399182  0.71149372  0.67690491  0.67690491  0.63588031  0.66851103  0.63588031  0.72040670  0.76670415  0.69399182  0.69399182  0.69399182  0.73857034  0.75720365  0.74782677  0.73857034  0.68539772  0.75720365  0.78608937  0.77633158  0.66021379  0.65201099  0.66021379  0.66021379  0.71149372  0.71149372  0.72040670  0.63588031  0.66021379  0.63588031  0.68539772  0.80601049  0.82649800  0.85836457  0.83696440  0.83696440  0.82649800  0.80601049  0.79598109  0.72943129  0.74782677  0.74782677  0.73857034  0.75720365  0.78608937  0.79598109  0.83696440  0.78608937  0.71149372  0.75720365  0.74782677  0.77633158  0.72040670  0.72040670  0.69399182  0.67690491  0.68539772  0.71149372  0.70268964  0.74782677  0.74782677  0.76670415  0.65201099  0.69399182  0.69399182  0.66851103  0.56023565  0.58210718  0.60466333  0.58210718  0.58954772  0.58210718  0.60466333  0.56023565  0.53206940  0.56023565  0.55309021  0.58210718  0.57474267  0.56745266  0.58210718  0.60466333  0.56745266  0.54601493  0.53900843  0.55309021  0.56745266  0.58954772  0.61234172  0.60466333  0.61234172  0.61234172  0.63588031  0.62794838  0.66851103  0.69399182  0.64390052  0.58954772  0.58210718  0.73857034  0.66021379  0.64390052  0.65201099  0.63588031  0.68539772  0.68539772  0.66851103  0.72040670  
32_0_0     0.74782677  0.72040670  0.78608937  0.78608937  0.77633158  0.79598109  0.79598109  0.88041974  0.06560382  0.00000000  0.05483998  0.56023565  0.54601493  0.49834245  0.48528157  0.47245320  0.46612364  0.47883884  0.49834245  0.49834245  0.50496274  0.50496274  0.51164442  0.53206940  0.52519655  0.50496274  0.50496274  0.53206940  0.53206940  0.48528157  0.51164442  0.50496274  0.58954772  0.59706590  0.54601493  0.57474267  0.52519655  0.53206940  0.47883884  0.47883884  0.54601493  0.48528157  0.47245320  0.58210718  0.59706590  0.60466333  0.60466333  0.49834245  0.55309021  0.59706590  0.61234172  0.62794838  0.56745266  0.58954772  0.73857034  0.77633158  0.81618144  0.78608937  0.73857034  0.83696440  0.79598109  0.79598109  0.80601049  0.76670415  0.78608937  0.71149372  0.71149372  0.68539772  0.68539772  0.65201099  0.68539772  0.66851103  0.75720365  0.76670415  0.68539772  0.67690491  0.67690491  0.75720365  0.77633158  0.74782677  0.77633158  0.68539772  0.78608937  0.81618144  0.80601049  0.69399182  0.68539772  0.70268964  0.70268964  0.73857034  0.75720365  0.73857034  0.68539772  0.71149372  0.68539772  0.69399182  0.82649800  0.88041974  0.89170573  0.84758505  0.84758505  0.82649800  0.82649800  0.79598109  0.74782677  0.79598109  0.77633158  0.78608937  0.81618144  0.82649800  0.83696440  0.90317128  0.78608937  0.76670415  0.79598109  0.78608937  0.80601049  0.70268964  0.70268964  0.72943129  0.71149372  0.70268964  0.73857034  0.72943129  0.75720365  0.75720365  0.77633158  0.69399182  0.75720365  0.73857034  0.72040670  0.60466333  0.59706590  0.59706590  0.58210718  0.58954772  0.58210718  0.60466333  0.56023565  0.56023565  0.57474267  0.56745266  0.59706590  0.58954772  0.59706590  0.56745266  0.58954772  0.58210718  0.57474267  0.58210718  0.58954772  0.58210718  0.58954772  0.62010280  0.66021379  0.66851103  0.62010280  0.68539772  0.67690491  0.66851103  0.71149372  0.72040670  0.67690491  0.65201099  0.81618144  0.72943129  0.70268964  0.71149372  0.69399182  0.76670415  0.73857034  0.72040670  0.76670415  
72_0_0     0.78608937  0.75720365  0.77633158  0.77633158  0.76670415  0.78608937  0.78608937  0.88041974  0.05128746  0.05483998  0.00000000  0.54601493  0.51838863  0.49178242  0.47883884  0.46612364  0.45984920  0.45362891  0.47245320  0.47245320  0.49178242  0.49178242  0.45984920  0.47883884  0.46612364  0.44746186  0.45362891  0.48528157  0.53900843  0.48528157  0.47883884  0.47245320  0.57474267  0.58210718  0.53206940  0.56023565  0.53206940  0.53900843  0.49834245  0.49834245  0.54601493  0.50496274  0.50496274  0.56745266  0.58210718  0.59706590  0.59706590  0.51164442  0.56745266  0.59706590  0.61234172  0.62010280  0.54601493  0.57474267  0.78608937  0.80601049  0.81618144  0.79598109  0.76670415  0.83696440  0.80601049  0.77633158  0.78608937  0.78608937  0.79598109  0.69399182  0.70268964  0.70268964  0.70268964  0.63588031  0.66851103  0.67690491  0.72943129  0.72943129  0.68539772  0.68539772  0.68539772  0.73857034  0.75720365  0.74782677  0.75720365  0.66851103  0.75720365  0.78608937  0.79598109  0.69399182  0.68539772  0.67690491  0.67690491  0.74782677  0.72943129  0.74782677  0.66021379  0.68539772  0.66021379  0.67690491  0.78608937  0.82649800  0.85836457  0.80601049  0.80601049  0.78608937  0.76670415  0.77633158  0.72040670  0.78608937  0.78608937  0.77633158  0.78608937  0.78608937  0.80601049  0.85836457  0.78608937  0.72943129  0.75720365  0.74782677  0.78608937  0.71149372  0.71149372  0.72040670  0.70268964  0.71149372  0.75720365  0.74782677  0.75720365  0.75720365  0.77633158  0.67690491  0.72040670  0.74782677  0.71149372  0.58210718  0.59706590  0.62794838  0.59706590  0.58954772  0.59706590  0.62010280  0.57474267  0.58210718  0.61234172  0.60466333  0.62010280  0.61234172  0.60466333  0.62010280  0.62010280  0.62010280  0.54601493  0.55309021  0.58210718  0.57474267  0.57474267  0.65201099  0.65201099  0.66021379  0.61234172  0.67690491  0.66851103  0.68539772  0.74782677  0.72040670  0.67690491  0.66851103  0.78608937  0.74782677  0.71149372  0.72040670  0.70268964  0.74782677  0.73857034  0.72040670  0.72040670  
87_11_0    0.65201099  0.69399182  0.65201099  0.65201099  0.66851103  0.66851103  0.69399182  0.73857034  0.53206940  0.56023565  0.54601493  0.00000000  0.27853921  0.24996773  0.22699409  0.24531404  0.25465167  0.36077953  0.34462751  0.34462751  0.36624500  0.34997139  0.31337059  0.29823626  0.29823626  0.27369794  0.27853921  0.31848684  0.35535520  0.30829042  0.29326129  0.32882960  0.31848684  0.31848684  0.34462751  0.32882960  0.33932297  0.33405719  0.35535520  0.35535520  0.40570988  0.41152838  0.42927117  0.44746186  0.44746186  0.49178242  0.50496274  0.43528386  0.47245320  0.44746186  0.46612364  0.45362891  0.42927117  0.43528386  0.62010280  0.62010280  0.58210718  0.58210718  0.62794838  0.70268964  0.62010280  0.69399182  0.66851103  0.71149372  0.71149372  0.54601493  0.53206940  0.56023565  0.56023565  0.61234172  0.62794838  0.50496274  0.54601493  0.56023565  0.53900843  0.49834245  0.50496274  0.45984920  0.51164442  0.51838863  0.54601493  0.58210718  0.56745266  0.58210718  0.58954772  0.55309021  0.52519655  0.54601493  0.53900843  0.58210718  0.56745266  0.56745266  0.51838863  0.53900843  0.53206940  0.52519655  0.57474267  0.53900843  0.53900843  0.62010280  0.62010280  0.58210718  0.57474267  0.52519655  0.58954772  0.57474267  0.56023565  0.59706590  0.59706590  0.64390052  0.62010280  0.68539772  0.64390052  0.61234172  0.59706590  0.61234172  0.66851103  0.56023565  0.56023565  0.57474267  0.56745266  0.58954772  0.56745266  0.56745266  0.56023565  0.54601493  0.55309021  0.58954772  0.63588031  0.58210718  0.58210718  0.45362891  0.51838863  0.53206940  0.50496274  0.51164442  0.52519655  0.49834245  0.53900843  0.47883884  0.49834245  0.50496274  0.49834245  0.53206940  0.49178242  0.51164442  0.51164442  0.53206940  0.53900843  0.51838863  0.52519655  0.55309021  0.52519655  0.50496274  0.56745266  0.53900843  0.55309021  0.57474267  0.49834245  0.64390052  0.54601493  0.62794838  0.59706590  0.60466333  0.65201099  0.64390052  0.63588031  0.62010280  0.60466333  0.58210718  0.58954772  0.58954772  0.59706590  
87_0_0     0.65201099  0.71149372  0.64390052  0.64390052  0.66021379  0.66021379  0.65201099  0.67690491  0.49178242  0.54601493  0.51838863  0.27853921  0.00000000  0.25936625  0.25465167  0.30324580  0.29326129  0.33932297  0.31848684  0.33932297  0.29326129  0.28832044  0.31848684  0.31337059  0.32363966  0.28341323  0.28832044  0.37730188  0.35535520  0.31337059  0.34997139  0.32882960  0.28832044  0.29823626  0.31848684  0.34997139  0.34997139  0.36624500  0.35535520  0.35535520  0.44134714  0.43528386  0.39993798  0.46612364  0.47883884  0.48528157  0.48528157  0.38853106  0.45984920  0.37730188  0.38853106  0.38289460  0.38853106  0.41152838  0.65201099  0.69399182  0.58210718  0.62794838  0.72040670  0.68539772  0.59706590  0.65201099  0.66851103  0.72040670  0.67690491  0.51164442  0.47883884  0.45362891  0.45362891  0.48528157  0.48528157  0.43528386  0.44746186  0.49178242  0.45984920  0.44134714  0.45362891  0.41739424  0.45362891  0.51164442  0.45362891  0.53206940  0.53206940  0.56023565  0.55309021  0.51164442  0.53206940  0.49834245  0.50496274  0.51164442  0.51164442  0.50496274  0.53206940  0.54601493  0.55309021  0.49178242  0.57474267  0.55309021  0.56023565  0.63588031  0.63588031  0.59706590  0.61234172  0.53900843  0.56023565  0.53900843  0.51838863  0.51164442  0.60466333  0.60466333  0.58954772  0.58210718  0.58954772  0.56023565  0.53900843  0.53900843  0.56745266  0.53206940  0.53206940  0.51838863  0.51164442  0.55309021  0.51838863  0.51838863  0.58210718  0.58210718  0.56745266  0.48528157  0.51838863  0.56023565  0.55309021  0.42927117  0.47883884  0.51164442  0.42927117  0.46612364  0.48528157  0.46612364  0.44746186  0.44134714  0.44746186  0.46612364  0.46612364  0.46612364  0.45362891  0.47883884  0.46612364  0.44134714  0.48528157  0.43528386  0.47883884  0.54601493  0.49178242  0.51164442  0.56023565  0.55309021  0.45984920  0.53900843  0.49178242  0.65201099  0.52519655  0.54601493  0.53206940  0.53900843  0.62794838  0.52519655  0.54601493  0.53900843  0.50496274  0.56023565  0.55309021  0.53900843  0.58954772  
80_0_0     0.52519655  0.68539772  0.59706590  0.59706590  0.59706590  0.61234172  0.58954772  0.72943129  0.47245320  0.49834245  0.49178242  0.24996773  0.25936625  0.00000000  0.04423454  0.18313372  0.18313372  0.22248596  0.21800586  0.22699409  0.23609585  0.22248596  0.26411188  0.24996773  0.21355344  0.19601384  0.21355344  0.29823626  0.28832044  0.23153060  0.22699409  0.21355344  0.24531404  0.25465167  0.20912835  0.24069021  0.23609585  0.24996773  0.22699409  0.22699409  0.35535520  0.37730188  0.35535520  0.39421195  0.41739424  0.41152838  0.41739424  0.44134714  0.39993798  0.34462751  0.34997139  0.34997139  0.37175223  0.37175223  0.66021379  0.65201099  0.57474267  0.58210718  0.64390052  0.65201099  0.54601493  0.62794838  0.61234172  0.65201099  0.64390052  0.53206940  0.52519655  0.46612364  0.46612364  0.47245320  0.51164442  0.45984920  0.46612364  0.52519655  0.49834245  0.49834245  0.49178242  0.52519655  0.51164442  0.48528157  0.53900843  0.58210718  0.56745266  0.54601493  0.56745266  0.48528157  0.49834245  0.55309021  0.54601493  0.57474267  0.53206940  0.53206940  0.53206940  0.50496274  0.52519655  0.52519655  0.51838863  0.53206940  0.52519655  0.60466333  0.60466333  0.52519655  0.54601493  0.51164442  0.49834245  0.49834245  0.48528157  0.49834245  0.51164442  0.59706590  0.55309021  0.56023565  0.58210718  0.52519655  0.52519655  0.52519655  0.52519655  0.52519655  0.52519655  0.49834245  0.49178242  0.46612364  0.54601493  0.53206940  0.58954772  0.57474267  0.55309021  0.51164442  0.54601493  0.55309021  0.56023565  0.38289460  0.39421195  0.44746186  0.37175223  0.37175223  0.39421195  0.36077953  0.38289460  0.36624500  0.39993798  0.40570988  0.40570988  0.41739424  0.40570988  0.39421195  0.45984920  0.45362891  0.51838863  0.47245320  0.51838863  0.48528157  0.51838863  0.47883884  0.49178242  0.46612364  0.51838863  0.50496274  0.46612364  0.55309021  0.52519655  0.50496274  0.51164442  0.51838863  0.56745266  0.52519655  0.49834245  0.50496274  0.47883884  0.55309021  0.53206940  0.51838863  0.53206940  
91_0_0     0.52519655  0.66021379  0.59706590  0.59706590  0.59706590  0.61234172  0.58954772  0.72943129  0.47245320  0.48528157  0.47883884  0.22699409  0.25465167  0.04423454  0.00000000  0.18313372  0.18313372  0.24069021  0.21800586  0.21800586  0.24531404  0.24069021  0.24996773  0.23609585  0.20473027  0.19601384  0.21355344  0.28832044  0.26888897  0.21800586  0.21800586  0.19601384  0.23153060  0.24069021  0.20473027  0.24069021  0.23609585  0.24996773  0.22248596  0.22248596  0.34997139  0.36077953  0.34997139  0.37175223  0.40570988  0.39993798  0.39993798  0.41739424  0.39421195  0.33932297  0.34462751  0.33405719  0.36077953  0.34997139  0.62794838  0.60466333  0.55309021  0.56745266  0.61234172  0.63588031  0.51838863  0.61234172  0.60466333  0.66021379  0.65201099  0.54601493  0.53206940  0.48528157  0.48528157  0.49834245  0.53900843  0.46612364  0.45984920  0.51838863  0.50496274  0.47883884  0.47245320  0.47245320  0.48528157  0.46612364  0.52519655  0.56745266  0.54601493  0.52519655  0.56023565  0.49834245  0.51164442  0.53206940  0.53900843  0.56745266  0.53206940  0.52519655  0.53206940  0.50496274  0.52519655  0.52519655  0.53900843  0.54601493  0.53900843  0.58954772  0.58954772  0.51838863  0.53900843  0.51164442  0.51838863  0.51164442  0.48528157  0.49834245  0.51838863  0.59706590  0.53900843  0.57474267  0.56745266  0.53900843  0.53206940  0.53206940  0.56023565  0.52519655  0.52519655  0.53900843  0.51838863  0.50496274  0.57474267  0.56023565  0.58954772  0.57474267  0.53900843  0.50496274  0.57474267  0.54601493  0.55309021  0.39421195  0.39421195  0.43528386  0.37175223  0.37730188  0.38853106  0.35535520  0.36624500  0.36624500  0.39993798  0.40570988  0.41152838  0.42927117  0.41152838  0.37730188  0.43528386  0.42927117  0.47883884  0.43528386  0.47883884  0.47883884  0.50496274  0.48528157  0.49834245  0.47245320  0.51838863  0.50496274  0.46612364  0.57474267  0.54601493  0.53206940  0.55309021  0.56023565  0.60466333  0.53900843  0.52519655  0.53206940  0.51838863  0.56745266  0.55309021  0.53900843  0.55309021  
80_10_0    0.57474267  0.67690491  0.58210718  0.58210718  0.59706590  0.59706590  0.62010280  0.72943129  0.41152838  0.47245320  0.46612364  0.24531404  0.30324580  0.18313372  0.18313372  0.00000000  0.06199798  0.25465167  0.25465167  0.26411188  0.26888897  0.25465167  0.26888897  0.25465167  0.22699409  0.20912835  0.20473027  0.27369794  0.29823626  0.24996773  0.20912835  0.23153060  0.27369794  0.27369794  0.27369794  0.28832044  0.28341323  0.26888897  0.24531404  0.24531404  0.30829042  0.33932297  0.31337059  0.34997139  0.36077953  0.41152838  0.42330824  0.33405719  0.34462751  0.31337059  0.33932297  0.32882960  0.36077953  0.33932297  0.62010280  0.62794838  0.57474267  0.57474267  0.65201099  0.65201099  0.61234172  0.62794838  0.60466333  0.63588031  0.62010280  0.53900843  0.49834245  0.44134714  0.44134714  0.47245320  0.49178242  0.42927117  0.47883884  0.55309021  0.44134714  0.44134714  0.42927117  0.48528157  0.49834245  0.49178242  0.50496274  0.50496274  0.56023565  0.53900843  0.57474267  0.42330824  0.41152838  0.50496274  0.49834245  0.54601493  0.51164442  0.53206940  0.51164442  0.49178242  0.51164442  0.49178242  0.52519655  0.52519655  0.53206940  0.58954772  0.58954772  0.51164442  0.51838863  0.47883884  0.50496274  0.49834245  0.49178242  0.49834245  0.48528157  0.54601493  0.47883884  0.53900843  0.50496274  0.51164442  0.51164442  0.51164442  0.51164442  0.56023565  0.56023565  0.54601493  0.53900843  0.52519655  0.51838863  0.52519655  0.51838863  0.50496274  0.49834245  0.49178242  0.49834245  0.51838863  0.51164442  0.45984920  0.45984920  0.49834245  0.47883884  0.44746186  0.46612364  0.46612364  0.46612364  0.39993798  0.42330824  0.43528386  0.45984920  0.48528157  0.44746186  0.45362891  0.46612364  0.46612364  0.47245320  0.43528386  0.47245320  0.47245320  0.51838863  0.46612364  0.42927117  0.42927117  0.49178242  0.48528157  0.44746186  0.56023565  0.49834245  0.53900843  0.54601493  0.55309021  0.57474267  0.56023565  0.51838863  0.50496274  0.52519655  0.53206940  0.55309021  0.52519655  0.50496274  
91_10_0    0.54601493  0.67690491  0.61234172  0.61234172  0.62794838  0.62794838  0.65201099  0.73857034  0.40570988  0.46612364  0.45984920  0.25465167  0.29326129  0.18313372  0.18313372  0.06199798  0.00000000  0.26411188  0.25465167  0.25465167  0.28832044  0.27369794  0.30829042  0.29326129  0.21355344  0.21355344  0.20035888  0.30829042  0.29823626  0.24069021  0.21800586  0.24996773  0.31848684  0.32882960  0.28832044  0.28341323  0.29823626  0.30324580  0.24996773  0.24996773  0.34462751  0.36624500  0.33932297  0.34997139  0.36077953  0.41152838  0.42330824  0.36624500  0.36624500  0.31337059  0.31848684  0.33932297  0.36077953  0.32882960  0.65201099  0.68539772  0.66021379  0.66021379  0.72943129  0.75720365  0.63588031  0.70268964  0.67690491  0.66021379  0.66021379  0.56745266  0.53900843  0.44134714  0.44134714  0.47883884  0.49834245  0.45984920  0.47883884  0.56745266  0.45984920  0.47883884  0.46612364  0.49178242  0.51838863  0.50496274  0.53206940  0.56745266  0.54601493  0.51164442  0.54601493  0.46612364  0.45362891  0.53206940  0.52519655  0.56745266  0.56745266  0.57474267  0.53206940  0.51164442  0.53206940  0.51838863  0.56023565  0.55309021  0.56023565  0.64390052  0.64390052  0.58210718  0.58210718  0.53900843  0.55309021  0.55309021  0.53206940  0.54601493  0.53900843  0.59706590  0.53900843  0.57474267  0.56745266  0.57474267  0.53900843  0.55309021  0.58210718  0.58210718  0.58210718  0.55309021  0.56023565  0.55309021  0.54601493  0.53900843  0.56023565  0.54601493  0.53900843  0.51838863  0.53900843  0.58954772  0.58210718  0.45984920  0.47883884  0.50496274  0.48528157  0.47883884  0.51164442  0.49834245  0.51164442  0.44746186  0.48528157  0.48528157  0.48528157  0.51164442  0.47245320  0.50496274  0.46612364  0.50496274  0.47245320  0.44746186  0.47245320  0.48528157  0.53206940  0.48528157  0.46612364  0.44134714  0.51838863  0.55309021  0.49834245  0.56023565  0.54601493  0.55309021  0.57474267  0.55309021  0.61234172  0.57474267  0.53206940  0.51838863  0.51164442  0.56745266  0.55309021  0.55309021  0.48528157  
81_0_0     0.54601493  0.70268964  0.56023565  0.56023565  0.58954772  0.60466333  0.58954772  0.66021379  0.45362891  0.47883884  0.45362891  0.36077953  0.33932297  0.22248596  0.24069021  0.25465167  0.26411188  0.00000000  0.04423454  0.08021036  0.20912835  0.19601384  0.24531404  0.23153060  0.20473027  0.18313372  0.18313372  0.31848684  0.31337059  0.27853921  0.25936625  0.26888897  0.32363966  0.32363966  0.30829042  0.31848684  0.30829042  0.32363966  0.28341323  0.28341323  0.38289460  0.37730188  0.33932297  0.39993798  0.41152838  0.44134714  0.45362891  0.43528386  0.39993798  0.38289460  0.37730188  0.40570988  0.36077953  0.34997139  0.71149372  0.66851103  0.66021379  0.64390052  0.71149372  0.68539772  0.58954772  0.65201099  0.66851103  0.69399182  0.70268964  0.60466333  0.54601493  0.51838863  0.52519655  0.49178242  0.50496274  0.50496274  0.53206940  0.58954772  0.53206940  0.53206940  0.53900843  0.53900843  0.53900843  0.53900843  0.52519655  0.58954772  0.66021379  0.60466333  0.62794838  0.52519655  0.52519655  0.50496274  0.51164442  0.55309021  0.61234172  0.61234172  0.53206940  0.52519655  0.51838863  0.56745266  0.54601493  0.59706590  0.58954772  0.67690491  0.67690491  0.62010280  0.58210718  0.58954772  0.52519655  0.57474267  0.56745266  0.57474267  0.58954772  0.66851103  0.61234172  0.61234172  0.58954772  0.64390052  0.56745266  0.56745266  0.62010280  0.58954772  0.58954772  0.58210718  0.57474267  0.57474267  0.53900843  0.55309021  0.54601493  0.56023565  0.52519655  0.57474267  0.58210718  0.58954772  0.59706590  0.49834245  0.51838863  0.49834245  0.46612364  0.47883884  0.51838863  0.50496274  0.47883884  0.47883884  0.47883884  0.50496274  0.51838863  0.51838863  0.50496274  0.49178242  0.49834245  0.47245320  0.50496274  0.48528157  0.49834245  0.53900843  0.52519655  0.45984920  0.49178242  0.50496274  0.52519655  0.56023565  0.51164442  0.55309021  0.58954772  0.59706590  0.58210718  0.59706590  0.64390052  0.61234172  0.56023565  0.57474267  0.58210718  0.58954772  0.59706590  0.57474267  0.52519655  
76_0_0     0.56023565  0.75720365  0.58954772  0.58954772  0.62010280  0.63588031  0.59706590  0.68539772  0.45984920  0.49834245  0.47245320  0.34462751  0.31848684  0.21800586  0.21800586  0.25465167  0.25465167  0.04423454  0.00000000  0.04073380  0.19601384  0.18313372  0.22248596  0.20912835  0.17047978  0.16216560  0.15394625  0.31848684  0.32363966  0.27369794  0.24531404  0.24996773  0.29823626  0.30829042  0.28341323  0.27369794  0.28341323  0.29823626  0.26888897  0.26888897  0.39421195  0.36077953  0.31848684  0.39993798  0.41152838  0.42927117  0.44134714  0.42330824  0.39421195  0.38853106  0.36077953  0.38289460  0.35535520  0.34462751  0.70268964  0.66851103  0.66851103  0.65201099  0.69399182  0.70268964  0.58954772  0.69399182  0.70268964  0.67690491  0.68539772  0.57474267  0.51164442  0.49178242  0.49834245  0.49834245  0.51164442  0.47883884  0.51164442  0.59706590  0.52519655  0.52519655  0.53206940  0.50496274  0.50496274  0.51838863  0.50496274  0.59706590  0.63588031  0.58954772  0.61234172  0.52519655  0.52519655  0.52519655  0.53206940  0.57474267  0.62010280  0.58954772  0.52519655  0.53900843  0.51838863  0.58954772  0.54601493  0.57474267  0.56745266  0.63588031  0.63588031  0.56745266  0.53206940  0.56745266  0.53206940  0.56745266  0.56023565  0.58210718  0.58210718  0.67690491  0.62010280  0.62010280  0.61234172  0.59706590  0.55309021  0.55309021  0.59706590  0.59706590  0.59706590  0.55309021  0.54601493  0.57474267  0.54601493  0.54601493  0.56745266  0.56745266  0.53206940  0.58210718  0.57474267  0.56023565  0.56745266  0.51164442  0.51838863  0.48528157  0.48528157  0.49834245  0.53900843  0.52519655  0.49834245  0.49834245  0.51164442  0.52519655  0.49834245  0.51164442  0.48528157  0.50496274  0.50496274  0.49178242  0.49178242  0.47245320  0.49834245  0.54601493  0.53206940  0.48528157  0.51838863  0.51838863  0.53900843  0.56745266  0.50496274  0.53206940  0.58954772  0.58210718  0.58210718  0.59706590  0.65201099  0.59706590  0.53900843  0.56023565  0.56745266  0.58210718  0.59706590  0.57474267  0.53206940  
