152
97_83_0    0.00000000  0.04895683  0.08349732  0.30128422  0.27027871  0.30128422  0.29340988  0.27027871  0.27027871  0.27790883  0.27027871  0.25525111  0.27027871  0.40297722  0.39394668  0.40297722  0.39394668  0.46948816  0.41211962  0.40297722  0.39394668  0.33364963  0.30924349  0.37621048  0.36749969  0.34196771  0.56488138  0.56488138  0.55365251  0.58786499  0.59963090  0.58786499  0.57628372  0.75774183  0.75774183  0.72892449  0.51037126  0.51037126  0.51037126  0.51037126  0.51037126  0.52095596  0.44024662  0.46948816  0.45961169  0.42137669  0.44986564  0.44986564  0.58786499  0.57628372  0.54259193  0.56488138  0.45961169  0.55365251  0.49993622  0.54259193  0.54259193  0.53169466  0.54259193  0.53169466  0.52095596  0.54259193  0.53169466  0.54259193  0.51037126  0.58786499  0.57628372  0.53169466  0.51037126  0.47949859  0.52095596  0.48964666  0.44986564  0.44024662  0.44024662  0.44986564  0.44986564  0.44986564  0.39394668  0.35889052  0.36749969  0.35038061  0.36749969  0.37621048  0.39394668  0.44024662  0.48964666  0.51037126  0.48964666  0.44986564  0.44986564  0.35038061  0.44024662  0.38502530  0.40297722  0.37621048  0.42137669  0.42137669  0.44024662  0.44986564  0.47949859  0.46948816  0.40297722  0.37621048  0.44024662  0.45961169  0.45961169  0.43075135  0.45961169  0.44986564  0.43075135  0.42137669  0.44024662  0.40297722  0.35038061  0.37621048  0.38502530  0.39394668  0.39394668  0.36749969  0.36749969  0.35038061  0.35038061  0.35889052  0.37621048  0.39394668  0.35889052  0.39394668  0.33364963  0.35889052  0.41211962  0.36749969  0.33364963  0.33364963  0.31728953  0.27790883  0.31728953  0.32542425  0.30128422  0.27790883  0.29340988  0.29340988  0.38502530  0.30128422  0.55365251  0.53169466  0.64866503  0.52095596  0.53169466  0.54259193  0.49993622  0.48964666  
99_85_0    0.04895683  0.00000000  0.05460249  0.27790883  0.23326830  0.27790883  0.27027871  0.24785052  0.24785052  0.25525111  0.27790883  0.26272666  0.27790883  0.39394668  0.39394668  0.39394668  0.40297722  0.45961169  0.43075135  0.42137669  0.36749969  0.34196771  0.30924349  0.39394668  0.34196771  0.35038061  0.54259193  0.54259193  0.53169466  0.58786499  0.59963090  0.58786499  0.59963090  0.74319252  0.74319252  0.71492707  0.53169466  0.53169466  0.53169466  0.52095596  0.52095596  0.53169466  0.42137669  0.46948816  0.44986564  0.46948816  0.44024662  0.44024662  0.53169466  0.52095596  0.55365251  0.58786499  0.47949859  0.56488138  0.49993622  0.48964666  0.48964666  0.49993622  0.48964666  0.49993622  0.46948816  0.49993622  0.48964666  0.49993622  0.48964666  0.56488138  0.55365251  0.48964666  0.46948816  0.43075135  0.43075135  0.45961169  0.43075135  0.37621048  0.42137669  0.43075135  0.45961169  0.45961169  0.40297722  0.35889052  0.38502530  0.36749969  0.38502530  0.39394668  0.40297722  0.44024662  0.46948816  0.51037126  0.48964666  0.47949859  0.47949859  0.38502530  0.38502530  0.38502530  0.40297722  0.40297722  0.41211962  0.41211962  0.41211962  0.41211962  0.43075135  0.42137669  0.41211962  0.38502530  0.44024662  0.44024662  0.44024662  0.43075135  0.45961169  0.44986564  0.41211962  0.40297722  0.44024662  0.39394668  0.34196771  0.36749969  0.39394668  0.38502530  0.38502530  0.37621048  0.37621048  0.35889052  0.35889052  0.33364963  0.38502530  0.40297722  0.36749969  0.42137669  0.34196771  0.36749969  0.40297722  0.35038061  0.34196771  0.34196771  0.32542425  0.27027871  0.30924349  0.31728953  0.29340988  0.27027871  0.28561866  0.31728953  0.35889052  0.29340988  0.55365251  0.55365251  0.62374082  0.53169466  0.47949859  0.48964666  0.46948816  0.45961169  
99_83_0    0.08349732  0.05460249  0.00000000  0.29340988  0.27790883  0.32542425  0.31728953  0.29340988  0.29340988  0.30128422  0.29340988  0.27790883  0.29340988  0.36749969  0.36749969  0.36749969  0.43075135  0.45961169  0.40297722  0.39394668  0.34196771  0.34196771  0.35889052  0.43075135  0.35889052  0.36749969  0.54259193  0.54259193  0.53169466  0.58786499  0.62374082  0.61158741  0.62374082  0.75774183  0.75774183  0.75774183  0.57628372  0.57628372  0.57628372  0.56488138  0.56488138  0.56488138  0.42137669  0.46948816  0.45961169  0.47949859  0.47949859  0.47949859  0.53169466  0.52095596  0.51037126  0.54259193  0.48964666  0.52095596  0.49993622  0.51037126  0.51037126  0.52095596  0.51037126  0.52095596  0.48964666  0.54259193  0.55365251  0.56488138  0.53169466  0.56488138  0.57628372  0.51037126  0.51037126  0.43075135  0.46948816  0.45961169  0.44986564  0.37621048  0.42137669  0.43075135  0.46948816  0.46948816  0.38502530  0.34196771  0.38502530  0.36749969  0.38502530  0.39394668  0.38502530  0.51037126  0.49993622  0.54259193  0.52095596  0.51037126  0.51037126  0.37621048  0.36749969  0.36749969  0.38502530  0.38502530  0.39394668  0.39394668  0.44986564  0.46948816  0.44986564  0.44024662  0.37621048  0.36749969  0.42137669  0.40297722  0.40297722  0.39394668  0.44024662  0.43075135  0.41211962  0.38502530  0.42137669  0.43075135  0.30924349  0.35038061  0.37621048  0.35038061  0.35038061  0.35889052  0.36749969  0.34196771  0.34196771  0.33364963  0.36749969  0.38502530  0.35889052  0.37621048  0.34196771  0.36749969  0.41211962  0.36749969  0.32542425  0.34196771  0.32542425  0.31728953  0.35889052  0.36749969  0.34196771  0.31728953  0.33364963  0.31728953  0.35889052  0.32542425  0.55365251  0.55365251  0.61158741  0.52095596  0.47949859  0.48964666  0.44986564  0.45961169  
97_0_0     0.30128422  0.27790883  0.29340988  0.00000000  0.23326830  0.19802555  0.24052340  0.17766040  0.17766040  0.18438653  0.21192136  0.26272666  0.25525111  0.32542425  0.31728953  0.32542425  0.31728953  0.40297722  0.32542425  0.36749969  0.32542425  0.34196771  0.27790883  0.35038061  0.29340988  0.26272666  0.48964666  0.46948816  0.45961169  0.52095596  0.53169466  0.52095596  0.53169466  0.66145005  0.66145005  0.68770431  0.45961169  0.45961169  0.45961169  0.44024662  0.44024662  0.46948816  0.37621048  0.31728953  0.46948816  0.44986564  0.44024662  0.44024662  0.42137669  0.44986564  0.46948816  0.47949859  0.49993622  0.47949859  0.42137669  0.48964666  0.47949859  0.44024662  0.45961169  0.44986564  0.48964666  0.44986564  0.44024662  0.44986564  0.44024662  0.45961169  0.51037126  0.47949859  0.45961169  0.32542425  0.33364963  0.32542425  0.33364963  0.32542425  0.33364963  0.34196771  0.42137669  0.42137669  0.28561866  0.33364963  0.30128422  0.30128422  0.31728953  0.32542425  0.31728953  0.38502530  0.39394668  0.48964666  0.48964666  0.40297722  0.40297722  0.32542425  0.31728953  0.30924349  0.32542425  0.36749969  0.36749969  0.34196771  0.42137669  0.43075135  0.40297722  0.38502530  0.31728953  0.27790883  0.27790883  0.33364963  0.33364963  0.30128422  0.27790883  0.34196771  0.28561866  0.29340988  0.33364963  0.28561866  0.38502530  0.34196771  0.36749969  0.30924349  0.30924349  0.30128422  0.33364963  0.33364963  0.31728953  0.26272666  0.32542425  0.32542425  0.31728953  0.31728953  0.30128422  0.30924349  0.30128422  0.32542425  0.33364963  0.31728953  0.32542425  0.27790883  0.28561866  0.30924349  0.29340988  0.27790883  0.27027871  0.35038061  0.33364963  0.25525111  0.39394668  0.37621048  0.46948816  0.31728953  0.51037126  0.49993622  0.57628372  0.57628372  
93_67_0    0.27027871  0.23326830  0.27790883  0.23326830  0.00000000  0.06029166  0.10745637  0.04335403  0.04335403  0.04895683  0.18438653  0.21896863  0.21192136  0.30128422  0.30128422  0.30128422  0.30924349  0.31728953  0.33364963  0.30924349  0.33364963  0.27027871  0.31728953  0.38502530  0.37621048  0.38502530  0.54259193  0.54259193  0.53169466  0.64866503  0.66145005  0.64866503  0.63609772  0.75774183  0.75774183  0.78773023  0.51037126  0.51037126  0.51037126  0.63609772  0.63609772  0.62374082  0.36749969  0.36749969  0.45961169  0.47949859  0.43075135  0.43075135  0.41211962  0.42137669  0.58786499  0.62374082  0.55365251  0.59963090  0.43075135  0.40297722  0.41211962  0.43075135  0.41211962  0.42137669  0.38502530  0.42137669  0.41211962  0.42137669  0.43075135  0.47949859  0.49993622  0.43075135  0.44986564  0.35889052  0.34196771  0.39394668  0.35889052  0.37621048  0.40297722  0.40297722  0.44986564  0.44986564  0.44024662  0.38502530  0.36749969  0.36749969  0.40297722  0.41211962  0.39394668  0.43075135  0.44024662  0.44986564  0.46948816  0.47949859  0.47949859  0.39394668  0.43075135  0.34196771  0.35889052  0.40297722  0.39394668  0.41211962  0.49993622  0.48964666  0.47949859  0.49993622  0.41211962  0.40297722  0.43075135  0.43075135  0.43075135  0.43075135  0.44986564  0.40297722  0.41211962  0.42137669  0.41211962  0.32542425  0.35889052  0.39394668  0.38502530  0.37621048  0.37621048  0.33364963  0.33364963  0.30128422  0.36749969  0.30924349  0.41211962  0.41211962  0.40297722  0.42137669  0.36749969  0.35889052  0.38502530  0.37621048  0.37621048  0.35889052  0.35038061  0.30128422  0.33364963  0.37621048  0.32542425  0.29340988  0.32542425  0.42137669  0.45961169  0.34196771  0.43075135  0.44986564  0.46948816  0.43075135  0.42137669  0.44986564  0.47949859  0.44024662  
95_70_0    0.30128422  0.27790883  0.32542425  0.19802555  0.06029166  0.00000000  0.07762715  0.02679641  0.02679641  0.02135873  0.15784213  0.20494075  0.19802555  0.30924349  0.30128422  0.30924349  0.25525111  0.30128422  0.29340988  0.28561866  0.34196771  0.24785052  0.29340988  0.36749969  0.38502530  0.38502530  0.53169466  0.53169466  0.52095596  0.56488138  0.57628372  0.56488138  0.57628372  0.72892449  0.72892449  0.75774183  0.52095596  0.52095596  0.52095596  0.61158741  0.61158741  0.59963090  0.35889052  0.35889052  0.44986564  0.44986564  0.41211962  0.41211962  0.41211962  0.42137669  0.54259193  0.57628372  0.55365251  0.55365251  0.43075135  0.45961169  0.44986564  0.43075135  0.43075135  0.44024662  0.40297722  0.44024662  0.43075135  0.44024662  0.44986564  0.52095596  0.48964666  0.44986564  0.46948816  0.34196771  0.33364963  0.35038061  0.33364963  0.36749969  0.43075135  0.43075135  0.44024662  0.44024662  0.36749969  0.40297722  0.35038061  0.36749969  0.38502530  0.39394668  0.40297722  0.43075135  0.46948816  0.46948816  0.48964666  0.48964666  0.48964666  0.37621048  0.44986564  0.33364963  0.35038061  0.40297722  0.41211962  0.43075135  0.52095596  0.49993622  0.47949859  0.48964666  0.35038061  0.34196771  0.36749969  0.40297722  0.40297722  0.36749969  0.36749969  0.35889052  0.35038061  0.35889052  0.36749969  0.27027871  0.34196771  0.35889052  0.36749969  0.34196771  0.34196771  0.31728953  0.33364963  0.30128422  0.38502530  0.30924349  0.39394668  0.39394668  0.38502530  0.38502530  0.36749969  0.37621048  0.40297722  0.39394668  0.31728953  0.30128422  0.30924349  0.27790883  0.30128422  0.34196771  0.30924349  0.27790883  0.30924349  0.39394668  0.41211962  0.30128422  0.44986564  0.44986564  0.46948816  0.41211962  0.48964666  0.47949859  0.46948816  0.43075135  
95_67_0    0.29340988  0.27027871  0.31728953  0.24052340  0.10745637  0.07762715  0.00000000  0.07180329  0.07180329  0.06602503  0.21192136  0.24785052  0.24052340  0.35889052  0.35038061  0.35889052  0.31728953  0.33364963  0.34196771  0.33364963  0.39394668  0.27027871  0.30128422  0.38502530  0.38502530  0.40297722  0.54259193  0.54259193  0.53169466  0.59963090  0.63609772  0.62374082  0.63609772  0.75774183  0.75774183  0.78773023  0.52095596  0.52095596  0.52095596  0.67446044  0.67446044  0.66145005  0.34196771  0.34196771  0.46948816  0.46948816  0.45961169  0.45961169  0.39394668  0.38502530  0.47949859  0.51037126  0.47949859  0.51037126  0.41211962  0.40297722  0.41211962  0.41211962  0.41211962  0.42137669  0.38502530  0.42137669  0.41211962  0.42137669  0.43075135  0.47949859  0.47949859  0.41211962  0.43075135  0.35889052  0.33364963  0.35038061  0.36749969  0.33364963  0.38502530  0.40297722  0.44986564  0.44986564  0.40297722  0.38502530  0.35038061  0.36749969  0.38502530  0.39394668  0.44986564  0.44024662  0.46948816  0.48964666  0.48964666  0.47949859  0.47949859  0.41211962  0.44986564  0.34196771  0.35889052  0.40297722  0.41211962  0.44986564  0.52095596  0.52095596  0.49993622  0.52095596  0.33364963  0.39394668  0.40297722  0.40297722  0.40297722  0.36749969  0.38502530  0.39394668  0.40297722  0.41211962  0.36749969  0.31728953  0.32542425  0.34196771  0.35038061  0.32542425  0.32542425  0.31728953  0.33364963  0.31728953  0.36749969  0.27790883  0.40297722  0.40297722  0.36749969  0.38502530  0.36749969  0.37621048  0.36749969  0.42137669  0.33364963  0.33364963  0.32542425  0.30128422  0.32542425  0.35889052  0.33364963  0.30128422  0.33364963  0.39394668  0.37621048  0.29340988  0.47949859  0.47949859  0.46948816  0.44024662  0.46948816  0.45961169  0.44986564  0.43075135  
100_71_0   0.27027871  0.24785052  0.29340988  0.17766040  0.04335403  0.02679641  0.07180329  0.00000000  0.00000000  0.00528201  0.13854214  0.18438653  0.17766040  0.30128422  0.29340988  0.30128422  0.26272666  0.31728953  0.28561866  0.29340988  0.33364963  0.24052340  0.30128422  0.35889052  0.37621048  0.36749969  0.51037126  0.51037126  0.49993622  0.58786499  0.59963090  0.58786499  0.57628372  0.75774183  0.75774183  0.78773023  0.49993622  0.49993622  0.49993622  0.58786499  0.58786499  0.57628372  0.35038061  0.31728953  0.44986564  0.44986564  0.41211962  0.41211962  0.42137669  0.43075135  0.53169466  0.56488138  0.49993622  0.54259193  0.42137669  0.43075135  0.44024662  0.42137669  0.42137669  0.43075135  0.41211962  0.41211962  0.40297722  0.41211962  0.42137669  0.51037126  0.53169466  0.44024662  0.45961169  0.33364963  0.32542425  0.34196771  0.32542425  0.35038061  0.40297722  0.40297722  0.46948816  0.46948816  0.36749969  0.38502530  0.33364963  0.35038061  0.36749969  0.37621048  0.39394668  0.42137669  0.44986564  0.46948816  0.48964666  0.47949859  0.47949859  0.37621048  0.41211962  0.32542425  0.34196771  0.38502530  0.39394668  0.41211962  0.49993622  0.47949859  0.45961169  0.47949859  0.34196771  0.33364963  0.35889052  0.39394668  0.39394668  0.37621048  0.37621048  0.35038061  0.34196771  0.35038061  0.35889052  0.27790883  0.32542425  0.34196771  0.35038061  0.32542425  0.32542425  0.28561866  0.30128422  0.27027871  0.35038061  0.27790883  0.35889052  0.35889052  0.35038061  0.36749969  0.33364963  0.35889052  0.36749969  0.35889052  0.32542425  0.30924349  0.30128422  0.25525111  0.27790883  0.31728953  0.28561866  0.25525111  0.28561866  0.38502530  0.40297722  0.27790883  0.44024662  0.44024662  0.47949859  0.40297722  0.44024662  0.44986564  0.47949859  0.44024662  
100_72_0   0.27027871  0.24785052  0.29340988  0.17766040  0.04335403  0.02679641  0.07180329  0.00000000  0.00000000  0.00528201  0.13854214  0.18438653  0.17766040  0.30128422  0.29340988  0.30128422  0.26272666  0.31728953  0.28561866  0.29340988  0.33364963  0.24052340  0.30128422  0.35889052  0.37621048  0.36749969  0.51037126  0.51037126  0.49993622  0.58786499  0.59963090  0.58786499  0.57628372  0.75774183  0.75774183  0.78773023  0.49993622  0.49993622  0.49993622  0.58786499  0.58786499  0.57628372  0.35038061  0.31728953  0.44986564  0.44986564  0.41211962  0.41211962  0.42137669  0.43075135  0.53169466  0.56488138  0.49993622  0.54259193  0.42137669  0.43075135  0.44024662  0.42137669  0.42137669  0.43075135  0.41211962  0.41211962  0.40297722  0.41211962  0.42137669  0.51037126  0.53169466  0.44024662  0.45961169  0.33364963  0.32542425  0.34196771  0.32542425  0.35038061  0.40297722  0.40297722  0.46948816  0.46948816  0.36749969  0.38502530  0.33364963  0.35038061  0.36749969  0.37621048  0.39394668  0.42137669  0.44986564  0.46948816  0.48964666  0.47949859  0.47949859  0.37621048  0.41211962  0.32542425  0.34196771  0.38502530  0.39394668  0.41211962  0.49993622  0.47949859  0.45961169  0.47949859  0.34196771  0.33364963  0.35889052  0.39394668  0.39394668  0.37621048  0.37621048  0.35038061  0.34196771  0.35038061  0.35889052  0.27790883  0.32542425  0.34196771  0.35038061  0.32542425  0.32542425  0.28561866  0.30128422  0.27027871  0.35038061  0.27790883  0.35889052  0.35889052  0.35038061  0.36749969  0.33364963  0.35889052  0.36749969  0.35889052  0.32542425  0.30924349  0.30128422  0.25525111  0.27790883  0.31728953  0.28561866  0.25525111  0.28561866  0.38502530  0.40297722  0.27790883  0.44024662  0.44024662  0.47949859  0.40297722  0.44024662  0.44986564  0.47949859  0.44024662  
100_67_0   0.27790883  0.25525111  0.30128422  0.18438653  0.04895683  0.02135873  0.06602503  0.00528201  0.00528201  0.00000000  0.14491955  0.19117454  0.18438653  0.30924349  0.30128422  0.30924349  0.25525111  0.30924349  0.27790883  0.28561866  0.34196771  0.24785052  0.30128422  0.36749969  0.36749969  0.37621048  0.52095596  0.52095596  0.51037126  0.57628372  0.58786499  0.57628372  0.58786499  0.75774183  0.75774183  0.78773023  0.51037126  0.51037126  0.51037126  0.59963090  0.59963090  0.58786499  0.34196771  0.32542425  0.44024662  0.44024662  0.42137669  0.42137669  0.43075135  0.44024662  0.52095596  0.55365251  0.51037126  0.53169466  0.43075135  0.44024662  0.44986564  0.43075135  0.43075135  0.44024662  0.40297722  0.42137669  0.41211962  0.42137669  0.43075135  0.52095596  0.52095596  0.44986564  0.46948816  0.32542425  0.31728953  0.33364963  0.31728953  0.35889052  0.40297722  0.40297722  0.46948816  0.46948816  0.36749969  0.38502530  0.33364963  0.35038061  0.36749969  0.37621048  0.39394668  0.42137669  0.44986564  0.46948816  0.48964666  0.47949859  0.47949859  0.37621048  0.41211962  0.32542425  0.34196771  0.38502530  0.39394668  0.41211962  0.49993622  0.47949859  0.45961169  0.47949859  0.35038061  0.34196771  0.36749969  0.38502530  0.38502530  0.36749969  0.36749969  0.34196771  0.35038061  0.35889052  0.36749969  0.28561866  0.32542425  0.34196771  0.35038061  0.32542425  0.32542425  0.28561866  0.30128422  0.27027871  0.35038061  0.27790883  0.35889052  0.35889052  0.35038061  0.36749969  0.33364963  0.35889052  0.36749969  0.35889052  0.31728953  0.30128422  0.29340988  0.26272666  0.28561866  0.32542425  0.29340988  0.26272666  0.29340988  0.37621048  0.39394668  0.28561866  0.44986564  0.44986564  0.46948816  0.41211962  0.44986564  0.45961169  0.46948816  0.43075135  
92_67_0    0.27027871  0.27790883  0.29340988  0.21192136  0.18438653  0.15784213  0.21192136  0.13854214  0.13854214  0.14491955  0.00000000  0.06029166  0.03227445  0.30924349  0.30128422  0.30924349  0.27790883  0.36749969  0.30128422  0.32542425  0.35038061  0.27027871  0.27790883  0.39394668  0.41211962  0.42137669  0.55365251  0.55365251  0.54259193  0.58786499  0.59963090  0.58786499  0.58786499  0.68770431  0.68770431  0.71492707  0.55365251  0.55365251  0.55365251  0.51037126  0.51037126  0.49993622  0.37621048  0.36749969  0.41211962  0.41211962  0.39394668  0.39394668  0.46948816  0.46948816  0.49993622  0.51037126  0.52095596  0.51037126  0.48964666  0.53169466  0.52095596  0.46948816  0.48964666  0.46948816  0.51037126  0.49993622  0.51037126  0.52095596  0.48964666  0.55365251  0.58786499  0.53169466  0.51037126  0.31728953  0.38502530  0.36749969  0.33364963  0.33364963  0.46948816  0.45961169  0.49993622  0.49993622  0.35038061  0.38502530  0.37621048  0.37621048  0.37621048  0.38502530  0.35889052  0.41211962  0.47949859  0.52095596  0.54259193  0.49993622  0.49993622  0.38502530  0.41211962  0.34196771  0.35889052  0.36749969  0.41211962  0.42137669  0.53169466  0.47949859  0.47949859  0.47949859  0.32542425  0.26272666  0.30128422  0.37621048  0.37621048  0.32542425  0.33364963  0.35889052  0.32542425  0.31728953  0.33364963  0.31728953  0.31728953  0.33364963  0.30924349  0.30128422  0.30128422  0.27790883  0.34196771  0.30924349  0.35889052  0.28561866  0.33364963  0.35038061  0.34196771  0.35889052  0.30924349  0.33364963  0.32542425  0.31728953  0.30128422  0.28561866  0.29340988  0.27790883  0.28561866  0.31728953  0.28561866  0.29340988  0.30924349  0.30128422  0.38502530  0.29340988  0.37621048  0.40297722  0.54259193  0.38502530  0.43075135  0.44986564  0.46948816  0.44024662  
96_67_0    0.25525111  0.26272666  0.27790883  0.26272666  0.21896863  0.20494075  0.24785052  0.18438653  0.18438653  0.19117454  0.06029166  0.00000000  0.02679641  0.31728953  0.30924349  0.31728953  0.35889052  0.42137669  0.35889052  0.36749969  0.38502530  0.33364963  0.27027871  0.38502530  0.44024662  0.39394668  0.56488138  0.56488138  0.55365251  0.62374082  0.63609772  0.62374082  0.62374082  0.74319252  0.74319252  0.77258373  0.58786499  0.58786499  0.58786499  0.54259193  0.54259193  0.55365251  0.44986564  0.44024662  0.41211962  0.41211962  0.42137669  0.42137669  0.49993622  0.49993622  0.51037126  0.52095596  0.55365251  0.52095596  0.47949859  0.56488138  0.55365251  0.49993622  0.52095596  0.49993622  0.52095596  0.55365251  0.56488138  0.57628372  0.52095596  0.58786499  0.62374082  0.56488138  0.54259193  0.37621048  0.44024662  0.41211962  0.39394668  0.37621048  0.49993622  0.51037126  0.54259193  0.54259193  0.41211962  0.43075135  0.40297722  0.40297722  0.42137669  0.41211962  0.40297722  0.48964666  0.52095596  0.59963090  0.59963090  0.55365251  0.55365251  0.41211962  0.45961169  0.40297722  0.40297722  0.38502530  0.44986564  0.44024662  0.56488138  0.52095596  0.58786499  0.54259193  0.38502530  0.30128422  0.37621048  0.44024662  0.44024662  0.40297722  0.41211962  0.38502530  0.36749969  0.35889052  0.35889052  0.34196771  0.34196771  0.37621048  0.35038061  0.37621048  0.37621048  0.31728953  0.38502530  0.35038061  0.38502530  0.32542425  0.34196771  0.34196771  0.36749969  0.38502530  0.35038061  0.39394668  0.38502530  0.39394668  0.34196771  0.32542425  0.33364963  0.30128422  0.29340988  0.33364963  0.27790883  0.31728953  0.35038061  0.32542425  0.37621048  0.31728953  0.40297722  0.43075135  0.62374082  0.39394668  0.48964666  0.51037126  0.47949859  0.46948816  
98_67_0    0.27027871  0.27790883  0.29340988  0.25525111  0.21192136  0.19802555  0.24052340  0.17766040  0.17766040  0.18438653  0.03227445  0.02679641  0.00000000  0.32542425  0.31728953  0.32542425  0.32542425  0.40297722  0.34196771  0.35038061  0.36749969  0.31728953  0.27790883  0.39394668  0.41211962  0.40297722  0.57628372  0.57628372  0.56488138  0.63609772  0.64866503  0.63609772  0.63609772  0.74319252  0.74319252  0.77258373  0.57628372  0.57628372  0.57628372  0.55365251  0.55365251  0.54259193  0.43075135  0.40297722  0.42137669  0.42137669  0.41211962  0.41211962  0.46948816  0.46948816  0.49993622  0.51037126  0.56488138  0.51037126  0.48964666  0.53169466  0.52095596  0.46948816  0.48964666  0.46948816  0.51037126  0.52095596  0.53169466  0.54259193  0.48964666  0.55365251  0.58786499  0.53169466  0.51037126  0.35038061  0.42137669  0.38502530  0.36749969  0.36749969  0.48964666  0.49993622  0.54259193  0.54259193  0.38502530  0.42137669  0.39394668  0.39394668  0.39394668  0.40297722  0.37621048  0.44986564  0.49993622  0.56488138  0.56488138  0.54259193  0.54259193  0.40297722  0.44986564  0.37621048  0.37621048  0.40297722  0.43075135  0.44024662  0.54259193  0.52095596  0.54259193  0.52095596  0.37621048  0.29340988  0.35038061  0.41211962  0.41211962  0.37621048  0.38502530  0.39394668  0.37621048  0.36749969  0.36749969  0.36749969  0.33364963  0.35038061  0.32542425  0.35038061  0.35038061  0.30924349  0.37621048  0.34196771  0.37621048  0.31728953  0.35038061  0.35038061  0.35889052  0.37621048  0.34196771  0.36749969  0.35889052  0.36749969  0.31728953  0.30128422  0.30924349  0.29340988  0.28561866  0.32542425  0.27027871  0.30924349  0.34196771  0.30128422  0.38502530  0.30924349  0.37621048  0.40297722  0.56488138  0.38502530  0.44986564  0.46948816  0.51037126  0.49993622  
92_74_0    0.40297722  0.39394668  0.36749969  0.32542425  0.30128422  0.30924349  0.35889052  0.30128422  0.30128422  0.30924349  0.30924349  0.31728953  0.32542425  0.00000000  0.01060210  0.00000000  0.30924349  0.30128422  0.23326830  0.28561866  0.25525111  0.24052340  0.38502530  0.43075135  0.47949859  0.44986564  0.66145005  0.66145005  0.64866503  0.64866503  0.66145005  0.64866503  0.66145005  0.77258373  0.77258373  0.83512916  0.53169466  0.53169466  0.53169466  0.57628372  0.57628372  0.58786499  0.44024662  0.43075135  0.55365251  0.57628372  0.51037126  0.51037126  0.54259193  0.53169466  0.56488138  0.55365251  0.59963090  0.58786499  0.52095596  0.56488138  0.55365251  0.56488138  0.55365251  0.54259193  0.61158741  0.59963090  0.61158741  0.62374082  0.58786499  0.57628372  0.61158741  0.59963090  0.57628372  0.41211962  0.44024662  0.40297722  0.43075135  0.41211962  0.46948816  0.47949859  0.47949859  0.45961169  0.40297722  0.44024662  0.40297722  0.41211962  0.44024662  0.41211962  0.43075135  0.54259193  0.45961169  0.61158741  0.63609772  0.57628372  0.57628372  0.43075135  0.47949859  0.46948816  0.46948816  0.41211962  0.40297722  0.43075135  0.52095596  0.55365251  0.55365251  0.48964666  0.44986564  0.43075135  0.45961169  0.48964666  0.48964666  0.44986564  0.44024662  0.45961169  0.43075135  0.42137669  0.44024662  0.42137669  0.47949859  0.43075135  0.45961169  0.44986564  0.44986564  0.44024662  0.49993622  0.45961169  0.52095596  0.44024662  0.44024662  0.42137669  0.41211962  0.39394668  0.41211962  0.42137669  0.41211962  0.39394668  0.42137669  0.43075135  0.41211962  0.41211962  0.40297722  0.44024662  0.41211962  0.40297722  0.42137669  0.43075135  0.46948816  0.43075135  0.47949859  0.49993622  0.51037126  0.44986564  0.51037126  0.52095596  0.54259193  0.57628372  
96_74_0    0.39394668  0.39394668  0.36749969  0.31728953  0.30128422  0.30128422  0.35038061  0.29340988  0.29340988  0.30128422  0.30128422  0.30924349  0.31728953  0.01060210  0.00000000  0.01060210  0.30128422  0.30128422  0.22608384  0.27790883  0.25525111  0.23326830  0.38502530  0.42137669  0.47949859  0.44024662  0.66145005  0.66145005  0.64866503  0.64866503  0.66145005  0.64866503  0.66145005  0.80319409  0.80319409  0.86850879  0.53169466  0.53169466  0.53169466  0.57628372  0.57628372  0.58786499  0.44024662  0.42137669  0.55365251  0.56488138  0.49993622  0.49993622  0.54259193  0.53169466  0.57628372  0.56488138  0.58786499  0.59963090  0.51037126  0.56488138  0.55365251  0.55365251  0.55365251  0.53169466  0.61158741  0.59963090  0.61158741  0.62374082  0.58786499  0.57628372  0.61158741  0.59963090  0.57628372  0.42137669  0.44024662  0.39394668  0.42137669  0.41211962  0.46948816  0.47949859  0.47949859  0.47949859  0.39394668  0.44024662  0.39394668  0.40297722  0.43075135  0.42137669  0.43075135  0.53169466  0.47949859  0.61158741  0.63609772  0.56488138  0.56488138  0.43075135  0.48964666  0.46948816  0.46948816  0.42137669  0.41211962  0.44024662  0.54259193  0.56488138  0.55365251  0.51037126  0.44024662  0.42137669  0.46948816  0.51037126  0.51037126  0.45961169  0.44986564  0.46948816  0.44024662  0.43075135  0.44986564  0.43075135  0.46948816  0.42137669  0.46948816  0.44024662  0.44024662  0.43075135  0.48964666  0.44986564  0.51037126  0.44024662  0.43075135  0.41211962  0.40297722  0.38502530  0.42137669  0.43075135  0.41211962  0.39394668  0.41211962  0.42137669  0.40297722  0.40297722  0.39394668  0.43075135  0.40297722  0.39394668  0.41211962  0.42137669  0.45961169  0.42137669  0.47949859  0.48964666  0.53169466  0.44024662  0.51037126  0.52095596  0.56488138  0.59963090  
98_74_0    0.40297722  0.39394668  0.36749969  0.32542425  0.30128422  0.30924349  0.35889052  0.30128422  0.30128422  0.30924349  0.30924349  0.31728953  0.32542425  0.00000000  0.01060210  0.00000000  0.30924349  0.30128422  0.23326830  0.28561866  0.25525111  0.24052340  0.38502530  0.43075135  0.47949859  0.44986564  0.66145005  0.66145005  0.64866503  0.64866503  0.66145005  0.64866503  0.66145005  0.77258373  0.77258373  0.83512916  0.53169466  0.53169466  0.53169466  0.57628372  0.57628372  0.58786499  0.44024662  0.43075135  0.55365251  0.57628372  0.51037126  0.51037126  0.54259193  0.53169466  0.56488138  0.55365251  0.59963090  0.58786499  0.52095596  0.56488138  0.55365251  0.56488138  0.55365251  0.54259193  0.61158741  0.59963090  0.61158741  0.62374082  0.58786499  0.57628372  0.61158741  0.59963090  0.57628372  0.41211962  0.44024662  0.40297722  0.43075135  0.41211962  0.46948816  0.47949859  0.47949859  0.45961169  0.40297722  0.44024662  0.40297722  0.41211962  0.44024662  0.41211962  0.43075135  0.54259193  0.45961169  0.61158741  0.63609772  0.57628372  0.57628372  0.43075135  0.47949859  0.46948816  0.46948816  0.41211962  0.40297722  0.43075135  0.52095596  0.55365251  0.55365251  0.48964666  0.44986564  0.43075135  0.45961169  0.48964666  0.48964666  0.44986564  0.44024662  0.45961169  0.43075135  0.42137669  0.44024662  0.42137669  0.47949859  0.43075135  0.45961169  0.44986564  0.44986564  0.44024662  0.49993622  0.45961169  0.52095596  0.44024662  0.44024662  0.42137669  0.41211962  0.39394668  0.41211962  0.42137669  0.41211962  0.39394668  0.42137669  0.43075135  0.41211962  0.41211962  0.40297722  0.44024662  0.41211962  0.40297722  0.42137669  0.43075135  0.46948816  0.43075135  0.47949859  0.49993622  0.51037126  0.44986564  0.51037126  0.52095596  0.54259193  0.57628372  
95_69_0    0.39394668  0.40297722  0.43075135  0.31728953  0.30924349  0.25525111  0.31728953  0.26272666  0.26272666  0.25525111  0.27790883  0.35889052  0.32542425  0.30924349  0.30128422  0.30924349  0.00000000  0.26272666  0.15784213  0.17766040  0.21192136  0.16438926  0.43075135  0.54259193  0.38502530  0.43075135  0.59963090  0.57628372  0.56488138  0.57628372  0.58786499  0.57628372  0.56488138  0.77258373  0.77258373  0.77258373  0.49993622  0.49993622  0.49993622  0.52095596  0.52095596  0.53169466  0.44024662  0.43075135  0.56488138  0.56488138  0.54259193  0.54259193  0.51037126  0.52095596  0.57628372  0.59963090  0.61158741  0.57628372  0.48964666  0.51037126  0.49993622  0.45961169  0.45961169  0.44986564  0.47949859  0.46948816  0.47949859  0.48964666  0.47949859  0.53169466  0.54259193  0.52095596  0.49993622  0.35889052  0.40297722  0.35889052  0.35038061  0.40297722  0.52095596  0.51037126  0.57628372  0.57628372  0.42137669  0.45961169  0.44024662  0.46948816  0.42137669  0.44024662  0.46948816  0.48964666  0.55365251  0.54259193  0.56488138  0.53169466  0.53169466  0.41211962  0.46948816  0.43075135  0.44986564  0.46948816  0.44024662  0.46948816  0.54259193  0.53169466  0.48964666  0.51037126  0.43075135  0.35889052  0.38502530  0.43075135  0.43075135  0.39394668  0.38502530  0.45961169  0.40297722  0.39394668  0.42137669  0.37621048  0.48964666  0.47949859  0.52095596  0.46948816  0.46948816  0.41211962  0.43075135  0.41211962  0.47949859  0.43075135  0.46948816  0.48964666  0.42137669  0.45961169  0.46948816  0.46948816  0.47949859  0.42137669  0.44024662  0.43075135  0.43075135  0.37621048  0.39394668  0.43075135  0.39394668  0.37621048  0.40297722  0.42137669  0.51037126  0.42137669  0.54259193  0.54259193  0.52095596  0.51037126  0.67446044  0.66145005  0.63609772  0.62374082  
100_69_0   0.46948816  0.45961169  0.45961169  0.40297722  0.31728953  0.30128422  0.33364963  0.31728953  0.31728953  0.30924349  0.36749969  0.42137669  0.40297722  0.30128422  0.30128422  0.30128422  0.26272666  0.00000000  0.23326830  0.24052340  0.29340988  0.25525111  0.42137669  0.55365251  0.41211962  0.49993622  0.63609772  0.63609772  0.62374082  0.64866503  0.64866503  0.63609772  0.66145005  0.77258373  0.77258373  0.75774183  0.44986564  0.44986564  0.44986564  0.68770431  0.68770431  0.67446044  0.45961169  0.45961169  0.54259193  0.58786499  0.56488138  0.56488138  0.57628372  0.56488138  0.63609772  0.67446044  0.66145005  0.66145005  0.59963090  0.62374082  0.63609772  0.63609772  0.61158741  0.62374082  0.64866503  0.63609772  0.62374082  0.61158741  0.62374082  0.58786499  0.58786499  0.63609772  0.62374082  0.45961169  0.45961169  0.47949859  0.47949859  0.47949859  0.53169466  0.53169466  0.49993622  0.49993622  0.49993622  0.44024662  0.51037126  0.55365251  0.48964666  0.51037126  0.47949859  0.44986564  0.48964666  0.47949859  0.47949859  0.48964666  0.48964666  0.51037126  0.53169466  0.46948816  0.48964666  0.52095596  0.53169466  0.56488138  0.54259193  0.58786499  0.55365251  0.47949859  0.46948816  0.47949859  0.49993622  0.48964666  0.48964666  0.46948816  0.48964666  0.55365251  0.47949859  0.49993622  0.53169466  0.44024662  0.52095596  0.48964666  0.51037126  0.45961169  0.45961169  0.48964666  0.54259193  0.51037126  0.49993622  0.47949859  0.49993622  0.52095596  0.52095596  0.49993622  0.53169466  0.52095596  0.49993622  0.51037126  0.52095596  0.46948816  0.48964666  0.43075135  0.44024662  0.47949859  0.44024662  0.44986564  0.47949859  0.53169466  0.58786499  0.51037126  0.54259193  0.58786499  0.63609772  0.58786499  0.63609772  0.62374082  0.63609772  0.61158741  
100_73_0   0.41211962  0.43075135  0.40297722  0.32542425  0.33364963  0.29340988  0.34196771  0.28561866  0.28561866  0.27790883  0.30128422  0.35889052  0.34196771  0.23326830  0.22608384  0.23326830  0.15784213  0.23326830  0.00000000  0.06029166  0.15784213  0.07762715  0.43075135  0.48964666  0.44024662  0.44986564  0.64866503  0.64866503  0.63609772  0.63609772  0.64866503  0.63609772  0.64866503  0.80319409  0.80319409  0.86850879  0.53169466  0.53169466  0.53169466  0.58786499  0.58786499  0.57628372  0.38502530  0.35889052  0.52095596  0.54259193  0.48964666  0.48964666  0.49993622  0.51037126  0.58786499  0.54259193  0.57628372  0.58786499  0.45961169  0.49993622  0.51037126  0.51037126  0.51037126  0.47949859  0.59963090  0.52095596  0.53169466  0.54259193  0.53169466  0.51037126  0.53169466  0.53169466  0.51037126  0.37621048  0.40297722  0.35889052  0.35038061  0.41211962  0.53169466  0.54259193  0.58786499  0.58786499  0.41211962  0.45961169  0.47949859  0.48964666  0.45961169  0.47949859  0.48964666  0.55365251  0.56488138  0.62374082  0.64866503  0.56488138  0.56488138  0.45961169  0.43075135  0.44986564  0.46948816  0.42137669  0.47949859  0.51037126  0.52095596  0.57628372  0.51037126  0.48964666  0.42137669  0.40297722  0.43075135  0.44024662  0.44024662  0.42137669  0.41211962  0.44986564  0.44986564  0.44024662  0.43075135  0.45961169  0.46948816  0.41211962  0.43075135  0.40297722  0.40297722  0.45961169  0.49993622  0.47949859  0.51037126  0.44024662  0.47949859  0.48964666  0.45961169  0.43075135  0.44024662  0.44986564  0.45961169  0.40297722  0.40297722  0.37621048  0.37621048  0.44986564  0.44024662  0.46948816  0.44024662  0.44986564  0.45961169  0.46948816  0.48964666  0.46948816  0.58786499  0.58786499  0.51037126  0.54259193  0.56488138  0.57628372  0.64866503  0.70119019  
100_66_0   0.40297722  0.42137669  0.39394668  0.36749969  0.30924349  0.28561866  0.33364963  0.29340988  0.29340988  0.28561866  0.32542425  0.36749969  0.35038061  0.28561866  0.27790883  0.28561866  0.17766040  0.24052340  0.06029166  0.00000000  0.15135256  0.09537963  0.49993622  0.54259193  0.44024662  0.44986564  0.62374082  0.62374082  0.61158741  0.66145005  0.67446044  0.66145005  0.64866503  0.72892449  0.72892449  0.78773023  0.48964666  0.48964666  0.48964666  0.58786499  0.58786499  0.57628372  0.43075135  0.38502530  0.48964666  0.51037126  0.45961169  0.45961169  0.49993622  0.48964666  0.61158741  0.58786499  0.64866503  0.58786499  0.45961169  0.52095596  0.53169466  0.51037126  0.51037126  0.47949859  0.53169466  0.54259193  0.55365251  0.56488138  0.55365251  0.55365251  0.56488138  0.55365251  0.53169466  0.39394668  0.42137669  0.37621048  0.36749969  0.44986564  0.55365251  0.58786499  0.57628372  0.57628372  0.45961169  0.43075135  0.48964666  0.49993622  0.44986564  0.48964666  0.49993622  0.59963090  0.58786499  0.61158741  0.61158741  0.51037126  0.51037126  0.44986564  0.45961169  0.44024662  0.45961169  0.44986564  0.48964666  0.52095596  0.43075135  0.54259193  0.47949859  0.45961169  0.45961169  0.44024662  0.46948816  0.47949859  0.47949859  0.45961169  0.44986564  0.48964666  0.48964666  0.47949859  0.44986564  0.45961169  0.43075135  0.41211962  0.41211962  0.44024662  0.44024662  0.45961169  0.47949859  0.45961169  0.46948816  0.42137669  0.47949859  0.48964666  0.45961169  0.44986564  0.44024662  0.44986564  0.49993622  0.42137669  0.38502530  0.35889052  0.35889052  0.43075135  0.42137669  0.44986564  0.42137669  0.43075135  0.45961169  0.44024662  0.46948816  0.46948816  0.51037126  0.51037126  0.49993622  0.48964666  0.59963090  0.58786499  0.58786499  0.63609772  
95_66_0    0.39394668  0.36749969  0.34196771  0.32542425  0.33364963  0.34196771  0.39394668  0.33364963  0.33364963  0.34196771  0.35038061  0.38502530  0.36749969  0.25525111  0.25525111  0.25525111  0.21192136  0.29340988  0.15784213  0.15135256  0.00000000  0.13854214  0.45961169  0.52095596  0.41211962  0.40297722  0.53169466  0.53169466  0.52095596  0.62374082  0.63609772  0.62374082  0.59963090  0.75774183  0.75774183  0.78773023  0.53169466  0.53169466  0.53169466  0.61158741  0.61158741  0.62374082  0.44986564  0.39394668  0.53169466  0.55365251  0.51037126  0.51037126  0.45961169  0.44986564  0.55365251  0.55365251  0.66145005  0.55365251  0.45961169  0.47949859  0.48964666  0.49993622  0.46948816  0.45961169  0.53169466  0.49993622  0.51037126  0.52095596  0.53169466  0.51037126  0.52095596  0.51037126  0.46948816  0.42137669  0.44986564  0.41211962  0.45961169  0.44024662  0.46948816  0.49993622  0.55365251  0.55365251  0.46948816  0.45961169  0.51037126  0.49993622  0.48964666  0.48964666  0.44024662  0.56488138  0.54259193  0.58786499  0.58786499  0.53169466  0.53169466  0.49993622  0.46948816  0.48964666  0.51037126  0.53169466  0.53169466  0.52095596  0.52095596  0.62374082  0.49993622  0.49993622  0.45961169  0.40297722  0.41211962  0.44024662  0.44024662  0.44024662  0.43075135  0.44986564  0.44986564  0.42137669  0.43075135  0.44024662  0.43075135  0.44024662  0.44024662  0.44986564  0.44986564  0.48964666  0.51037126  0.48964666  0.45961169  0.43075135  0.48964666  0.48964666  0.45961169  0.44024662  0.48964666  0.47949859  0.49993622  0.43075135  0.43075135  0.42137669  0.40297722  0.44024662  0.45961169  0.48964666  0.45961169  0.44024662  0.46948816  0.44024662  0.49993622  0.47949859  0.51037126  0.51037126  0.47949859  0.44986564  0.53169466  0.52095596  0.59963090  0.63609772  
