20
8_0_0      0.00000000  0.05457154  0.05930379  0.07368256  0.07368256  0.17731424  0.11343223  0.16628179  0.43313914  0.43313914  0.44099881  0.44099881  0.44099881  0.44099881  0.56068318  0.57945546  0.57945546  0.57945546  0.57001053  0.57945546  
7_0_0      0.05457154  0.00000000  0.02225716  0.01775252  0.01775252  0.15540944  0.08342403  0.17177771  0.42536106  0.42536106  0.43313914  0.44894181  0.43313914  0.43313914  0.51571252  0.53337823  0.56068318  0.54236977  0.53337823  0.54236977  
5_0_0      0.05930379  0.02225716  0.00000000  0.03134851  0.04055153  0.18289198  0.09827791  0.17731424  0.41004303  0.41004303  0.41766290  0.44894181  0.43313914  0.43313914  0.54236977  0.56068318  0.57945546  0.56068318  0.55147052  0.56068318  
10_0_0     0.07368256  0.01775252  0.03134851  0.00000000  0.03593589  0.15540944  0.10329537  0.17177771  0.41004303  0.41004303  0.41766290  0.44894181  0.43313914  0.43313914  0.51571252  0.53337823  0.57945546  0.56068318  0.55147052  0.56068318  
1_0_0      0.07368256  0.01775252  0.04055153  0.03593589  0.00000000  0.16082590  0.10329537  0.19417360  0.44099881  0.44099881  0.44894181  0.46508497  0.44894181  0.44894181  0.52449331  0.54236977  0.55147052  0.53337823  0.52449331  0.53337823  
12_0_0     0.17731424  0.15540944  0.18289198  0.15540944  0.16082590  0.00000000  0.18851156  0.27829269  0.48158362  0.48158362  0.48158362  0.45696991  0.46508497  0.46508497  0.57001053  0.59871018  0.60852634  0.58902097  0.58902097  0.60852634  
4_0_0      0.11343223  0.08342403  0.09827791  0.10329537  0.10329537  0.18851156  0.00000000  0.21142108  0.41766290  0.41766290  0.40249987  0.44894181  0.41766290  0.41766290  0.54236977  0.53337823  0.53337823  0.51571252  0.50703345  0.51571252  
9_0_0      0.16628179  0.17177771  0.17731424  0.17177771  0.19417360  0.27829269  0.21142108  0.00000000  0.41766290  0.41766290  0.41004303  0.46508497  0.44099881  0.44099881  0.50703345  0.53337823  0.52449331  0.53337823  0.52449331  0.51571252  
6_0_0      0.43313914  0.42536106  0.41004303  0.41004303  0.44099881  0.48158362  0.41766290  0.41766290  0.00000000  0.00000000  0.01775252  0.05930379  0.03593589  0.03593589  0.34474188  0.32418113  0.38763762  0.36588282  0.38031561  0.38763762  
3_0_0      0.43313914  0.42536106  0.41004303  0.41004303  0.44099881  0.48158362  0.41766290  0.41766290  0.00000000  0.00000000  0.01775252  0.05930379  0.03593589  0.03593589  0.34474188  0.32418113  0.38763762  0.36588282  0.38031561  0.38763762  
13_0_0     0.44099881  0.43313914  0.41766290  0.41766290  0.44894181  0.48158362  0.40249987  0.41004303  0.01775252  0.01775252  0.00000000  0.05930379  0.03593589  0.03593589  0.32418113  0.30416957  0.36588282  0.34474188  0.35876935  0.36588282  
11_0_0     0.44099881  0.44894181  0.44894181  0.44894181  0.46508497  0.45696991  0.44894181  0.46508497  0.05930379  0.05930379  0.05930379  0.00000000  0.04519578  0.04519578  0.31078088  0.30416957  0.38031561  0.35876935  0.37306446  0.39503190  
2_0_0      0.44099881  0.43313914  0.43313914  0.43313914  0.44894181  0.46508497  0.41766290  0.44099881  0.03593589  0.03593589  0.03593589  0.04519578  0.00000000  0.00000000  0.33097222  0.32418113  0.38763762  0.36588282  0.38031561  0.38763762  
14_0_0     0.44099881  0.43313914  0.43313914  0.43313914  0.44894181  0.46508497  0.41766290  0.44099881  0.03593589  0.03593589  0.03593589  0.04519578  0.00000000  0.00000000  0.33097222  0.32418113  0.38763762  0.36588282  0.38031561  0.38763762  
16_0_0     0.56068318  0.51571252  0.54236977  0.51571252  0.52449331  0.57001053  0.54236977  0.50703345  0.34474188  0.34474188  0.32418113  0.31078088  0.33097222  0.33097222  0.00000000  0.05457154  0.14469261  0.13939113  0.15540944  0.15003187  
20_0_0     0.57945546  0.53337823  0.56068318  0.53337823  0.54236977  0.59871018  0.53337823  0.53337823  0.32418113  0.32418113  0.30416957  0.30416957  0.32418113  0.32418113  0.05457154  0.00000000  0.15003187  0.14469261  0.16082590  0.15540944  
18_0_0     0.57945546  0.56068318  0.57945546  0.57945546  0.55147052  0.60852634  0.53337823  0.52449331  0.38763762  0.38763762  0.36588282  0.38031561  0.38763762  0.38763762  0.14469261  0.15003187  0.00000000  0.01775252  0.01327480  0.02678904  
19_0_0     0.57945546  0.54236977  0.56068318  0.56068318  0.53337823  0.58902097  0.51571252  0.53337823  0.36588282  0.36588282  0.34474188  0.35876935  0.36588282  0.36588282  0.13939113  0.14469261  0.01775252  0.00000000  0.01327480  0.02678904  
17_0_0     0.57001053  0.53337823  0.55147052  0.55147052  0.52449331  0.58902097  0.50703345  0.52449331  0.38031561  0.38031561  0.35876935  0.37306446  0.38031561  0.38031561  0.15540944  0.16082590  0.01327480  0.01327480  0.00000000  0.02225716  
15_0_0     0.57945546  0.54236977  0.56068318  0.56068318  0.53337823  0.60852634  0.51571252  0.51571252  0.38763762  0.38763762  0.36588282  0.39503190  0.38763762  0.38763762  0.15003187  0.15540944  0.02678904  0.02678904  0.02225716  0.00000000  

