18
15_3_0     0.00000000  0.25746518  0.27798051  0.26254039  0.25242489  0.26254039  0.29908704  0.39626535  0.30446010  0.26765102  0.27279755  0.27279755  0.25242489  0.29375312  0.27798051  0.28845775  0.20384240  0.20384240  
18_4_0     0.25746518  0.00000000  0.01437502  0.07882654  0.07882654  0.08679587  0.11539186  0.23750883  0.16717083  0.08679587  0.09081330  0.09081330  0.26254039  0.28320040  0.25746518  0.26765102  0.23750883  0.22773092  
14_4_0     0.27798051  0.01437502  0.00000000  0.08679587  0.08679587  0.09485287  0.11539186  0.23750883  0.17616804  0.09485287  0.09891485  0.09891485  0.26254039  0.27279755  0.24741904  0.25746518  0.24741904  0.23750883  
20_4_0     0.26254039  0.07882654  0.08679587  0.00000000  0.00715224  0.01437502  0.05159749  0.21808182  0.12799750  0.05159749  0.05542593  0.05542593  0.27279755  0.29375312  0.27798051  0.27798051  0.21808182  0.20855818  
12_4_0     0.25242489  0.07882654  0.08679587  0.00715224  0.00000000  0.01437502  0.05927448  0.22773092  0.13652343  0.05159749  0.05542593  0.05542593  0.27279755  0.29375312  0.27798051  0.27798051  0.21808182  0.20855818  
19_4_0     0.26254039  0.08679587  0.09485287  0.01437502  0.01437502  0.00000000  0.06703279  0.22773092  0.14514977  0.05927448  0.06314336  0.06314336  0.28320040  0.29375312  0.28845775  0.28845775  0.22773092  0.21808182  
13_4_0     0.29908704  0.11539186  0.11539186  0.05159749  0.05927448  0.06703279  0.00000000  0.26765102  0.15828280  0.09081330  0.08679587  0.08679587  0.27798051  0.29908704  0.28320040  0.28320040  0.24244718  0.23260356  
13_6_0     0.39626535  0.23750883  0.23750883  0.21808182  0.22773092  0.22773092  0.26765102  0.00000000  0.31532591  0.25242489  0.25746518  0.25746518  0.44035659  0.39017780  0.38414043  0.38414043  0.37815241  0.36632127  
13_5_0     0.30446010  0.16717083  0.17616804  0.12799750  0.13652343  0.14514977  0.15828280  0.31532591  0.00000000  0.13652343  0.14082390  0.14082390  0.28320040  0.27279755  0.26765102  0.26765102  0.22773092  0.21808182  
12_5_0     0.26765102  0.08679587  0.09485287  0.05159749  0.05159749  0.05927448  0.09081330  0.25242489  0.13652343  0.00000000  0.00356739  0.00356739  0.27798051  0.30987286  0.29375312  0.29375312  0.23260356  0.22289048  
19_5_0     0.27279755  0.09081330  0.09891485  0.05542593  0.05542593  0.06314336  0.08679587  0.25746518  0.14082390  0.00356739  0.00000000  0.00000000  0.28320040  0.30446010  0.28845775  0.28845775  0.22773092  0.21808182  
20_5_0     0.27279755  0.09081330  0.09891485  0.05542593  0.05542593  0.06314336  0.08679587  0.25746518  0.14082390  0.00356739  0.00000000  0.00000000  0.28320040  0.30446010  0.28845775  0.28845775  0.22773092  0.21808182  
13_1_0     0.25242489  0.26254039  0.26254039  0.27279755  0.27279755  0.28320040  0.27798051  0.44035659  0.28320040  0.27798051  0.28320040  0.28320040  0.00000000  0.19915678  0.18527714  0.17616804  0.20855818  0.20855818  
20_1_0     0.29375312  0.28320040  0.27279755  0.29375312  0.29375312  0.29375312  0.29908704  0.39017780  0.27279755  0.30987286  0.30446010  0.30446010  0.19915678  0.00000000  0.01801329  0.01801329  0.19915678  0.18987453  
12_1_0     0.27798051  0.25746518  0.24741904  0.27798051  0.27798051  0.28845775  0.28320040  0.38414043  0.26765102  0.29375312  0.28845775  0.28845775  0.18527714  0.01801329  0.00000000  0.00715224  0.17616804  0.16717083  
19_1_0     0.28845775  0.26765102  0.25746518  0.27798051  0.27798051  0.28845775  0.28320040  0.38414043  0.26765102  0.29375312  0.28845775  0.28845775  0.17616804  0.01801329  0.00715224  0.00000000  0.17616804  0.16717083  
14_1_0     0.20384240  0.23750883  0.24741904  0.21808182  0.21808182  0.22773092  0.24244718  0.37815241  0.22773092  0.23260356  0.22773092  0.22773092  0.20855818  0.19915678  0.17616804  0.17616804  0.00000000  0.00715224  
18_1_0     0.20384240  0.22773092  0.23750883  0.20855818  0.20855818  0.21808182  0.23260356  0.36632127  0.21808182  0.22289048  0.21808182  0.21808182  0.20855818  0.18987453  0.16717083  0.16717083  0.00715224  0.00000000  

