110
60_11_0    0.00000000  0.07934520  0.26898593  0.21447215  0.27414523  0.28457218  0.26386210  0.30049124  0.25371888  0.50961739  0.50961739  0.53857282  0.52395454  0.33338689  0.39165973  0.39165973  0.39774558  0.40388151  0.33338689  0.32225962  0.35615242  0.35039554  0.36780130  0.39774558  0.41006837  0.37963508  0.37963508  0.38562316  0.39774558  0.37963508  0.44179704  0.40388151  0.40388151  0.44830809  0.44179704  0.44830809  0.45487651  0.46818954  0.44830809  0.44179704  0.45487651  0.55348347  0.56869844  0.44830809  0.43534236  0.44830809  0.44179704  0.44830809  0.44830809  0.43534236  0.42259827  0.42894308  0.41630699  0.43534236  0.42259827  0.42259827  0.44179704  0.43534236  0.50961739  0.52395454  0.33901344  0.60009283  0.64129145  0.63286758  0.64981159  0.62453782  0.64981159  0.64981159  0.64981159  0.63286758  0.60815243  0.56105214  0.55348347  0.54599087  0.54599087  0.53857282  0.59211942  0.59211942  0.60815243  0.38562316  0.37963508  0.40388151  0.39165973  0.42259827  0.41006837  0.40388151  0.44830809  0.42894308  0.40388151  0.41630699  0.44830809  0.41006837  0.42894308  0.40388151  0.45487651  0.34468277  0.33338689  0.33901344  0.41006837  0.39774558  0.40388151  0.44179704  0.41006837  0.47493629  0.48861575  0.44830809  0.44179704  0.45487651  0.56105214  0.55348347  
98_11_0    0.07934520  0.00000000  0.19559732  0.17265653  0.27414523  0.29514703  0.32225962  0.35615242  0.25877324  0.53857282  0.53122785  0.56105214  0.50961739  0.32225962  0.37369471  0.37369471  0.39165973  0.38562316  0.34468277  0.32780249  0.33901344  0.32225962  0.36780130  0.39774558  0.41006837  0.39165973  0.39165973  0.36780130  0.41006837  0.37963508  0.44179704  0.37963508  0.40388151  0.47493629  0.45487651  0.47493629  0.48174464  0.50961739  0.47493629  0.48174464  0.48174464  0.58423039  0.56869844  0.44830809  0.43534236  0.47493629  0.46150331  0.46818954  0.46818954  0.43534236  0.43534236  0.42894308  0.42894308  0.42259827  0.41006837  0.41006837  0.42894308  0.42259827  0.53122785  0.53857282  0.35615242  0.58423039  0.64129145  0.63286758  0.64981159  0.62453782  0.63286758  0.63286758  0.63286758  0.64129145  0.59211942  0.56105214  0.55348347  0.56105214  0.56105214  0.56869844  0.60815243  0.60815243  0.62453782  0.40388151  0.39774558  0.41006837  0.39774558  0.41006837  0.40388151  0.40388151  0.44830809  0.44830809  0.39774558  0.39774558  0.44179704  0.40388151  0.42259827  0.36780130  0.42894308  0.36780130  0.35615242  0.36195411  0.41006837  0.43534236  0.44179704  0.46150331  0.41630699  0.49555077  0.50961739  0.45487651  0.45487651  0.46818954  0.54599087  0.53857282  
98_5_0     0.26898593  0.19559732  0.00000000  0.05967338  0.33901344  0.35039554  0.39774558  0.43534236  0.33338689  0.56105214  0.55348347  0.58423039  0.54599087  0.36195411  0.44179704  0.42894308  0.41630699  0.43534236  0.37963508  0.36780130  0.42259827  0.39774558  0.41630699  0.42894308  0.41630699  0.43534236  0.42259827  0.41630699  0.43534236  0.42259827  0.43534236  0.37369471  0.39774558  0.48861575  0.45487651  0.46150331  0.48174464  0.50961739  0.47493629  0.48174464  0.48174464  0.54599087  0.51675150  0.48174464  0.44179704  0.50255091  0.50961739  0.50255091  0.53122785  0.52395454  0.52395454  0.51675150  0.48861575  0.46818954  0.45487651  0.45487651  0.43534236  0.42894308  0.58423039  0.56869844  0.39165973  0.63286758  0.71234551  0.70308450  0.71234551  0.68490060  0.66714968  0.66714968  0.56869844  0.70308450  0.64129145  0.64129145  0.65843024  0.66714968  0.66714968  0.62453782  0.63286758  0.63286758  0.67597231  0.45487651  0.44179704  0.45487651  0.44830809  0.45487651  0.45487651  0.48174464  0.46818954  0.50255091  0.47493629  0.46818954  0.48174464  0.45487651  0.51675150  0.42259827  0.43534236  0.42259827  0.44179704  0.44179704  0.44830809  0.49555077  0.49555077  0.51675150  0.46150331  0.46150331  0.46150331  0.51675150  0.51675150  0.54599087  0.55348347  0.56105214  
60_5_0     0.21447215  0.17265653  0.05967338  0.00000000  0.33901344  0.35039554  0.37369471  0.41006837  0.27934047  0.56105214  0.56105214  0.59211942  0.52395454  0.37369471  0.44179704  0.42894308  0.42259827  0.44179704  0.37963508  0.34468277  0.39774558  0.38562316  0.38562316  0.39774558  0.39774558  0.44179704  0.42894308  0.42894308  0.42894308  0.39165973  0.42894308  0.39165973  0.40388151  0.46150331  0.44179704  0.44830809  0.45487651  0.48174464  0.44830809  0.45487651  0.45487651  0.50961739  0.49555077  0.48861575  0.47493629  0.48174464  0.46150331  0.46818954  0.48174464  0.50961739  0.50961739  0.50255091  0.44830809  0.44179704  0.41630699  0.41630699  0.39774558  0.40388151  0.51675150  0.49555077  0.37963508  0.62453782  0.72172302  0.70308450  0.71234551  0.68490060  0.66714968  0.66714968  0.55348347  0.67597231  0.67597231  0.64981159  0.66714968  0.67597231  0.67597231  0.63286758  0.64129145  0.64129145  0.66714968  0.40388151  0.40388151  0.40388151  0.39774558  0.42894308  0.41630699  0.45487651  0.45487651  0.44830809  0.44830809  0.44179704  0.46150331  0.41006837  0.50961739  0.41630699  0.43534236  0.38562316  0.40388151  0.40388151  0.44830809  0.45487651  0.46150331  0.48861575  0.43534236  0.45487651  0.48174464  0.47493629  0.47493629  0.50255091  0.50961739  0.51675150  
84_5_0     0.27414523  0.27414523  0.33901344  0.33901344  0.00000000  0.02923981  0.22409185  0.24371181  0.15922343  0.45487651  0.45487651  0.48174464  0.43534236  0.18633612  0.21926648  0.24869856  0.21447215  0.22894864  0.24371181  0.20970846  0.26386210  0.25371888  0.22409185  0.25877324  0.26386210  0.23875820  0.22894864  0.27934047  0.23875820  0.28457218  0.30049124  0.27414523  0.25371888  0.36195411  0.37963508  0.37369471  0.39165973  0.39165973  0.37369471  0.36780130  0.37963508  0.42894308  0.41630699  0.36195411  0.32780249  0.34468277  0.35615242  0.36195411  0.37963508  0.32225962  0.32225962  0.31675764  0.32780249  0.32225962  0.28984085  0.29514703  0.28457218  0.28984085  0.36195411  0.36195411  0.25877324  0.54599087  0.53857282  0.53857282  0.54599087  0.51675150  0.55348347  0.55348347  0.53122785  0.51675150  0.54599087  0.48861575  0.48861575  0.49555077  0.49555077  0.50255091  0.46818954  0.46818954  0.46150331  0.36195411  0.33338689  0.35039554  0.34468277  0.36195411  0.33901344  0.32780249  0.35039554  0.32780249  0.34468277  0.33901344  0.37369471  0.38562316  0.36195411  0.36195411  0.35039554  0.27414523  0.28457218  0.28984085  0.34468277  0.35615242  0.35615242  0.33338689  0.32225962  0.41006837  0.39165973  0.34468277  0.33901344  0.33338689  0.48174464  0.48861575  
78_5_0     0.28457218  0.29514703  0.35039554  0.35039554  0.02923981  0.00000000  0.20497500  0.22409185  0.18633612  0.44179704  0.44179704  0.46818954  0.46150331  0.20497500  0.23875820  0.25877324  0.23383729  0.23875820  0.24371181  0.22894864  0.27414523  0.26386210  0.24371181  0.25877324  0.24371181  0.25877324  0.24869856  0.30049124  0.24869856  0.29514703  0.30049124  0.28457218  0.26386210  0.37963508  0.38562316  0.37963508  0.38562316  0.39774558  0.37963508  0.37369471  0.38562316  0.43534236  0.42259827  0.37963508  0.34468277  0.36195411  0.35039554  0.35615242  0.37369471  0.32225962  0.32225962  0.31675764  0.33901344  0.33338689  0.30049124  0.30587404  0.28457218  0.28984085  0.38562316  0.38562316  0.28984085  0.53122785  0.53857282  0.53857282  0.54599087  0.51675150  0.53857282  0.53857282  0.53122785  0.53122785  0.53122785  0.50255091  0.50255091  0.50961739  0.50961739  0.51675150  0.49555077  0.49555077  0.46150331  0.38562316  0.35615242  0.36195411  0.36780130  0.36780130  0.35039554  0.35039554  0.36195411  0.36195411  0.36780130  0.37369471  0.39774558  0.41006837  0.37369471  0.38562316  0.36195411  0.28457218  0.30587404  0.31129598  0.36195411  0.36780130  0.36780130  0.33338689  0.34468277  0.41006837  0.39165973  0.36780130  0.36195411  0.35615242  0.48174464  0.48861575  
84_10_0    0.26386210  0.32225962  0.39774558  0.37369471  0.22409185  0.20497500  0.00000000  0.02923981  0.27414523  0.50255091  0.50255091  0.53122785  0.49555077  0.26898593  0.32780249  0.32225962  0.32780249  0.33338689  0.30587404  0.29514703  0.32225962  0.31129598  0.31675764  0.31675764  0.28984085  0.31675764  0.31675764  0.33338689  0.29514703  0.28457218  0.27934047  0.31675764  0.32225962  0.45487651  0.44830809  0.46818954  0.47493629  0.47493629  0.45487651  0.44830809  0.46150331  0.42894308  0.41006837  0.41630699  0.36780130  0.36780130  0.41630699  0.42259827  0.44179704  0.40388151  0.40388151  0.39774558  0.38562316  0.39165973  0.35615242  0.36195411  0.39774558  0.41630699  0.44830809  0.44179704  0.30587404  0.61630011  0.60815243  0.64129145  0.63286758  0.62453782  0.65843024  0.65843024  0.61630011  0.60815243  0.60009283  0.58423039  0.56869844  0.57642397  0.57642397  0.55348347  0.59211942  0.59211942  0.58423039  0.36195411  0.33338689  0.35039554  0.34468277  0.39165973  0.34468277  0.35039554  0.37963508  0.37369471  0.39165973  0.37369471  0.41630699  0.41006837  0.36195411  0.38562316  0.44179704  0.35615242  0.36780130  0.37369471  0.35615242  0.36780130  0.36780130  0.39165973  0.36780130  0.43534236  0.42259827  0.39774558  0.40388151  0.41006837  0.48174464  0.48861575  
78_10_0    0.30049124  0.35615242  0.43534236  0.41006837  0.24371181  0.22409185  0.02923981  0.00000000  0.28457218  0.53857282  0.53857282  0.56869844  0.50255091  0.29514703  0.34468277  0.33901344  0.35615242  0.35039554  0.33338689  0.31675764  0.35039554  0.33901344  0.34468277  0.31129598  0.29514703  0.32225962  0.32225962  0.33901344  0.30049124  0.28457218  0.28457218  0.31129598  0.32780249  0.46818954  0.46150331  0.48174464  0.48861575  0.48861575  0.46818954  0.46150331  0.47493629  0.41630699  0.40388151  0.46818954  0.41630699  0.35039554  0.41006837  0.41630699  0.43534236  0.41006837  0.41006837  0.40388151  0.40388151  0.41006837  0.37369471  0.37963508  0.40388151  0.42259827  0.45487651  0.44830809  0.31675764  0.64129145  0.61630011  0.64981159  0.64129145  0.64981159  0.68490060  0.68490060  0.60815243  0.61630011  0.60009283  0.56869844  0.58423039  0.59211942  0.59211942  0.58423039  0.60815243  0.60815243  0.56869844  0.39165973  0.35039554  0.36780130  0.36195411  0.42259827  0.36195411  0.35615242  0.37369471  0.37963508  0.39774558  0.37963508  0.44830809  0.44179704  0.39165973  0.41630699  0.45487651  0.37369471  0.38562316  0.39165973  0.39165973  0.41630699  0.41630699  0.41006837  0.39165973  0.45487651  0.42894308  0.38562316  0.39165973  0.39774558  0.46818954  0.47493629  
70_5_0     0.25371888  0.25877324  0.33338689  0.27934047  0.15922343  0.18633612  0.27414523  0.28457218  0.00000000  0.45487651  0.44179704  0.47493629  0.42894308  0.19559732  0.18633612  0.20027142  0.20027142  0.19559732  0.19095234  0.17718856  0.19095234  0.19095234  0.21926648  0.22409185  0.25371888  0.22894864  0.21926648  0.26386210  0.22894864  0.22409185  0.24869856  0.20027142  0.20027142  0.33901344  0.34468277  0.32780249  0.33338689  0.34468277  0.32780249  0.33338689  0.32225962  0.38562316  0.38562316  0.31675764  0.29514703  0.32225962  0.26386210  0.26898593  0.27414523  0.28457218  0.27934047  0.27414523  0.24869856  0.24371181  0.26386210  0.26898593  0.26386210  0.27414523  0.35039554  0.33901344  0.22894864  0.48174464  0.48174464  0.49555077  0.50255091  0.48174464  0.48861575  0.48861575  0.49555077  0.53857282  0.51675150  0.51675150  0.50961739  0.51675150  0.51675150  0.48174464  0.50961739  0.50961739  0.48174464  0.27934047  0.28984085  0.27934047  0.28457218  0.33338689  0.28984085  0.27934047  0.30587404  0.30587404  0.30587404  0.27934047  0.35615242  0.34468277  0.33901344  0.34468277  0.31129598  0.25371888  0.25877324  0.26386210  0.32225962  0.32780249  0.33338689  0.33338689  0.31675764  0.41630699  0.41006837  0.33901344  0.33338689  0.32780249  0.44830809  0.44179704  
76_6_0     0.50961739  0.53857282  0.56105214  0.56105214  0.45487651  0.44179704  0.50255091  0.53857282  0.45487651  0.00000000  0.03673252  0.06747993  0.44179704  0.50255091  0.54599087  0.53857282  0.59211942  0.57642397  0.55348347  0.49555077  0.48861575  0.46818954  0.48174464  0.50961739  0.53122785  0.50255091  0.50961739  0.58423039  0.53122785  0.52395454  0.50255091  0.52395454  0.47493629  0.64981159  0.64981159  0.64981159  0.64981159  0.64129145  0.64981159  0.64129145  0.64129145  0.65843024  0.62453782  0.56105214  0.53857282  0.62453782  0.53857282  0.53857282  0.54599087  0.50255091  0.50255091  0.50255091  0.56105214  0.56105214  0.56105214  0.56869844  0.56105214  0.57642397  0.64981159  0.63286758  0.51675150  0.69393711  0.67597231  0.70308450  0.70308450  0.68490060  0.71234551  0.71234551  0.66714968  0.73121998  0.65843024  0.67597231  0.67597231  0.68490060  0.68490060  0.68490060  0.64129145  0.64129145  0.63286758  0.49555077  0.53857282  0.52395454  0.50961739  0.52395454  0.50255091  0.56869844  0.58423039  0.53122785  0.55348347  0.53857282  0.59211942  0.60815243  0.58423039  0.58423039  0.60815243  0.53857282  0.53857282  0.54599087  0.50255091  0.46150331  0.44830809  0.46150331  0.47493629  0.56105214  0.59211942  0.55348347  0.55348347  0.53857282  0.56869844  0.57642397  
72_6_0     0.50961739  0.53122785  0.55348347  0.56105214  0.45487651  0.44179704  0.50255091  0.53857282  0.44179704  0.03673252  0.00000000  0.03673252  0.41630699  0.50255091  0.52395454  0.52395454  0.59211942  0.56105214  0.53857282  0.49555077  0.48861575  0.46818954  0.46150331  0.51675150  0.52395454  0.50961739  0.51675150  0.57642397  0.52395454  0.51675150  0.49555077  0.51675150  0.46818954  0.62453782  0.62453782  0.64981159  0.63286758  0.60815243  0.61630011  0.60815243  0.60815243  0.64981159  0.61630011  0.51675150  0.49555077  0.60815243  0.50255091  0.50255091  0.50961739  0.46818954  0.46818954  0.46818954  0.53122785  0.53122785  0.53122785  0.53857282  0.53122785  0.54599087  0.61630011  0.60009283  0.50255091  0.66714968  0.64981159  0.67597231  0.67597231  0.65843024  0.68490060  0.68490060  0.65843024  0.72172302  0.63286758  0.64981159  0.64981159  0.65843024  0.65843024  0.65843024  0.61630011  0.61630011  0.61630011  0.49555077  0.55348347  0.52395454  0.50961739  0.52395454  0.50255091  0.56105214  0.56105214  0.55348347  0.56105214  0.54599087  0.57642397  0.59211942  0.58423039  0.56869844  0.60815243  0.55348347  0.55348347  0.56105214  0.50255091  0.47493629  0.46150331  0.46150331  0.47493629  0.55348347  0.58423039  0.56105214  0.56105214  0.54599087  0.53122785  0.53857282  
75_6_0     0.53857282  0.56105214  0.58423039  0.59211942  0.48174464  0.46818954  0.53122785  0.56869844  0.47493629  0.06747993  0.03673252  0.00000000  0.43534236  0.51675150  0.56869844  0.56105214  0.62453782  0.59211942  0.56869844  0.50961739  0.51675150  0.49555077  0.48861575  0.55348347  0.56105214  0.54599087  0.55348347  0.61630011  0.56105214  0.55348347  0.53122785  0.55348347  0.50255091  0.63286758  0.63286758  0.66714968  0.64981159  0.62453782  0.63286758  0.62453782  0.62453782  0.66714968  0.63286758  0.55348347  0.53122785  0.62453782  0.50961739  0.50961739  0.51675150  0.48861575  0.48861575  0.48861575  0.53857282  0.53857282  0.53857282  0.54599087  0.55348347  0.56869844  0.64129145  0.63286758  0.52395454  0.69393711  0.68490060  0.69393711  0.69393711  0.67597231  0.70308450  0.70308450  0.68490060  0.74083949  0.68490060  0.68490060  0.66714968  0.67597231  0.67597231  0.69393711  0.64981159  0.64981159  0.65843024  0.51675150  0.57642397  0.54599087  0.53122785  0.54599087  0.52395454  0.56869844  0.55348347  0.56105214  0.56869844  0.55348347  0.62453782  0.64129145  0.62453782  0.60815243  0.64981159  0.58423039  0.58423039  0.59211942  0.51675150  0.48861575  0.47493629  0.49555077  0.48861575  0.57642397  0.60815243  0.58423039  0.58423039  0.56869844  0.56105214  0.56869844  
76_5_0     0.52395454  0.50961739  0.54599087  0.52395454  0.43534236  0.46150331  0.49555077  0.50255091  0.42894308  0.44179704  0.41630699  0.43534236  0.00000000  0.43534236  0.46818954  0.44830809  0.49555077  0.49555077  0.48174464  0.44179704  0.44179704  0.44830809  0.49555077  0.44830809  0.44830809  0.44830809  0.44830809  0.44830809  0.48861575  0.46150331  0.48861575  0.46150331  0.48174464  0.58423039  0.61630011  0.57642397  0.64129145  0.62453782  0.59211942  0.60009283  0.60009283  0.58423039  0.57642397  0.61630011  0.58423039  0.54599087  0.49555077  0.49555077  0.52395454  0.55348347  0.54599087  0.54599087  0.56105214  0.56869844  0.54599087  0.53857282  0.50961739  0.50255091  0.60009283  0.58423039  0.51675150  0.58423039  0.63286758  0.63286758  0.62453782  0.64129145  0.62453782  0.62453782  0.60009283  0.61630011  0.56869844  0.64129145  0.59211942  0.60009283  0.60009283  0.61630011  0.57642397  0.57642397  0.56869844  0.55348347  0.54599087  0.54599087  0.52395454  0.56105214  0.55348347  0.56869844  0.56869844  0.61630011  0.63286758  0.57642397  0.53857282  0.53857282  0.53857282  0.50255091  0.60815243  0.58423039  0.56105214  0.56869844  0.49555077  0.47493629  0.46150331  0.48861575  0.48861575  0.56869844  0.56869844  0.53122785  0.52395454  0.53122785  0.61630011  0.62453782  
69_5_0     0.33338689  0.32225962  0.36195411  0.37369471  0.18633612  0.20497500  0.26898593  0.29514703  0.19559732  0.50255091  0.50255091  0.51675150  0.43534236  0.00000000  0.16815189  0.18174831  0.16815189  0.18174831  0.13735919  0.11611793  0.15479898  0.14602809  0.23383729  0.24371181  0.23875820  0.22409185  0.21447215  0.27414523  0.23383729  0.22894864  0.25371888  0.24869856  0.24371181  0.41630699  0.42259827  0.42894308  0.43534236  0.44830809  0.42894308  0.43534236  0.43534236  0.42259827  0.39774558  0.39774558  0.35039554  0.36195411  0.32225962  0.31675764  0.33338689  0.32780249  0.32780249  0.32225962  0.29514703  0.27934047  0.27934047  0.28457218  0.27934047  0.26898593  0.37963508  0.36780130  0.28457218  0.53857282  0.52395454  0.54599087  0.55348347  0.53122785  0.53122785  0.53122785  0.60009283  0.60815243  0.57642397  0.54599087  0.53857282  0.54599087  0.54599087  0.53857282  0.53857282  0.53857282  0.52395454  0.36195411  0.34468277  0.36195411  0.36195411  0.35615242  0.33338689  0.35615242  0.36195411  0.37963508  0.38562316  0.36780130  0.41630699  0.40388151  0.40388151  0.40388151  0.39165973  0.28457218  0.28984085  0.29514703  0.33338689  0.31129598  0.31675764  0.36195411  0.32780249  0.45487651  0.42259827  0.35039554  0.35039554  0.36780130  0.52395454  0.53122785  
90_5_0     0.39165973  0.37369471  0.44179704  0.44179704  0.21926648  0.23875820  0.32780249  0.34468277  0.18633612  0.54599087  0.52395454  0.56869844  0.46818954  0.16815189  0.00000000  0.09955018  0.07536909  0.07141407  0.15479898  0.15040064  0.17265653  0.16367429  0.28457218  0.31675764  0.30049124  0.29514703  0.28457218  0.29514703  0.29514703  0.31129598  0.31675764  0.30049124  0.29514703  0.40388151  0.41630699  0.41006837  0.44179704  0.42894308  0.39774558  0.40388151  0.40388151  0.45487651  0.45487651  0.37963508  0.34468277  0.38562316  0.37963508  0.37369471  0.37963508  0.35615242  0.35615242  0.35039554  0.32225962  0.31675764  0.33901344  0.34468277  0.29514703  0.29514703  0.38562316  0.39165973  0.35039554  0.53122785  0.48174464  0.47493629  0.48174464  0.46150331  0.47493629  0.47493629  0.56105214  0.57642397  0.60815243  0.58423039  0.58423039  0.57642397  0.57642397  0.56869844  0.55348347  0.55348347  0.59211942  0.34468277  0.35039554  0.36195411  0.35615242  0.37963508  0.35039554  0.36195411  0.37963508  0.38562316  0.37963508  0.36195411  0.37369471  0.36195411  0.35615242  0.36780130  0.37963508  0.33338689  0.31675764  0.32225962  0.38562316  0.41630699  0.42259827  0.37963508  0.41006837  0.44830809  0.44179704  0.39774558  0.39165973  0.39774558  0.51675150  0.50961739  
67_5_0     0.39165973  0.37369471  0.42894308  0.42894308  0.24869856  0.25877324  0.32225962  0.33901344  0.20027142  0.53857282  0.52395454  0.56105214  0.44830809  0.18174831  0.09955018  0.00000000  0.10778804  0.10365773  0.14602809  0.16367429  0.16815189  0.15922343  0.28984085  0.32225962  0.29514703  0.27934047  0.26898593  0.31675764  0.28984085  0.30587404  0.28984085  0.31675764  0.32225962  0.41630699  0.44179704  0.44179704  0.42259827  0.46150331  0.44179704  0.44830809  0.44830809  0.45487651  0.42894308  0.39774558  0.36195411  0.37369471  0.33901344  0.33338689  0.36195411  0.35615242  0.35039554  0.34468277  0.32780249  0.32225962  0.34468277  0.35039554  0.31129598  0.30049124  0.37963508  0.37963508  0.32780249  0.56105214  0.53122785  0.54599087  0.53857282  0.53122785  0.56105214  0.56105214  0.60815243  0.60009283  0.64981159  0.58423039  0.56869844  0.56105214  0.56105214  0.52395454  0.53857282  0.53857282  0.57642397  0.36780130  0.36195411  0.37369471  0.34468277  0.35615242  0.33901344  0.35039554  0.35615242  0.37369471  0.40388151  0.37369471  0.41630699  0.37963508  0.35615242  0.39165973  0.35615242  0.29514703  0.30049124  0.30587404  0.37369471  0.39165973  0.39774558  0.34468277  0.38562316  0.46150331  0.45487651  0.38562316  0.38562316  0.37963508  0.50961739  0.50255091  
57_5_0     0.39774558  0.39165973  0.41630699  0.42259827  0.21447215  0.23383729  0.32780249  0.35615242  0.20027142  0.59211942  0.59211942  0.62453782  0.49555077  0.16815189  0.07536909  0.10778804  0.00000000  0.02552150  0.14602809  0.16367429  0.17718856  0.18174831  0.28457218  0.32780249  0.32225962  0.30049124  0.28984085  0.31129598  0.31129598  0.31129598  0.34468277  0.32780249  0.31129598  0.42259827  0.43534236  0.42259827  0.42894308  0.44179704  0.42259827  0.42894308  0.41630699  0.47493629  0.46818954  0.41006837  0.36195411  0.37963508  0.39774558  0.39165973  0.41006837  0.36780130  0.36195411  0.35615242  0.34468277  0.33901344  0.37369471  0.37963508  0.33901344  0.33901344  0.42894308  0.43534236  0.34468277  0.54599087  0.54599087  0.53857282  0.54599087  0.53857282  0.53857282  0.53857282  0.63286758  0.61630011  0.69393711  0.65843024  0.63286758  0.62453782  0.62453782  0.59211942  0.61630011  0.61630011  0.64129145  0.35615242  0.33901344  0.36195411  0.35615242  0.39165973  0.35039554  0.39774558  0.37963508  0.42259827  0.42259827  0.39165973  0.38562316  0.37369471  0.36195411  0.38562316  0.36780130  0.30587404  0.31129598  0.31675764  0.41630699  0.43534236  0.42894308  0.37369471  0.40388151  0.47493629  0.48174464  0.38562316  0.37963508  0.38562316  0.55348347  0.54599087  
89_5_0     0.40388151  0.38562316  0.43534236  0.44179704  0.22894864  0.23875820  0.33338689  0.35039554  0.19559732  0.57642397  0.56105214  0.59211942  0.49555077  0.18174831  0.07141407  0.10365773  0.02552150  0.00000000  0.15040064  0.16815189  0.16367429  0.17718856  0.28984085  0.33338689  0.30587404  0.29514703  0.28457218  0.30587404  0.29514703  0.31675764  0.35039554  0.32225962  0.29514703  0.40388151  0.42894308  0.41630699  0.42259827  0.42259827  0.41630699  0.42259827  0.41006837  0.45487651  0.44830809  0.37963508  0.33338689  0.36195411  0.39774558  0.39165973  0.39774558  0.36780130  0.36195411  0.35615242  0.34468277  0.33901344  0.37369471  0.37963508  0.32780249  0.32780249  0.41630699  0.42894308  0.35615242  0.52395454  0.49555077  0.48861575  0.49555077  0.48861575  0.48861575  0.48861575  0.57642397  0.59211942  0.67597231  0.65843024  0.63286758  0.62453782  0.62453782  0.57642397  0.60009283  0.60009283  0.64129145  0.33901344  0.35615242  0.35615242  0.35039554  0.36195411  0.33338689  0.37963508  0.37369471  0.41630699  0.40388151  0.38562316  0.40388151  0.39165973  0.37963508  0.40388151  0.36195411  0.31129598  0.32780249  0.33338689  0.41006837  0.42894308  0.42259827  0.36780130  0.41006837  0.47493629  0.48174464  0.41006837  0.40388151  0.39165973  0.53122785  0.52395454  
79_5_0     0.33338689  0.34468277  0.37963508  0.37963508  0.24371181  0.24371181  0.30587404  0.33338689  0.19095234  0.55348347  0.53857282  0.56869844  0.48174464  0.13735919  0.15479898  0.14602809  0.14602809  0.15040064  0.00000000  0.12878993  0.13306224  0.14168104  0.23383729  0.27414523  0.25877324  0.23383729  0.22409185  0.23875820  0.23383729  0.25877324  0.24371181  0.23875820  0.24371181  0.42259827  0.41630699  0.42259827  0.42894308  0.44179704  0.42259827  0.42894308  0.41630699  0.41006837  0.39774558  0.35039554  0.31675764  0.34468277  0.34468277  0.33901344  0.35615242  0.32780249  0.32225962  0.31675764  0.30049124  0.29514703  0.28457218  0.28984085  0.27414523  0.28457218  0.37369471  0.37369471  0.30587404  0.46818954  0.50255091  0.51675150  0.52395454  0.50255091  0.51675150  0.51675150  0.53857282  0.56869844  0.63286758  0.59211942  0.60815243  0.60009283  0.60009283  0.58423039  0.60009283  0.60009283  0.61630011  0.33338689  0.31675764  0.32225962  0.32225962  0.32780249  0.31675764  0.37369471  0.41006837  0.41630699  0.41630699  0.37369471  0.41006837  0.39774558  0.38562316  0.39774558  0.31675764  0.25371888  0.27934047  0.28457218  0.35039554  0.35615242  0.36195411  0.34468277  0.36195411  0.44830809  0.45487651  0.35615242  0.35039554  0.37963508  0.50255091  0.49555077  
53_5_0     0.32225962  0.32780249  0.36780130  0.34468277  0.20970846  0.22894864  0.29514703  0.31675764  0.17718856  0.49555077  0.49555077  0.50961739  0.44179704  0.11611793  0.15040064  0.16367429  0.16367429  0.16815189  0.12878993  0.00000000  0.08736160  0.07934520  0.24371181  0.24869856  0.23875820  0.25371888  0.24371181  0.26386210  0.24371181  0.23875820  0.24371181  0.24371181  0.26386210  0.35039554  0.35615242  0.36195411  0.36780130  0.37963508  0.36195411  0.35615242  0.36780130  0.42894308  0.40388151  0.33901344  0.31675764  0.33901344  0.31129598  0.30587404  0.32225962  0.33901344  0.33338689  0.32780249  0.32225962  0.31675764  0.30587404  0.31129598  0.29514703  0.27414523  0.35039554  0.36195411  0.24371181  0.52395454  0.51675150  0.53122785  0.52395454  0.50255091  0.50255091  0.50255091  0.53122785  0.56105214  0.60815243  0.55348347  0.55348347  0.54599087  0.54599087  0.50961739  0.53857282  0.53857282  0.55348347  0.30587404  0.29514703  0.31129598  0.28984085  0.33338689  0.29514703  0.33338689  0.33901344  0.35039554  0.33901344  0.32225962  0.41630699  0.40388151  0.37963508  0.40388151  0.32780249  0.23383729  0.23875820  0.24371181  0.33901344  0.31675764  0.32225962  0.35615242  0.35039554  0.40388151  0.43534236  0.35039554  0.35039554  0.35615242  0.52395454  0.51675150  
65_5_0     0.35615242  0.33901344  0.42259827  0.39774558  0.26386210  0.27414523  0.32225962  0.35039554  0.19095234  0.48861575  0.48861575  0.51675150  0.44179704  0.15479898  0.17265653  0.16815189  0.17718856  0.16367429  0.13306224  0.08736160  0.00000000  0.03673252  0.24371181  0.27934047  0.25371888  0.25877324  0.24869856  0.27934047  0.26898593  0.25877324  0.26386210  0.25877324  0.27414523  0.37369471  0.39165973  0.41006837  0.39165973  0.40388151  0.39774558  0.40388151  0.39165973  0.48174464  0.46818954  0.36780130  0.33338689  0.32225962  0.31129598  0.30587404  0.32225962  0.33338689  0.32780249  0.32225962  0.34468277  0.33901344  0.33901344  0.34468277  0.31675764  0.30587404  0.39165973  0.37963508  0.30049124  0.50255091  0.49555077  0.55348347  0.56105214  0.53857282  0.50961739  0.50961739  0.54599087  0.55348347  0.61630011  0.60009283  0.57642397  0.58423039  0.58423039  0.51675150  0.57642397  0.57642397  0.56869844  0.32780249  0.31129598  0.32780249  0.30587404  0.34468277  0.32225962  0.37369471  0.41630699  0.39774558  0.39165973  0.37369471  0.45487651  0.42894308  0.40388151  0.41630699  0.39165973  0.27934047  0.28457218  0.28984085  0.32225962  0.33338689  0.33901344  0.35039554  0.32225962  0.44179704  0.46150331  0.37963508  0.37963508  0.36780130  0.49555077  0.48861575  
91_5_0     0.35039554  0.32225962  0.39774558  0.38562316  0.25371888  0.26386210  0.31129598  0.33901344  0.19095234  0.46818954  0.46818954  0.49555077  0.44830809  0.14602809  0.16367429  0.15922343  0.18174831  0.17718856  0.14168104  0.07934520  0.03673252  0.00000000  0.25371888  0.28984085  0.26386210  0.26898593  0.25877324  0.28984085  0.26898593  0.28457218  0.25877324  0.26386210  0.27934047  0.39165973  0.41006837  0.41630699  0.41006837  0.43534236  0.41630699  0.42259827  0.42259827  0.50255091  0.46150331  0.33901344  0.30587404  0.37369471  0.31675764  0.31129598  0.32780249  0.31675764  0.31129598  0.30587404  0.35039554  0.34468277  0.33338689  0.33901344  0.32225962  0.30049124  0.39774558  0.39774558  0.30587404  0.49555077  0.46150331  0.53122785  0.53857282  0.51675150  0.51675150  0.51675150  0.55348347  0.54599087  0.58423039  0.57642397  0.56869844  0.57642397  0.57642397  0.52395454  0.56869844  0.56869844  0.54599087  0.31675764  0.33338689  0.32780249  0.30587404  0.35615242  0.32225962  0.35039554  0.39165973  0.37369471  0.34468277  0.36195411  0.42894308  0.42894308  0.37963508  0.40388151  0.36780130  0.27934047  0.27414523  0.27934047  0.34468277  0.34468277  0.35039554  0.35039554  0.34468277  0.44179704  0.47493629  0.36780130  0.36780130  0.36195411  0.49555077  0.48861575  
70_0_0     0.36780130  0.36780130  0.41630699  0.38562316  0.22409185  0.24371181  0.31675764  0.34468277  0.21926648  0.48174464  0.46150331  0.48861575  0.49555077  0.23383729  0.28457218  0.28984085  0.28457218  0.28984085  0.23383729  0.24371181  0.24371181  0.25371888  0.00000000  0.21447215  0.22409185  0.21447215  0.19559732  0.27414523  0.20027142  0.23383729  0.24869856  0.24371181  0.23875820  0.33338689  0.36195411  0.34468277  0.34468277  0.35039554  0.34468277  0.35039554  0.33901344  0.48861575  0.47493629  0.35039554  0.31675764  0.33901344  0.36780130  0.37369471  0.36780130  0.36195411  0.35039554  0.35039554  0.31129598  0.31129598  0.29514703  0.28984085  0.28457218  0.28984085  0.33901344  0.31675764  0.27414523  0.52395454  0.52395454  0.55348347  0.56105214  0.55348347  0.56105214  0.56105214  0.54599087  0.55348347  0.64129145  0.54599087  0.53122785  0.53857282  0.53857282  0.53122785  0.53857282  0.53857282  0.51675150  0.31129598  0.31675764  0.31675764  0.31129598  0.35039554  0.31675764  0.32780249  0.34468277  0.36195411  0.37369471  0.33901344  0.41630699  0.41630699  0.36195411  0.42894308  0.33901344  0.31129598  0.33338689  0.33901344  0.35039554  0.37369471  0.38562316  0.36195411  0.32780249  0.44179704  0.42894308  0.32780249  0.32225962  0.33901344  0.45487651  0.46150331  
69_8_0     0.39774558  0.39774558  0.42894308  0.39774558  0.25877324  0.25877324  0.31675764  0.31129598  0.22409185  0.50961739  0.51675150  0.55348347  0.44830809  0.24371181  0.31675764  0.32225962  0.32780249  0.33338689  0.27414523  0.24869856  0.27934047  0.28984085  0.21447215  0.00000000  0.04430131  0.07934520  0.06356644  0.16815189  0.07934520  0.12454195  0.12031804  0.09140236  0.12031804  0.39774558  0.40388151  0.39774558  0.40388151  0.42894308  0.41006837  0.41630699  0.40388151  0.45487651  0.44830809  0.39774558  0.37369471  0.31675764  0.35615242  0.35615242  0.37963508  0.34468277  0.34468277  0.33901344  0.32780249  0.33338689  0.30049124  0.29514703  0.31129598  0.32225962  0.33901344  0.33901344  0.26898593  0.54599087  0.53857282  0.57642397  0.58423039  0.56105214  0.56869844  0.56869844  0.51675150  0.56869844  0.56869844  0.57642397  0.59211942  0.60009283  0.60009283  0.58423039  0.58423039  0.58423039  0.53122785  0.33901344  0.32225962  0.30049124  0.31129598  0.37369471  0.32780249  0.35039554  0.36780130  0.33901344  0.35615242  0.33338689  0.44179704  0.44179704  0.42894308  0.43534236  0.33338689  0.32225962  0.33338689  0.33901344  0.37369471  0.38562316  0.40388151  0.37369471  0.33901344  0.42894308  0.42894308  0.31129598  0.30587404  0.33901344  0.48861575  0.49555077  
69_9_0     0.41006837  0.41006837  0.41630699  0.39774558  0.26386210  0.24371181  0.28984085  0.29514703  0.25371888  0.53122785  0.52395454  0.56105214  0.44830809  0.23875820  0.30049124  0.29514703  0.32225962  0.30587404  0.25877324  0.23875820  0.25371888  0.26386210  0.22409185  0.04430131  0.00000000  0.07934520  0.06356644  0.15922343  0.07141407  0.12454195  0.11194135  0.09955018  0.11194135  0.39774558  0.41630699  0.41006837  0.40388151  0.42894308  0.42259827  0.42894308  0.41630699  0.42894308  0.42259827  0.41006837  0.37369471  0.33338689  0.36195411  0.36195411  0.38562316  0.36195411  0.36195411  0.35615242  0.34468277  0.35039554  0.31675764  0.31129598  0.30587404  0.31675764  0.32780249  0.33338689  0.27414523  0.52395454  0.51675150  0.54599087  0.55348347  0.53122785  0.55348347  0.55348347  0.54599087  0.55348347  0.59211942  0.59211942  0.60009283  0.60815243  0.60815243  0.57642397  0.57642397  0.57642397  0.56869844  0.33901344  0.35615242  0.31129598  0.32225962  0.35039554  0.33901344  0.36195411  0.37963508  0.36195411  0.36780130  0.36780130  0.44830809  0.43534236  0.43534236  0.44179704  0.33901344  0.33901344  0.35039554  0.35615242  0.35615242  0.35615242  0.37369471  0.35039554  0.31675764  0.40388151  0.41630699  0.35039554  0.34468277  0.36780130  0.48174464  0.48861575  
91_8_0     0.37963508  0.39165973  0.43534236  0.44179704  0.23875820  0.25877324  0.31675764  0.32225962  0.22894864  0.50255091  0.50961739  0.54599087  0.44830809  0.22409185  0.29514703  0.27934047  0.30049124  0.29514703  0.23383729  0.25371888  0.25877324  0.26898593  0.21447215  0.07934520  0.07934520  0.00000000  0.01447656  0.13735919  0.06747993  0.12031804  0.11611793  0.08736160  0.09955018  0.40388151  0.42259827  0.41630699  0.42259827  0.43534236  0.42894308  0.43534236  0.42259827  0.43534236  0.42894308  0.39774558  0.36195411  0.34468277  0.38562316  0.38562316  0.41006837  0.36195411  0.34468277  0.35039554  0.30049124  0.31675764  0.30587404  0.30049124  0.29514703  0.30587404  0.32780249  0.33901344  0.28457218  0.55348347  0.53122785  0.56105214  0.56869844  0.54599087  0.56105214  0.56105214  0.53122785  0.55348347  0.58423039  0.53122785  0.54599087  0.55348347  0.55348347  0.52395454  0.53857282  0.53857282  0.52395454  0.33901344  0.33338689  0.31129598  0.32225962  0.38562316  0.33901344  0.35615242  0.39774558  0.35615242  0.36195411  0.35039554  0.42894308  0.41630699  0.41006837  0.41006837  0.32225962  0.31129598  0.33338689  0.33901344  0.35039554  0.33901344  0.34468277  0.33338689  0.30049124  0.44830809  0.42259827  0.34468277  0.33901344  0.36195411  0.51675150  0.52395454  
65_8_0     0.37963508  0.39165973  0.42259827  0.42894308  0.22894864  0.24869856  0.31675764  0.32225962  0.21926648  0.50961739  0.51675150  0.55348347  0.44830809  0.21447215  0.28457218  0.26898593  0.28984085  0.28457218  0.22409185  0.24371181  0.24869856  0.25877324  0.19559732  0.06356644  0.06356644  0.01447656  0.00000000  0.12878993  0.05967338  0.11194135  0.10778804  0.07934520  0.09140236  0.39165973  0.41006837  0.40388151  0.41006837  0.42259827  0.41630699  0.42259827  0.41006837  0.42259827  0.41630699  0.38562316  0.35039554  0.33338689  0.38562316  0.38562316  0.41006837  0.36195411  0.34468277  0.35039554  0.28984085  0.30587404  0.28457218  0.27934047  0.28457218  0.29514703  0.31675764  0.31675764  0.27414523  0.53857282  0.51675150  0.54599087  0.55348347  0.54599087  0.56105214  0.56105214  0.51675150  0.53857282  0.56869844  0.53122785  0.54599087  0.55348347  0.55348347  0.52395454  0.52395454  0.52395454  0.50961739  0.33901344  0.34468277  0.32225962  0.33338689  0.37369471  0.35039554  0.36780130  0.41006837  0.36780130  0.37369471  0.36195411  0.42894308  0.41630699  0.41006837  0.41006837  0.32225962  0.31129598  0.33338689  0.33901344  0.33901344  0.33901344  0.35615242  0.33338689  0.30049124  0.44830809  0.43534236  0.34468277  0.33901344  0.36195411  0.50255091  0.50961739  
53_8_0     0.38562316  0.36780130  0.41630699  0.42894308  0.27934047  0.30049124  0.33338689  0.33901344  0.26386210  0.58423039  0.57642397  0.61630011  0.44830809  0.27414523  0.29514703  0.31675764  0.31129598  0.30587404  0.23875820  0.26386210  0.27934047  0.28984085  0.27414523  0.16815189  0.15922343  0.13735919  0.12878993  0.00000000  0.14168104  0.18174831  0.16815189  0.15922343  0.18174831  0.42259827  0.40388151  0.41006837  0.44179704  0.44179704  0.42259827  0.42894308  0.41630699  0.43534236  0.42894308  0.39165973  0.34468277  0.35615242  0.40388151  0.40388151  0.41006837  0.39165973  0.37369471  0.37963508  0.32225962  0.33901344  0.31675764  0.32225962  0.30049124  0.30049124  0.35039554  0.36195411  0.31675764  0.52395454  0.50961739  0.56105214  0.55348347  0.56105214  0.55348347  0.55348347  0.57642397  0.56105214  0.58423039  0.55348347  0.51675150  0.52395454  0.52395454  0.50961739  0.53857282  0.53857282  0.53122785  0.33338689  0.36195411  0.37369471  0.36195411  0.40388151  0.39165973  0.36780130  0.41006837  0.37369471  0.36780130  0.35039554  0.39165973  0.39165973  0.40388151  0.37369471  0.36195411  0.36780130  0.37963508  0.38562316  0.36195411  0.37963508  0.38562316  0.39774558  0.39165973  0.46818954  0.45487651  0.33338689  0.32780249  0.36195411  0.48174464  0.47493629  
79_8_0     0.39774558  0.41006837  0.43534236  0.42894308  0.23875820  0.24869856  0.29514703  0.30049124  0.22894864  0.53122785  0.52395454  0.56105214  0.48861575  0.23383729  0.29514703  0.28984085  0.31129598  0.29514703  0.23383729  0.24371181  0.26898593  0.26898593  0.20027142  0.07934520  0.07141407  0.06747993  0.05967338  0.14168104  0.00000000  0.10778804  0.09140236  0.08736160  0.10778804  0.40388151  0.42259827  0.41630699  0.41006837  0.42259827  0.42894308  0.42259827  0.42259827  0.40388151  0.38562316  0.36780130  0.32225962  0.33338689  0.37963508  0.37963508  0.39165973  0.36780130  0.36195411  0.35615242  0.30587404  0.31129598  0.30049124  0.29514703  0.30049124  0.31129598  0.31129598  0.31675764  0.28984085  0.52395454  0.50255091  0.52395454  0.53122785  0.50961739  0.53122785  0.53122785  0.56105214  0.51675150  0.59211942  0.57642397  0.54599087  0.55348347  0.55348347  0.53857282  0.52395454  0.52395454  0.53857282  0.33901344  0.36780130  0.32225962  0.33338689  0.37963508  0.33901344  0.35039554  0.37963508  0.36195411  0.37963508  0.35615242  0.41006837  0.41006837  0.39774558  0.40388151  0.32780249  0.36195411  0.38562316  0.39165973  0.39774558  0.39774558  0.40388151  0.39165973  0.35615242  0.46150331  0.44830809  0.34468277  0.33901344  0.35039554  0.49555077  0.50255091  
67_8_0     0.37963508  0.37963508  0.42259827  0.39165973  0.28457218  0.29514703  0.28457218  0.28457218  0.22409185  0.52395454  0.51675150  0.55348347  0.46150331  0.22894864  0.31129598  0.30587404  0.31129598  0.31675764  0.25877324  0.23875820  0.25877324  0.28457218  0.23383729  0.12454195  0.12454195  0.12031804  0.11194135  0.18174831  0.10778804  0.00000000  0.09546514  0.09955018  0.12031804  0.37963508  0.39774558  0.38562316  0.38562316  0.41006837  0.39165973  0.39774558  0.38562316  0.39165973  0.41006837  0.40388151  0.35615242  0.32225962  0.35039554  0.35039554  0.35039554  0.33901344  0.34468277  0.33901344  0.28984085  0.29514703  0.29514703  0.28984085  0.29514703  0.30587404  0.31129598  0.30049124  0.25877324  0.54599087  0.50961739  0.55348347  0.55348347  0.56105214  0.54599087  0.54599087  0.61630011  0.56105214  0.57642397  0.60815243  0.53857282  0.54599087  0.54599087  0.54599087  0.54599087  0.54599087  0.56105214  0.35039554  0.32780249  0.33338689  0.33338689  0.39774558  0.35039554  0.37369471  0.39165973  0.39165973  0.41006837  0.35615242  0.39774558  0.38562316  0.37369471  0.40388151  0.35039554  0.33901344  0.33901344  0.34468277  0.36195411  0.39165973  0.37963508  0.36780130  0.34468277  0.46150331  0.47493629  0.32780249  0.32225962  0.35039554  0.47493629  0.48174464  
