family_023 : -inf
family_100 : -inf
family_030 : -inf
family_082 : -inf
family_028 : -inf
family_007 : 0.0
family_032 : 0.111111
family_096 : 0.2
family_045 : 0.26087
family_061 : 0.266667
family_031 : 0.272727
family_050 : 0.272727
family_008 : 0.291667
family_078 : 0.294118
family_070 : 0.294118
family_009 : 0.294118
family_077 : 0.304348
family_006 : 0.307692
family_066 : 0.3125
family_025 : 0.318182
family_051 : 0.333333
family_073 : 0.333333
family_075 : 0.333333
family_058 : 0.333333
family_036 : 0.347826
family_088 : 0.347826
family_097 : 0.375
family_020 : 0.375
family_046 : 0.388889
family_012 : 0.4
family_024 : 0.4
family_043 : 0.411765
family_093 : 0.416667
family_019 : 0.428571
family_060 : 0.428571
family_017 : 0.444444
family_091 : 0.444444
family_094 : 0.454545
family_098 : 0.466667
family_003 : 0.47619
family_014 : 0.5
family_079 : 0.5
family_022 : 0.5
family_039 : 0.5
family_059 : 0.515152
family_064 : 0.533333
family_004 : 0.538462
family_010 : 0.541667
family_062 : 0.545455
family_069 : 0.545455
family_040 : 0.545455
family_013 : 0.555556
family_034 : 0.555556
family_081 : 0.555556
family_047 : 0.571429
family_002 : 0.576923
family_042 : 0.584615
family_095 : 0.588235
family_068 : 0.588235
family_083 : 0.611111
family_067 : 0.615385
family_029 : 0.625
family_057 : 0.625
family_005 : 0.62963
family_090 : 0.631579
family_037 : 0.641026
family_089 : 0.647059
family_038 : 0.657143
family_033 : 0.658537
family_027 : 0.666667
family_055 : 0.666667
family_053 : 0.666667
family_044 : 0.666667
family_072 : 0.666667
family_026 : 0.676471
family_099 : 0.683544
family_018 : 0.7
family_035 : 0.7
family_052 : 0.714286
family_048 : 0.714286
family_016 : 0.714286
family_074 : 0.714286
family_015 : 0.735294
family_085 : 0.747253
family_092 : 0.75
family_021 : 0.75
family_011 : 0.75
family_041 : 0.76087
family_001 : 0.783784
family_054 : 0.784314
family_049 : 0.794118
family_076 : 0.798742
family_084 : 0.8
family_065 : 0.8
family_071 : 0.8125
family_087 : 0.818182
family_063 : 0.84
family_080 : 0.860465
family_056 : 0.888889
family_086 : 1.0
