family_023 : -inf
family_100 : -inf
family_030 : -inf
family_082 : -inf
family_028 : -inf
family_025 : 0.181818
family_063 : 0.2
family_008 : 0.208333
family_059 : 0.212121
family_045 : 0.217391
family_078 : 0.235294
family_047 : 0.238095
family_048 : 0.238095
family_097 : 0.25
family_088 : 0.26087
family_077 : 0.26087
family_036 : 0.26087
family_070 : 0.294118
family_005 : 0.296296
family_092 : 0.309524
family_099 : 0.316456
family_001 : 0.324324
family_014 : 0.333333
family_051 : 0.333333
family_033 : 0.365854
family_054 : 0.372549
family_085 : 0.373626
family_019 : 0.380952
family_046 : 0.388889
family_042 : 0.4
family_052 : 0.4
family_041 : 0.413043
family_090 : 0.421053
family_076 : 0.427673
family_037 : 0.435897
family_015 : 0.441176
family_017 : 0.444444
family_087 : 0.454545
family_067 : 0.461538
family_080 : 0.465116
family_061 : 0.466667
family_009 : 0.470588
family_003 : 0.47619
family_010 : 0.5
family_007 : 0.5
family_002 : 0.5
family_049 : 0.5
family_038 : 0.514286
family_026 : 0.529412
family_071 : 0.5625
family_083 : 0.611111
family_027 : 0.641026
family_089 : 0.647059
family_018 : 0.7
family_021 : 0.708333
family_016 : 0.714286
family_096 : 0.8
family_043 : 0.823529
family_022 : 0.833333
family_064 : 0.866667
family_020 : 0.875
family_029 : 0.875
family_032 : 0.888889
family_035 : 0.9
family_093 : 0.916667
family_057 : 0.9375
family_068 : 0.941176
family_012 : 1.0
family_095 : 1.0
family_011 : 1.0
family_055 : 1.0
family_098 : 1.0
family_062 : 1.0
family_031 : 1.0
family_094 : 1.0
family_079 : 1.0
family_073 : 1.0
family_091 : 1.0
family_013 : 1.0
family_004 : 1.0
family_034 : 1.0
family_006 : 1.0
family_075 : 1.0
family_084 : 1.0
family_086 : 1.0
family_081 : 1.0
family_050 : 1.0
family_060 : 1.0
family_053 : 1.0
family_065 : 1.0
family_044 : 1.0
family_074 : 1.0
family_069 : 1.0
family_058 : 1.0
family_056 : 1.0
family_066 : 1.0
family_040 : 1.0
family_072 : 1.0
family_039 : 1.0
family_024 : 1.0
