family_064 : 0.0
family_012 : 0.0
family_011 : 0.0
family_020 : 0.0
family_055 : 0.0
family_098 : 0.0
family_089 : 0.0
family_062 : 0.0
family_031 : 0.0
family_094 : 0.0
family_009 : 0.0
family_073 : 0.0
family_091 : 0.0
family_038 : 0.0
family_013 : 0.0
family_046 : 0.0
family_007 : 0.0
family_070 : 0.0
family_002 : 0.0
family_006 : 0.0
family_029 : 0.0
family_075 : 0.0
family_086 : 0.0
family_081 : 0.0
family_088 : 0.0
family_050 : 0.0
family_019 : 0.0
family_060 : 0.0
family_093 : 0.0
family_065 : 0.0
family_078 : 0.0
family_069 : 0.0
family_058 : 0.0
family_032 : 0.0
family_066 : 0.0
family_072 : 0.0
family_022 : 0.0
family_051 : 0.0
family_077 : 0.0
family_036 : 0.0
family_008 : 0.0
family_083 : 0.0
family_061 : 0.0
family_067 : 0.019231
family_033 : 0.02439
family_014 : 0.041667
family_097 : 0.041667
family_045 : 0.043478
family_047 : 0.047619
family_048 : 0.047619
family_037 : 0.051282
family_090 : 0.052632
family_001 : 0.054054
family_017 : 0.055556
family_059 : 0.060606
family_080 : 0.069767
family_085 : 0.076923
family_063 : 0.08
family_035 : 0.1
family_084 : 0.1
family_018 : 0.1
family_044 : 0.111111
family_052 : 0.114286
family_095 : 0.117647
family_079 : 0.125
family_010 : 0.125
family_057 : 0.125
family_027 : 0.128205
family_025 : 0.136364
family_099 : 0.139241
family_074 : 0.142857
family_005 : 0.17284
family_043 : 0.176471
family_040 : 0.181818
family_092 : 0.190476
family_096 : 0.2
family_034 : 0.222222
family_004 : 0.230769
family_068 : 0.235294
family_021 : 0.25
family_039 : 0.25
family_041 : 0.26087
family_015 : 0.264706
family_071 : 0.28125
family_016 : 0.285714
family_003 : 0.285714
family_042 : 0.292308
family_076 : 0.320755
family_049 : 0.323529
family_087 : 0.345455
family_054 : 0.352941
family_026 : 0.382353
family_024 : 0.4
family_056 : 0.444444
family_053 : 0.666667
family_023 : inf
family_100 : inf
family_030 : inf
family_082 : inf
family_028 : inf
