fastme.f81 : 0.5152277946472168
ba.exp : 3.5053224563598633
pipeline_dl14976684177860080345 : 6.019427299499512
raxml.f81 : 51.97933316230774
generax-spr-undateddtl-r5.f81 : 96.71164417266846
pipeline : 154.76761531829834
