fastme.f81 : 0.5152277946472168
ba.exp : 31.885888814926147
pipeline_dl14976684177860080345 : 49.944727659225464
raxml.f81 : 51.97933316230774
generax-spr-undateddtl-r5.f81 : 96.71164417266846
pipeline : 154.76761531829834
