fastme.f81 : 0.4550182943105698
ba.exp : 3.441457427620888
raxml.f81 : 51.914462032848355
generax-spr-undateddtl-r5.f81 : 96.71181607246399
