20
1_0_0      0.00000000  0.02297893  0.00910579  0.48034551  0.40607686  0.40607686  0.43816512  0.34580958  0.35307897  0.36783642  0.34580958  0.33861119  0.33861119  0.35307897  0.34580958  0.34580958  0.44641030  0.51591879  0.48034551  0.54377275  
2_0_0      0.02297893  0.00000000  0.02297893  0.44641030  0.42194639  0.42194639  0.43816512  0.33861119  0.35307897  0.36783642  0.37532744  0.36783642  0.36783642  0.38289537  0.37532744  0.37532744  0.46318263  0.53437066  0.48034551  0.56294456  
3_0_0      0.00910579  0.02297893  0.00000000  0.46318263  0.40607686  0.40607686  0.43816512  0.35307897  0.35307897  0.38289537  0.36042076  0.35307897  0.35307897  0.36783642  0.36042076  0.36042076  0.46318263  0.51591879  0.48034551  0.54377275  
20_0_0     0.48034551  0.44641030  0.46318263  0.00000000  0.41396892  0.41396892  0.41396892  0.46318263  0.39054182  0.40607686  0.36783642  0.37532744  0.33861119  0.35307897  0.34580958  0.34580958  0.52508699  0.58262838  0.48034551  0.60285229  
9_0_0      0.40607686  0.42194639  0.40607686  0.41396892  0.00000000  0.00000000  0.01832547  0.28342292  0.27024816  0.25730475  0.31742843  0.29683746  0.31050066  0.30363740  0.29683746  0.29683746  0.49791757  0.50686323  0.55329633  0.50686323  
13_0_0     0.40607686  0.42194639  0.40607686  0.41396892  0.00000000  0.00000000  0.01832547  0.28342292  0.27024816  0.25730475  0.31742843  0.29683746  0.31050066  0.30363740  0.29683746  0.29683746  0.49791757  0.50686323  0.55329633  0.50686323  
7_0_0      0.43816512  0.43816512  0.43816512  0.41396892  0.01832547  0.01832547  0.00000000  0.27024816  0.25730475  0.24458471  0.33148242  0.31050066  0.32442193  0.31742843  0.31050066  0.31050066  0.49791757  0.50686323  0.53437066  0.50686323  
19_0_0     0.34580958  0.33861119  0.35307897  0.46318263  0.28342292  0.28342292  0.27024816  0.00000000  0.17829678  0.17829678  0.26374804  0.22590700  0.28342292  0.27024816  0.26374804  0.26374804  0.44641030  0.45474876  0.43816512  0.50686323  
18_0_0     0.35307897  0.35307897  0.35307897  0.39054182  0.27024816  0.27024816  0.25730475  0.17829678  0.00000000  0.02766194  0.23208047  0.22590700  0.32442193  0.30363740  0.29683746  0.29683746  0.56294456  0.55329633  0.54377275  0.55329633  
8_0_0      0.36783642  0.36783642  0.38289537  0.40607686  0.25730475  0.25730475  0.24458471  0.17829678  0.02766194  0.00000000  0.24458471  0.23830608  0.32442193  0.30363740  0.29683746  0.29683746  0.54377275  0.55329633  0.56294456  0.54377275  
17_0_0     0.34580958  0.37532744  0.36042076  0.36783642  0.31742843  0.31742843  0.33148242  0.26374804  0.23208047  0.24458471  0.00000000  0.03237490  0.13357609  0.11219372  0.11748144  0.11748144  0.46318263  0.46318263  0.45474876  0.47171412  
11_0_0     0.33861119  0.36783642  0.35307897  0.37532744  0.29683746  0.29683746  0.31050066  0.22590700  0.22590700  0.23830608  0.03237490  0.00000000  0.12817207  0.10694366  0.11219372  0.11219372  0.47171412  0.43001115  0.43001115  0.48034551  
5_0_0      0.33861119  0.36783642  0.35307897  0.33861119  0.31050066  0.31050066  0.32442193  0.28342292  0.32442193  0.32442193  0.13357609  0.12817207  0.00000000  0.03711819  0.03237490  0.03237490  0.40607686  0.46318263  0.39054182  0.43001115  
12_0_0     0.35307897  0.38289537  0.36783642  0.35307897  0.30363740  0.30363740  0.31742843  0.27024816  0.30363740  0.30363740  0.11219372  0.10694366  0.03711819  0.00000000  0.00453883  0.00453883  0.42194639  0.45474876  0.42194639  0.44641030  
4_0_0      0.34580958  0.37532744  0.36042076  0.34580958  0.29683746  0.29683746  0.31050066  0.26374804  0.29683746  0.29683746  0.11748144  0.11219372  0.03237490  0.00453883  0.00000000  0.00000000  0.41396892  0.46318263  0.41396892  0.43816512  
10_0_0     0.34580958  0.37532744  0.36042076  0.34580958  0.29683746  0.29683746  0.31050066  0.26374804  0.29683746  0.29683746  0.11748144  0.11219372  0.03237490  0.00453883  0.00000000  0.00000000  0.41396892  0.46318263  0.41396892  0.43816512  
6_0_0      0.44641030  0.46318263  0.46318263  0.52508699  0.49791757  0.49791757  0.49791757  0.44641030  0.56294456  0.54377275  0.46318263  0.47171412  0.40607686  0.42194639  0.41396892  0.41396892  0.00000000  0.15559733  0.18408258  0.32442193  
14_0_0     0.51591879  0.53437066  0.51591879  0.58262838  0.50686323  0.50686323  0.50686323  0.45474876  0.55329633  0.55329633  0.46318263  0.43001115  0.46318263  0.45474876  0.46318263  0.46318263  0.15559733  0.00000000  0.21371305  0.36783642  
15_0_0     0.48034551  0.48034551  0.48034551  0.48034551  0.55329633  0.55329633  0.53437066  0.43816512  0.54377275  0.56294456  0.45474876  0.43001115  0.39054182  0.42194639  0.41396892  0.41396892  0.18408258  0.21371305  0.00000000  0.38289537  
16_0_0     0.54377275  0.56294456  0.54377275  0.60285229  0.50686323  0.50686323  0.50686323  0.50686323  0.55329633  0.54377275  0.47171412  0.48034551  0.43001115  0.44641030  0.43816512  0.43816512  0.32442193  0.36783642  0.38289537  0.00000000  

