20
1_0_0      0.00000000  0.02765844  0.00910541  0.35972728  0.41303006  0.41303006  0.43710082  0.45359303  0.44530111  0.43710082  0.32386967  0.31690149  0.36711152  0.34517566  0.35241580  0.34517566  0.49650223  0.45359303  0.44530111  0.51438564  
2_0_0      0.02765844  0.00000000  0.01832394  0.33090391  0.38210418  0.38210418  0.40517692  0.47046014  0.46197866  0.45359303  0.34517566  0.33800547  0.38971566  0.38210418  0.38971566  0.38210418  0.49650223  0.48771959  0.47903968  0.53271073  
3_0_0      0.00910541  0.01832394  0.00000000  0.34517566  0.40517692  0.40517692  0.42899017  0.45359303  0.44530111  0.43710082  0.33090391  0.32386967  0.37456999  0.35241580  0.35972728  0.35241580  0.48771959  0.46197866  0.45359303  0.52349162  
20_0_0     0.35972728  0.33090391  0.34517566  0.00000000  0.34517566  0.34517566  0.35972728  0.34517566  0.35241580  0.35972728  0.29638116  0.29638116  0.38210418  0.36711152  0.36711152  0.35972728  0.53271073  0.56107588  0.53271073  0.61090239  
9_0_0      0.41303006  0.38210418  0.40517692  0.34517566  0.00000000  0.00000000  0.02765844  0.20151606  0.21348561  0.21348561  0.25696825  0.25696825  0.31690149  0.30999813  0.31690149  0.30999813  0.50539006  0.50539006  0.42096721  0.49650223  
13_0_0     0.41303006  0.38210418  0.40517692  0.34517566  0.00000000  0.00000000  0.02765844  0.20151606  0.21348561  0.21348561  0.25696825  0.25696825  0.31690149  0.30999813  0.31690149  0.30999813  0.50539006  0.50539006  0.42096721  0.49650223  
7_0_0      0.43710082  0.40517692  0.42899017  0.35972728  0.02765844  0.02765844  0.00000000  0.21954358  0.24428247  0.24428247  0.28300957  0.28300957  0.33090391  0.32386967  0.33090391  0.32386967  0.49650223  0.51438564  0.44530111  0.50539006  
19_0_0     0.45359303  0.47046014  0.45359303  0.34517566  0.20151606  0.20151606  0.21954358  0.00000000  0.14440377  0.14440377  0.18973652  0.18973652  0.32386967  0.28966524  0.29638116  0.28966524  0.46197866  0.48771959  0.47903968  0.43710082  
18_0_0     0.44530111  0.46197866  0.44530111  0.35241580  0.21348561  0.21348561  0.24428247  0.14440377  0.00000000  0.03711186  0.21954358  0.24428247  0.30999813  0.30315841  0.29638116  0.28966524  0.47903968  0.48771959  0.45359303  0.48771959  
8_0_0      0.43710082  0.45359303  0.43710082  0.35972728  0.21348561  0.21348561  0.24428247  0.14440377  0.03711186  0.00000000  0.23180993  0.24428247  0.29638116  0.27641306  0.28300957  0.27641306  0.49650223  0.50539006  0.48771959  0.47903968  
17_0_0     0.32386967  0.34517566  0.33090391  0.29638116  0.25696825  0.25696825  0.28300957  0.18973652  0.21954358  0.23180993  0.00000000  0.02297652  0.14440377  0.12809343  0.12273536  0.12809343  0.41303006  0.43710082  0.38210418  0.43710082  
11_0_0     0.31690149  0.33800547  0.32386967  0.29638116  0.25696825  0.25696825  0.28300957  0.18973652  0.24428247  0.24428247  0.02297652  0.00000000  0.14992121  0.12273536  0.12809343  0.13349048  0.42096721  0.41303006  0.38971566  0.42899017  
5_0_0      0.36711152  0.38971566  0.37456999  0.38210418  0.31690149  0.31690149  0.33090391  0.32386967  0.30999813  0.29638116  0.14440377  0.14992121  0.00000000  0.03237010  0.02765844  0.03237010  0.42899017  0.47903968  0.42899017  0.52349162  
12_0_0     0.34517566  0.38210418  0.35241580  0.36711152  0.30999813  0.30999813  0.32386967  0.28966524  0.30315841  0.27641306  0.12809343  0.12273536  0.03237010  0.00000000  0.00453874  0.00910541  0.40517692  0.43710082  0.40517692  0.54204582  
4_0_0      0.35241580  0.38971566  0.35972728  0.36711152  0.31690149  0.31690149  0.33090391  0.29638116  0.29638116  0.28300957  0.12273536  0.12809343  0.02765844  0.00453874  0.00000000  0.00453874  0.39740602  0.44530111  0.39740602  0.53271073  
10_0_0     0.34517566  0.38210418  0.35241580  0.35972728  0.30999813  0.30999813  0.32386967  0.28966524  0.28966524  0.27641306  0.12809343  0.13349048  0.03237010  0.00910541  0.00453874  0.00000000  0.40517692  0.43710082  0.38971566  0.52349162  
6_0_0      0.49650223  0.49650223  0.48771959  0.53271073  0.50539006  0.50539006  0.49650223  0.46197866  0.47903968  0.49650223  0.41303006  0.42096721  0.42899017  0.40517692  0.39740602  0.40517692  0.00000000  0.10688944  0.16672402  0.30999813  
14_0_0     0.45359303  0.48771959  0.46197866  0.56107588  0.50539006  0.50539006  0.51438564  0.48771959  0.48771959  0.50539006  0.43710082  0.41303006  0.47903968  0.43710082  0.44530111  0.43710082  0.10688944  0.00000000  0.17814106  0.28966524  
15_0_0     0.44530111  0.47903968  0.45359303  0.53271073  0.42096721  0.42096721  0.44530111  0.47903968  0.45359303  0.48771959  0.38210418  0.38971566  0.42899017  0.40517692  0.39740602  0.38971566  0.16672402  0.17814106  0.00000000  0.31690149  
16_0_0     0.51438564  0.53271073  0.52349162  0.61090239  0.49650223  0.49650223  0.50539006  0.43710082  0.48771959  0.47903968  0.43710082  0.42899017  0.52349162  0.54204582  0.53271073  0.52349162  0.30999813  0.28966524  0.31690149  0.00000000  

