20
17_0_0     0.00000000  0.02182211  0.12880700  0.10987411  0.10366866  0.10366866  0.30868675  0.30868675  0.30868675  0.26906546  0.27682282  0.27682282  0.28466186  0.28466186  0.26906546  0.25378913  0.35919560  0.35919560  0.37682323  0.31687049  
11_0_0     0.02182211  0.00000000  0.14170182  0.12244239  0.11613173  0.11613173  0.31687049  0.31687049  0.31687049  0.27682282  0.27682282  0.27682282  0.28466186  0.29258432  0.26906546  0.26906546  0.36795724  0.36795724  0.38579608  0.30868675  
5_0_0      0.12880700  0.14170182  0.00000000  0.01630632  0.02182211  0.02182211  0.18867832  0.18867832  0.18867832  0.20975546  0.23144677  0.24626693  0.23881997  0.25378913  0.25378913  0.24626693  0.42280974  0.42280974  0.42280974  0.41338238  
10_0_0     0.10987411  0.12244239  0.01630632  0.00000000  0.00539585  0.00539585  0.20975546  0.20975546  0.20975546  0.20266323  0.23881997  0.25378913  0.24626693  0.24626693  0.23144677  0.23881997  0.43235803  0.43235803  0.43235803  0.38579608  
12_0_0     0.10366866  0.11613173  0.02182211  0.00539585  0.00000000  0.00000000  0.21691590  0.21691590  0.21691590  0.20975546  0.23144677  0.24626693  0.23881997  0.25378913  0.23144677  0.24626693  0.42280974  0.42280974  0.42280974  0.37682323  
4_0_0      0.10366866  0.11613173  0.02182211  0.00539585  0.00000000  0.00000000  0.21691590  0.21691590  0.21691590  0.20975546  0.23144677  0.24626693  0.23881997  0.25378913  0.23144677  0.24626693  0.42280974  0.42280974  0.42280974  0.37682323  
3_0_0      0.30868675  0.31687049  0.18867832  0.20975546  0.21691590  0.21691590  0.00000000  0.00000000  0.00000000  0.07935153  0.23881997  0.25378913  0.23881997  0.25378913  0.25378913  0.20266323  0.41338238  0.41338238  0.39487841  0.39487841  
2_0_0      0.30868675  0.31687049  0.18867832  0.20975546  0.21691590  0.21691590  0.00000000  0.00000000  0.00000000  0.07935153  0.23881997  0.25378913  0.23881997  0.25378913  0.25378913  0.20266323  0.41338238  0.41338238  0.39487841  0.39487841  
1_0_0      0.30868675  0.31687049  0.18867832  0.20975546  0.21691590  0.21691590  0.00000000  0.00000000  0.00000000  0.07935153  0.23881997  0.25378913  0.23881997  0.25378913  0.25378913  0.20266323  0.41338238  0.41338238  0.39487841  0.39487841  
16_0_0     0.26906546  0.27682282  0.20975546  0.20266323  0.20975546  0.20975546  0.07935153  0.07935153  0.07935153  0.00000000  0.26138811  0.27682282  0.27682282  0.27682282  0.27682282  0.24626693  0.45183003  0.45183003  0.43235803  0.38579608  
8_0_0      0.27682282  0.27682282  0.23144677  0.23881997  0.23144677  0.23144677  0.23881997  0.23881997  0.23881997  0.26138811  0.00000000  0.02737907  0.07339436  0.10987411  0.10987411  0.10987411  0.45183003  0.45183003  0.47182506  0.41338238  
18_0_0     0.27682282  0.27682282  0.24626693  0.25378913  0.24626693  0.24626693  0.25378913  0.25378913  0.25378913  0.27682282  0.02737907  0.00000000  0.06748449  0.11613173  0.11613173  0.10366866  0.45183003  0.45183003  0.47182506  0.39487841  
20_0_0     0.28466186  0.28466186  0.23881997  0.24626693  0.23881997  0.23881997  0.23881997  0.23881997  0.23881997  0.27682282  0.07339436  0.06748449  0.00000000  0.10987411  0.10366866  0.07339436  0.47182506  0.47182506  0.47182506  0.41338238  
14_0_0     0.28466186  0.29258432  0.25378913  0.24626693  0.25378913  0.25378913  0.25378913  0.25378913  0.25378913  0.27682282  0.10987411  0.11613173  0.10987411  0.00000000  0.06748449  0.09141081  0.49237199  0.49237199  0.49237199  0.42280974  
6_0_0      0.26906546  0.26906546  0.25378913  0.23144677  0.23144677  0.23144677  0.25378913  0.25378913  0.25378913  0.27682282  0.10987411  0.11613173  0.10366866  0.06748449  0.00000000  0.09751451  0.46176042  0.46176042  0.46176042  0.42280974  
15_0_0     0.25378913  0.26906546  0.24626693  0.23881997  0.24626693  0.24626693  0.20266323  0.20266323  0.20266323  0.24626693  0.10987411  0.10366866  0.07339436  0.09141081  0.09751451  0.00000000  0.43235803  0.43235803  0.43235803  0.41338238  
13_0_0     0.35919560  0.36795724  0.42280974  0.43235803  0.42280974  0.42280974  0.41338238  0.41338238  0.41338238  0.45183003  0.45183003  0.45183003  0.47182506  0.49237199  0.46176042  0.43235803  0.00000000  0.00000000  0.02182211  0.11613173  
9_0_0      0.35919560  0.36795724  0.42280974  0.43235803  0.42280974  0.42280974  0.41338238  0.41338238  0.41338238  0.45183003  0.45183003  0.45183003  0.47182506  0.49237199  0.46176042  0.43235803  0.00000000  0.00000000  0.02182211  0.11613173  
7_0_0      0.37682323  0.38579608  0.42280974  0.43235803  0.42280974  0.42280974  0.39487841  0.39487841  0.39487841  0.43235803  0.47182506  0.47182506  0.47182506  0.49237199  0.46176042  0.43235803  0.02182211  0.02182211  0.00000000  0.12880700  
19_0_0     0.31687049  0.30868675  0.41338238  0.38579608  0.37682323  0.37682323  0.39487841  0.39487841  0.39487841  0.38579608  0.41338238  0.39487841  0.41338238  0.42280974  0.42280974  0.41338238  0.11613173  0.11613173  0.12880700  0.00000000  

