20
17_0_0     0.00000000  0.01640429  0.15547469  0.16286143  0.16286143  0.16286143  0.36820800  0.36820800  0.36820800  0.45188170  0.36679848  0.34409610  0.31828053  0.29780400  0.31653257  0.30404247  0.43014241  0.43014241  0.42110501  0.43014241  
11_0_0     0.01640429  0.00000000  0.15547469  0.16286143  0.16286143  0.16286143  0.33635341  0.33635341  0.33635341  0.41423530  0.33601621  0.33415839  0.29017400  0.28870500  0.28870500  0.31330999  0.43014241  0.43014241  0.42110501  0.43014241  
5_0_0      0.15547469  0.15547469  0.00000000  0.01640429  0.01640429  0.01640429  0.33635341  0.33635341  0.33635341  0.35735485  0.34606071  0.36460635  0.34812297  0.33601621  0.33601621  0.33239580  0.51890662  0.51890662  0.50875549  0.43014241  
10_0_0     0.16286143  0.16286143  0.01640429  0.00000000  0.00000000  0.00000000  0.32618527  0.32618527  0.32618527  0.34674007  0.33601621  0.35424244  0.33796938  0.32617622  0.32617622  0.32275869  0.51890662  0.51890662  0.49521813  0.41869473  
12_0_0     0.16286143  0.16286143  0.01640429  0.00000000  0.00000000  0.00000000  0.32618527  0.32618527  0.32618527  0.34674007  0.33601621  0.35424244  0.33796938  0.32617622  0.32617622  0.32275869  0.51890662  0.51890662  0.49521813  0.41869473  
4_0_0      0.16286143  0.16286143  0.01640429  0.00000000  0.00000000  0.00000000  0.32618527  0.32618527  0.32618527  0.34674007  0.33601621  0.35424244  0.33796938  0.32617622  0.32617622  0.32275869  0.51890662  0.51890662  0.49521813  0.41869473  
3_0_0      0.36820800  0.33635341  0.33635341  0.32618527  0.32618527  0.32618527  0.00000000  0.00000000  0.00000000  0.06241016  0.35631838  0.35424244  0.28115699  0.29780400  0.27977415  0.31330999  0.48538499  0.48538499  0.48886146  0.44739638  
2_0_0      0.36820800  0.33635341  0.33635341  0.32618527  0.32618527  0.32618527  0.00000000  0.00000000  0.00000000  0.06241016  0.35631838  0.35424244  0.28115699  0.29780400  0.27977415  0.31330999  0.48538499  0.48538499  0.48886146  0.44739638  
1_0_0      0.36820800  0.33635341  0.33635341  0.32618527  0.32618527  0.32618527  0.00000000  0.00000000  0.00000000  0.06241016  0.35631838  0.35424244  0.28115699  0.29780400  0.27977415  0.31330999  0.48538499  0.48538499  0.48886146  0.44739638  
16_0_0     0.45188170  0.41423530  0.35735485  0.34674007  0.34674007  0.34674007  0.06241016  0.06241016  0.06241016  0.00000000  0.40584052  0.40335644  0.34409610  0.36251663  0.34222897  0.40098562  0.51890662  0.51890662  0.52268297  0.47885392  
8_0_0      0.36679848  0.33601621  0.34606071  0.33601621  0.33601621  0.33601621  0.35631838  0.35631838  0.35631838  0.40584052  0.00000000  0.01633198  0.06272104  0.12014507  0.10670594  0.11889604  0.36699176  0.36699176  0.35864353  0.40335644  
18_0_0     0.34409610  0.33415839  0.36460635  0.35424244  0.35424244  0.35424244  0.35424244  0.35424244  0.35424244  0.40335644  0.01633198  0.00000000  0.08089930  0.10614864  0.10614864  0.11173553  0.38589384  0.38589384  0.37734056  0.41217724  
20_0_0     0.31828053  0.29017400  0.34812297  0.33796938  0.33796938  0.33796938  0.28115699  0.28115699  0.28115699  0.34409610  0.06272104  0.08089930  0.00000000  0.07504898  0.05069973  0.10614864  0.36888641  0.36888641  0.36052908  0.36251663  
14_0_0     0.29780400  0.28870500  0.33601621  0.32617622  0.32617622  0.32617622  0.29780400  0.29780400  0.29780400  0.36251663  0.12014507  0.10614864  0.07504898  0.00000000  0.02199849  0.10564739  0.38791580  0.38791580  0.37935106  0.37088543  
6_0_0      0.31653257  0.28870500  0.33601621  0.32617622  0.32617622  0.32617622  0.27977415  0.27977415  0.27977415  0.34222897  0.10670594  0.10614864  0.05069973  0.02199849  0.00000000  0.10564739  0.40978682  0.40978682  0.40098562  0.36052908  
15_0_0     0.30404247  0.31330999  0.33239580  0.32275869  0.32275869  0.32275869  0.31330999  0.31330999  0.31330999  0.40098562  0.11889604  0.11173553  0.10614864  0.10564739  0.10564739  0.00000000  0.39454865  0.39454865  0.38589384  0.37734056  
13_0_0     0.43014241  0.43014241  0.51890662  0.51890662  0.51890662  0.51890662  0.48538499  0.48538499  0.48538499  0.51890662  0.36699176  0.38589384  0.36888641  0.38791580  0.40978682  0.39454865  0.00000000  0.00000000  0.02751855  0.13251812  
9_0_0      0.43014241  0.43014241  0.51890662  0.51890662  0.51890662  0.51890662  0.48538499  0.48538499  0.48538499  0.51890662  0.36699176  0.38589384  0.36888641  0.38791580  0.40978682  0.39454865  0.00000000  0.00000000  0.02751855  0.13251812  
7_0_0      0.42110501  0.42110501  0.50875549  0.49521813  0.49521813  0.49521813  0.48886146  0.48886146  0.48886146  0.52268297  0.35864353  0.37734056  0.36052908  0.37935106  0.40098562  0.38589384  0.02751855  0.02751855  0.00000000  0.14022386  
19_0_0     0.43014241  0.43014241  0.43014241  0.41869473  0.41869473  0.41869473  0.44739638  0.44739638  0.44739638  0.47885392  0.40335644  0.41217724  0.36251663  0.37088543  0.36052908  0.37734056  0.13251812  0.13251812  0.14022386  0.00000000  

