20
16_0_0     0.00000000  0.58756634  0.63809949  0.62789259  0.68345516  0.68345516  0.61493263  0.63921733  0.74870009  0.78268086  0.76539624  0.76539624  0.80809567  0.73255364  0.73255364  0.70960265  0.70960265  0.70960265  0.69139873  0.74612617  
19_0_0     0.58756634  0.00000000  0.21880278  0.21998819  0.27248471  0.27248471  0.25690370  0.37019943  0.30810524  0.29161582  0.28357446  0.28357446  0.29648016  0.23312962  0.21880278  0.54150524  0.54150524  0.54150524  0.55817948  0.48654604  
8_0_0      0.63809949  0.21880278  0.00000000  0.00927617  0.10723995  0.10723995  0.07950425  0.40884705  0.31792534  0.27006587  0.26252441  0.26252441  0.26761287  0.23558389  0.24279507  0.52370515  0.52370515  0.52370515  0.58458749  0.52105611  
18_0_0     0.62789259  0.21998819  0.00927617  0.00000000  0.09644878  0.09644878  0.07450787  0.40129423  0.31125898  0.26377766  0.25629250  0.25629250  0.26132782  0.22956216  0.23672184  0.53879064  0.53879064  0.53879064  0.57508049  0.51234545  
13_0_0     0.68345516  0.27248471  0.10723995  0.09644878  0.00000000  0.00000000  0.04839387  0.37437628  0.32816561  0.26377766  0.27137882  0.27137882  0.27640917  0.24398759  0.25136259  0.59022819  0.59022819  0.59022819  0.53648529  0.52426687  
9_0_0      0.68345516  0.27248471  0.10723995  0.09644878  0.00000000  0.00000000  0.04839387  0.37437628  0.32816561  0.26377766  0.27137882  0.27137882  0.27640917  0.24398759  0.25136259  0.59022819  0.59022819  0.59022819  0.53648529  0.52426687  
7_0_0      0.61493263  0.25690370  0.07950425  0.07450787  0.04839387  0.04839387  0.00000000  0.36572221  0.29491577  0.24891987  0.24165643  0.24165643  0.24669642  0.26645387  0.27417730  0.56383539  0.56383539  0.56383539  0.58865132  0.52426687  
6_0_0      0.63921733  0.37019943  0.40884705  0.40129423  0.37437628  0.37437628  0.36572221  0.00000000  0.46368064  0.45350633  0.46368064  0.46368064  0.45959435  0.39962519  0.39962519  0.76836359  0.76836359  0.76836359  0.62073919  0.62073919  
5_0_0      0.74870009  0.30810524  0.31792534  0.31125898  0.32816561  0.32816561  0.29491577  0.46368064  0.00000000  0.05867323  0.05350662  0.05867323  0.06331371  0.23346727  0.23346727  0.62821419  0.62821419  0.62821419  0.59834459  0.58458749  
10_0_0     0.78268086  0.29161582  0.27006587  0.26377766  0.26377766  0.26377766  0.24891987  0.45350633  0.05867323  0.00000000  0.00463008  0.00930429  0.02824844  0.22646423  0.22646423  0.62821419  0.62821419  0.62821419  0.59834459  0.55817948  
12_0_0     0.76539624  0.28357446  0.26252441  0.25629250  0.27137882  0.27137882  0.24165643  0.46368064  0.05350662  0.00463008  0.00000000  0.00463008  0.02343767  0.22646423  0.22646423  0.62821419  0.62821419  0.62821419  0.61249874  0.57120577  
4_0_0      0.76539624  0.28357446  0.26252441  0.25629250  0.27137882  0.27137882  0.24165643  0.46368064  0.05867323  0.00930429  0.00463008  0.00000000  0.02824844  0.22646423  0.22646423  0.61386629  0.61386629  0.61386629  0.61249874  0.57120577  
14_0_0     0.80809567  0.29648016  0.26761287  0.26132782  0.27640917  0.27640917  0.24669642  0.45959435  0.06331371  0.02824844  0.02343767  0.02824844  0.00000000  0.21114166  0.22466166  0.64882244  0.64882244  0.64882244  0.60397703  0.56383539  
11_0_0     0.73255364  0.23312962  0.23558389  0.22956216  0.24398759  0.24398759  0.26645387  0.39962519  0.23346727  0.22646423  0.22646423  0.22646423  0.21114166  0.00000000  0.01878851  0.61179073  0.61179073  0.61179073  0.63844619  0.62388992  
17_0_0     0.73255364  0.21880278  0.24279507  0.23672184  0.25136259  0.25136259  0.27417730  0.39962519  0.23346727  0.22646423  0.22646423  0.22646423  0.22466166  0.01878851  0.00000000  0.57224658  0.57224658  0.57224658  0.63844619  0.62388992  
1_0_0      0.70960265  0.54150524  0.52370515  0.53879064  0.59022819  0.59022819  0.56383539  0.76836359  0.62821419  0.62821419  0.62821419  0.61386629  0.64882244  0.61179073  0.57224658  0.00000000  0.00000000  0.00000000  0.41060550  0.42977577  
3_0_0      0.70960265  0.54150524  0.52370515  0.53879064  0.59022819  0.59022819  0.56383539  0.76836359  0.62821419  0.62821419  0.62821419  0.61386629  0.64882244  0.61179073  0.57224658  0.00000000  0.00000000  0.00000000  0.41060550  0.42977577  
2_0_0      0.70960265  0.54150524  0.52370515  0.53879064  0.59022819  0.59022819  0.56383539  0.76836359  0.62821419  0.62821419  0.62821419  0.61386629  0.64882244  0.61179073  0.57224658  0.00000000  0.00000000  0.00000000  0.41060550  0.42977577  
15_0_0     0.69139873  0.55817948  0.58458749  0.57508049  0.53648529  0.53648529  0.58865132  0.62073919  0.59834459  0.59834459  0.61249874  0.61249874  0.60397703  0.63844619  0.63844619  0.41060550  0.41060550  0.41060550  0.00000000  0.06853413  
20_0_0     0.74612617  0.48654604  0.52105611  0.51234545  0.52426687  0.52426687  0.52426687  0.62073919  0.58458749  0.55817948  0.57120577  0.57120577  0.56383539  0.62388992  0.62388992  0.42977577  0.42977577  0.42977577  0.06853413  0.00000000  

