20
16_0_0     0.00000000  0.59414485  0.59414485  0.59414485  0.61480522  0.61480522  0.57403925  0.72763443  0.66909673  0.68044390  0.66909673  0.66909673  0.70366748  0.68044390  0.68044390  0.72763443  0.72763443  0.72763443  0.60440379  0.59414485  
19_0_0     0.59414485  0.00000000  0.16422682  0.16422682  0.19947368  0.19947368  0.18753943  0.43832905  0.26217643  0.20551289  0.19947368  0.19947368  0.22392840  0.15851034  0.15851034  0.53537849  0.53537849  0.53537849  0.47218236  0.52601732  
8_0_0      0.59414485  0.16422682  0.00000000  0.00000000  0.06746613  0.06746613  0.06746613  0.40594026  0.24920880  0.20551289  0.19947368  0.19947368  0.18753943  0.14720664  0.14720664  0.51677174  0.51677174  0.51677174  0.45506441  0.47218236  
18_0_0     0.59414485  0.16422682  0.00000000  0.00000000  0.06746613  0.06746613  0.06746613  0.40594026  0.24920880  0.20551289  0.19947368  0.19947368  0.18753943  0.14720664  0.14720664  0.51677174  0.51677174  0.51677174  0.45506441  0.47218236  
13_0_0     0.61480522  0.19947368  0.06746613  0.06746613  0.00000000  0.00000000  0.03780481  0.42195955  0.26874544  0.23646192  0.23016894  0.23016894  0.21773944  0.17579241  0.17579241  0.51677174  0.51677174  0.51677174  0.45506441  0.48970080  
9_0_0      0.61480522  0.19947368  0.06746613  0.06746613  0.00000000  0.00000000  0.03780481  0.42195955  0.26874544  0.23646192  0.23016894  0.23016894  0.21773944  0.17579241  0.17579241  0.51677174  0.51677174  0.51677174  0.45506441  0.48970080  
7_0_0      0.57403925  0.18753943  0.06746613  0.06746613  0.03780481  0.03780481  0.00000000  0.40594026  0.28205892  0.22392840  0.21773944  0.21773944  0.21773944  0.18753943  0.18753943  0.54485816  0.54485816  0.54485816  0.44664998  0.46357447  
6_0_0      0.72763443  0.43832905  0.40594026  0.40594026  0.42195955  0.42195955  0.40594026  0.00000000  0.46357447  0.39025649  0.39805731  0.39805731  0.43009957  0.38253610  0.38253610  0.73991185  0.73991185  0.73991185  0.69196566  0.68044390  
5_0_0      0.66909673  0.26217643  0.24920880  0.24920880  0.26874544  0.26874544  0.28205892  0.46357447  0.00000000  0.07252596  0.06746613  0.06746613  0.06746613  0.21160121  0.21160121  0.55445939  0.55445939  0.55445939  0.56418532  0.60440379  
10_0_0     0.68044390  0.20551289  0.20551289  0.20551289  0.23646192  0.23646192  0.22392840  0.39025649  0.07252596  0.00000000  0.00462253  0.00462253  0.03297351  0.18753943  0.18753943  0.55445939  0.55445939  0.55445939  0.51677174  0.55445939  
12_0_0     0.66909673  0.19947368  0.19947368  0.19947368  0.23016894  0.23016894  0.21773944  0.39805731  0.06746613  0.00462253  0.00000000  0.00000000  0.02817318  0.18164288  0.18164288  0.54485816  0.54485816  0.54485816  0.50763892  0.54485816  
4_0_0      0.66909673  0.19947368  0.19947368  0.19947368  0.23016894  0.23016894  0.21773944  0.39805731  0.06746613  0.00462253  0.00000000  0.00000000  0.02817318  0.18164288  0.18164288  0.54485816  0.54485816  0.54485816  0.50763892  0.54485816  
14_0_0     0.70366748  0.22392840  0.18753943  0.18753943  0.21773944  0.21773944  0.21773944  0.43009957  0.06746613  0.03297351  0.02817318  0.02817318  0.00000000  0.18164288  0.18164288  0.51677174  0.51677174  0.51677174  0.50763892  0.54485816  
11_0_0     0.68044390  0.15851034  0.14720664  0.14720664  0.17579241  0.17579241  0.18753943  0.38253610  0.21160121  0.18753943  0.18164288  0.18164288  0.18164288  0.00000000  0.00000000  0.55445939  0.55445939  0.55445939  0.48089035  0.49861614  
17_0_0     0.68044390  0.15851034  0.14720664  0.14720664  0.17579241  0.17579241  0.18753943  0.38253610  0.21160121  0.18753943  0.18164288  0.18164288  0.18164288  0.00000000  0.00000000  0.55445939  0.55445939  0.55445939  0.48089035  0.49861614  
1_0_0      0.72763443  0.53537849  0.51677174  0.51677174  0.51677174  0.51677174  0.54485816  0.73991185  0.55445939  0.55445939  0.54485816  0.54485816  0.51677174  0.55445939  0.55445939  0.00000000  0.00000000  0.00000000  0.47218236  0.51677174  
3_0_0      0.72763443  0.53537849  0.51677174  0.51677174  0.51677174  0.51677174  0.54485816  0.73991185  0.55445939  0.55445939  0.54485816  0.54485816  0.51677174  0.55445939  0.55445939  0.00000000  0.00000000  0.00000000  0.47218236  0.51677174  
2_0_0      0.72763443  0.53537849  0.51677174  0.51677174  0.51677174  0.51677174  0.54485816  0.73991185  0.55445939  0.55445939  0.54485816  0.54485816  0.51677174  0.55445939  0.55445939  0.00000000  0.00000000  0.00000000  0.47218236  0.51677174  
15_0_0     0.60440379  0.47218236  0.45506441  0.45506441  0.45506441  0.45506441  0.44664998  0.69196566  0.56418532  0.51677174  0.50763892  0.50763892  0.50763892  0.48089035  0.48089035  0.47218236  0.47218236  0.47218236  0.00000000  0.07252596  
20_0_0     0.59414485  0.52601732  0.47218236  0.47218236  0.48970080  0.48970080  0.46357447  0.68044390  0.60440379  0.55445939  0.54485816  0.54485816  0.54485816  0.49861614  0.49861614  0.51677174  0.51677174  0.51677174  0.07252596  0.00000000  

