20
16_0_0     0.00000000  0.63171247  0.51169390  0.52295132  0.53180980  0.53180980  0.56763070  0.74666634  0.67683568  0.61754331  0.60761509  0.60761509  0.57732300  0.60376936  0.60376936  0.84828318  0.82716887  0.80692039  0.66295378  0.66295378  
19_0_0     0.63171247  0.00000000  0.12284149  0.12867249  0.13994970  0.13994970  0.12814898  0.32207498  0.17635671  0.18771204  0.18201132  0.18201132  0.18279472  0.14186498  0.14186498  0.54313458  0.53119050  0.51952849  0.40421557  0.37693389  
8_0_0      0.51169390  0.12284149  0.00000000  0.00462993  0.05323648  0.05323648  0.05323648  0.33845692  0.22820077  0.26968413  0.27865611  0.27865611  0.23528378  0.16518273  0.16518273  0.54346378  0.53180980  0.52042451  0.41000391  0.40074409  
18_0_0     0.52295132  0.12867249  0.00462993  0.00000000  0.04815426  0.04815426  0.04815426  0.33845692  0.22820077  0.26968413  0.27865611  0.27865611  0.23528378  0.15890716  0.15890716  0.55539943  0.54346378  0.53180980  0.41944068  0.41000391  
13_0_0     0.53180980  0.13994970  0.05323648  0.04815426  0.00000000  0.00000000  0.01878600  0.37127873  0.25594000  0.26845814  0.27731260  0.27731260  0.24859437  0.14595751  0.14595751  0.57702940  0.56464703  0.55256754  0.42717460  0.41764814  
9_0_0      0.53180980  0.13994970  0.05323648  0.04815426  0.00000000  0.00000000  0.01878600  0.37127873  0.25594000  0.26845814  0.27731260  0.27731260  0.24859437  0.14595751  0.14595751  0.57702940  0.56464703  0.55256754  0.42717460  0.41764814  
7_0_0      0.56763070  0.12814898  0.05323648  0.04815426  0.01878600  0.01878600  0.00000000  0.37127873  0.27096739  0.29945675  0.29293242  0.29293242  0.26339654  0.14595751  0.14595751  0.60276636  0.58973024  0.57702940  0.41764814  0.42717460  
6_0_0      0.74666634  0.32207498  0.33845692  0.33845692  0.37127873  0.37127873  0.37127873  0.00000000  0.42966780  0.44535583  0.46879953  0.46879953  0.47145799  0.41002811  0.41002811  0.77786363  0.79585568  0.77786363  0.63285294  0.60681132  
5_0_0      0.67683568  0.17635671  0.22820077  0.22820077  0.25594000  0.25594000  0.27096739  0.42966780  0.00000000  0.05302363  0.05837155  0.05837155  0.05864807  0.20942033  0.20942033  0.51419842  0.50306603  0.49217907  0.50786802  0.44888370  
10_0_0     0.61754331  0.18771204  0.26968413  0.26968413  0.26845814  0.26845814  0.29945675  0.44535583  0.05302363  0.00000000  0.01397186  0.01397186  0.03310364  0.19423382  0.19423382  0.56142111  0.54918541  0.53724555  0.45332740  0.43887305  
12_0_0     0.60761509  0.18201132  0.27865611  0.27865611  0.27731260  0.27731260  0.29293242  0.46879953  0.05837155  0.01397186  0.00000000  0.00000000  0.02833276  0.18849094  0.18849094  0.59648401  0.58344287  0.57073726  0.46138651  0.44679720  
4_0_0      0.60761509  0.18201132  0.27865611  0.27865611  0.27731260  0.27731260  0.29293242  0.46879953  0.05837155  0.01397186  0.00000000  0.00000000  0.02833276  0.18849094  0.18849094  0.59648401  0.58344287  0.57073726  0.46138651  0.44679720  
14_0_0     0.57732300  0.18279472  0.23528378  0.23528378  0.24859437  0.24859437  0.26339654  0.47145799  0.05864807  0.03310364  0.02833276  0.02833276  0.00000000  0.17635671  0.17635671  0.57396767  0.56142111  0.54918541  0.45332740  0.45910147  
11_0_0     0.60376936  0.14186498  0.16518273  0.15890716  0.14595751  0.14595751  0.14595751  0.41002811  0.20942033  0.19423382  0.18849094  0.18849094  0.17635671  0.00000000  0.00000000  0.61364131  0.62760718  0.61364131  0.45910147  0.42906129  
17_0_0     0.60376936  0.14186498  0.16518273  0.15890716  0.14595751  0.14595751  0.14595751  0.41002811  0.20942033  0.19423382  0.18849094  0.18849094  0.17635671  0.00000000  0.00000000  0.61364131  0.62760718  0.61364131  0.45910147  0.42906129  
1_0_0      0.84828318  0.54313458  0.54346378  0.55539943  0.57702940  0.57702940  0.60276636  0.77786363  0.51419842  0.56142111  0.59648401  0.59648401  0.57396767  0.61364131  0.61364131  0.00000000  0.00462993  0.00930368  0.64400075  0.60015528  
3_0_0      0.82716887  0.53119050  0.53180980  0.54346378  0.56464703  0.56464703  0.58973024  0.79585568  0.50306603  0.54918541  0.58344287  0.58344287  0.56142111  0.62760718  0.62760718  0.00462993  0.00000000  0.00462993  0.62894891  0.58636448  
2_0_0      0.80692039  0.51952849  0.52042451  0.53180980  0.55256754  0.55256754  0.57702940  0.77786363  0.49217907  0.53724555  0.57073726  0.57073726  0.54918541  0.61364131  0.61364131  0.00930368  0.00462993  0.00000000  0.64400075  0.60015528  
15_0_0     0.66295378  0.40421557  0.41000391  0.41944068  0.42717460  0.42717460  0.41764814  0.63285294  0.50786802  0.45332740  0.46138651  0.46138651  0.45332740  0.45910147  0.45910147  0.64400075  0.62894891  0.64400075  0.00000000  0.07910959  
20_0_0     0.66295378  0.37693389  0.40074409  0.41000391  0.41764814  0.41764814  0.42717460  0.60681132  0.44888370  0.43887305  0.44679720  0.44679720  0.45910147  0.42906129  0.42906129  0.60015528  0.58636448  0.60015528  0.07910959  0.00000000  

