20
7_0_0      0.00000000  0.26491287  0.34691058  0.34691058  0.31301790  0.29663433  0.24954605  0.29663433  0.30478095  0.25718973  0.28857608  0.27271716  0.36445500  0.35563100  0.34691058  0.41021919  0.42934457  0.43909514  0.39157386  0.39157386  
5_0_0      0.26491287  0.00000000  0.13036279  0.14343167  0.12391357  0.11751985  0.11118069  0.16347646  0.33829135  0.21973435  0.26491287  0.28060430  0.41972034  0.40083803  0.39157386  0.47942992  0.46913906  0.45898881  0.39157386  0.40083803  
2_0_0      0.34691058  0.13036279  0.00000000  0.01094987  0.10489517  0.09866239  0.21973435  0.28060430  0.36445500  0.32134721  0.35563100  0.34691058  0.41021919  0.43909514  0.42934457  0.53313776  0.44897538  0.43909514  0.42934457  0.43909514  
12_0_0     0.34691058  0.14343167  0.01094987  0.00000000  0.09248146  0.08635154  0.21973435  0.28060430  0.34691058  0.30478095  0.33829135  0.32977097  0.41021919  0.43909514  0.42934457  0.53313776  0.44897538  0.43909514  0.42934457  0.43909514  
11_0_0     0.31301790  0.12391357  0.10489517  0.09248146  0.00000000  0.01648593  0.19107298  0.24954605  0.36445500  0.24198022  0.28060430  0.30478095  0.41021919  0.39157386  0.38242380  0.53313776  0.42934457  0.43909514  0.41021919  0.41972034  
4_0_0      0.29663433  0.11751985  0.09866239  0.08635154  0.01648593  0.00000000  0.19107298  0.24198022  0.35563100  0.23449067  0.28060430  0.29663433  0.42934457  0.39157386  0.38242380  0.51118652  0.42934457  0.43909514  0.42934457  0.43909514  
1_0_0      0.24954605  0.11118069  0.21973435  0.21973435  0.19107298  0.19107298  0.00000000  0.06825954  0.31301790  0.25718973  0.25718973  0.25718973  0.34691058  0.43909514  0.42934457  0.44897538  0.45898881  0.44897538  0.39157386  0.42934457  
8_0_0      0.29663433  0.16347646  0.28060430  0.28060430  0.24954605  0.24198022  0.06825954  0.00000000  0.34691058  0.27271716  0.27271716  0.27271716  0.41972034  0.48986534  0.47942992  0.51118652  0.52208106  0.52208106  0.47942992  0.47942992  
10_0_0     0.30478095  0.33829135  0.36445500  0.34691058  0.36445500  0.35563100  0.31301790  0.34691058  0.00000000  0.28857608  0.32977097  0.31301790  0.39157386  0.41021919  0.41972034  0.44897538  0.51118652  0.50044944  0.46913906  0.44897538  
3_0_0      0.25718973  0.21973435  0.32134721  0.30478095  0.24198022  0.23449067  0.25718973  0.27271716  0.28857608  0.00000000  0.05643845  0.11751985  0.40083803  0.40083803  0.41021919  0.50044944  0.48986534  0.50044944  0.44897538  0.43909514  
6_0_0      0.28857608  0.26491287  0.35563100  0.33829135  0.28060430  0.28060430  0.25718973  0.27271716  0.32977097  0.05643845  0.00000000  0.15673459  0.41972034  0.41972034  0.42934457  0.48986534  0.53313776  0.54436152  0.48986534  0.47942992  
9_0_0      0.27271716  0.28060430  0.34691058  0.32977097  0.30478095  0.29663433  0.25718973  0.27271716  0.31301790  0.11751985  0.15673459  0.00000000  0.34691058  0.36445500  0.37338507  0.45898881  0.44897538  0.45898881  0.43909514  0.43909514  
20_0_0     0.36445500  0.41972034  0.41021919  0.41021919  0.41021919  0.42934457  0.34691058  0.41972034  0.39157386  0.40083803  0.41972034  0.34691058  0.00000000  0.13036279  0.13686849  0.18407715  0.21246467  0.20526545  0.17028008  0.18407715  
19_0_0     0.35563100  0.40083803  0.43909514  0.43909514  0.39157386  0.39157386  0.43909514  0.48986534  0.41021919  0.40083803  0.41972034  0.36445500  0.13036279  0.00000000  0.00545476  0.15673459  0.16347646  0.17028008  0.17028008  0.17028008  
13_0_0     0.34691058  0.39157386  0.42934457  0.42934457  0.38242380  0.38242380  0.42934457  0.47942992  0.41972034  0.41021919  0.42934457  0.37338507  0.13686849  0.00545476  0.00000000  0.16347646  0.15673459  0.16347646  0.16347646  0.16347646  
16_0_0     0.41021919  0.47942992  0.53313776  0.53313776  0.53313776  0.51118652  0.44897538  0.51118652  0.44897538  0.50044944  0.48986534  0.45898881  0.18407715  0.15673459  0.16347646  0.00000000  0.28060430  0.27271716  0.21973435  0.24198022  
15_0_0     0.42934457  0.46913906  0.44897538  0.44897538  0.42934457  0.42934457  0.45898881  0.52208106  0.51118652  0.48986534  0.53313776  0.44897538  0.21246467  0.16347646  0.15673459  0.28060430  0.00000000  0.00545476  0.09248146  0.09248146  
17_0_0     0.43909514  0.45898881  0.43909514  0.43909514  0.43909514  0.43909514  0.44897538  0.52208106  0.50044944  0.50044944  0.54436152  0.45898881  0.20526545  0.17028008  0.16347646  0.27271716  0.00545476  0.00000000  0.08635154  0.08635154  
18_0_0     0.39157386  0.39157386  0.42934457  0.42934457  0.41021919  0.42934457  0.39157386  0.47942992  0.46913906  0.44897538  0.48986534  0.43909514  0.17028008  0.17028008  0.16347646  0.21973435  0.09248146  0.08635154  0.00000000  0.03334604  
14_0_0     0.39157386  0.40083803  0.43909514  0.43909514  0.41972034  0.43909514  0.42934457  0.47942992  0.44897538  0.43909514  0.47942992  0.43909514  0.18407715  0.17028008  0.16347646  0.24198022  0.09248146  0.08635154  0.03334604  0.00000000  

