18
11_0_0     0.00000000  0.01464068  0.06043945  0.03972381  0.08176914  0.08720182  0.48463124  0.51362739  0.52355835  0.50383162  0.49416739  0.51362739  0.48463124  0.52355835  0.47521979  0.47521979  0.47521979  0.47521979  
6_0_0      0.01464068  0.00000000  0.05520437  0.03463676  0.08720182  0.09267583  0.50383162  0.53362827  0.54384111  0.52355835  0.49416739  0.52355835  0.50383162  0.52355835  0.49416739  0.49416739  0.49416739  0.49416739  
17_0_0     0.06043945  0.05520437  0.00000000  0.02958541  0.12642424  0.13220612  0.54384111  0.56471215  0.57537914  0.54384111  0.51362739  0.55420097  0.52355835  0.52355835  0.53362827  0.53362827  0.52355835  0.52355835  
14_0_0     0.03972381  0.03463676  0.02958541  0.00000000  0.10375038  0.10935222  0.53362827  0.54384111  0.55420097  0.53362827  0.50383162  0.54384111  0.49416739  0.52355835  0.52355835  0.52355835  0.51362739  0.51362739  
5_0_0      0.08176914  0.08720182  0.12642424  0.10375038  0.00000000  0.05000710  0.46592985  0.46592985  0.47521979  0.47521979  0.46592985  0.55420097  0.44770217  0.46592985  0.48463124  0.48463124  0.46592985  0.46592985  
5_5_0      0.08720182  0.09267583  0.13220612  0.10935222  0.05000710  0.00000000  0.46592985  0.43875859  0.44770217  0.47521979  0.46592985  0.52355835  0.45675830  0.47521979  0.47521979  0.47521979  0.45675830  0.45675830  
3_0_0      0.48463124  0.50383162  0.54384111  0.53362827  0.46592985  0.46592985  0.00000000  0.17403469  0.17403469  0.24511028  0.25193379  0.28705698  0.21193071  0.30898434  0.22501954  0.23835085  0.21193071  0.21193071  
1_0_0      0.51362739  0.53362827  0.56471215  0.54384111  0.46592985  0.43875859  0.17403469  0.00000000  0.01464068  0.19907569  0.21844537  0.18644628  0.19907569  0.21844537  0.21193071  0.22501954  0.21844537  0.21844537  
2_0_0      0.52355835  0.54384111  0.57537914  0.55420097  0.47521979  0.44770217  0.17403469  0.01464068  0.00000000  0.18021372  0.19907569  0.18021372  0.19273328  0.19907569  0.19273328  0.20547449  0.19907569  0.19907569  
2_1_0      0.50383162  0.52355835  0.54384111  0.53362827  0.47521979  0.47521979  0.24511028  0.19907569  0.18021372  0.00000000  0.01464068  0.19273328  0.13220612  0.19907569  0.16183354  0.17403469  0.15580967  0.15580967  
1_1_0      0.49416739  0.49416739  0.51362739  0.50383162  0.46592985  0.46592985  0.25193379  0.21844537  0.19907569  0.01464068  0.00000000  0.21193071  0.13803483  0.21193071  0.18021372  0.19273328  0.17403469  0.17403469  
3_1_0      0.51362739  0.52355835  0.55420097  0.54384111  0.55420097  0.52355835  0.28705698  0.18644628  0.18021372  0.19273328  0.21193071  0.00000000  0.18644628  0.21844537  0.18021372  0.19273328  0.19907569  0.19907569  
3_4_0      0.48463124  0.50383162  0.52355835  0.49416739  0.44770217  0.45675830  0.21193071  0.19907569  0.19273328  0.13220612  0.13803483  0.18644628  0.00000000  0.18644628  0.14391113  0.14983581  0.16183354  0.16183354  
3_2_0      0.52355835  0.52355835  0.52355835  0.52355835  0.46592985  0.47521979  0.30898434  0.21844537  0.19907569  0.19907569  0.21193071  0.21844537  0.18644628  0.00000000  0.13220612  0.14391113  0.14983581  0.14983581  
2_3_0      0.47521979  0.49416739  0.53362827  0.52355835  0.48463124  0.47521979  0.22501954  0.21193071  0.19273328  0.16183354  0.18021372  0.18021372  0.14391113  0.13220612  0.00000000  0.00972728  0.02456927  0.02456927  
1_3_0      0.47521979  0.49416739  0.53362827  0.52355835  0.48463124  0.47521979  0.23835085  0.22501954  0.20547449  0.17403469  0.19273328  0.19273328  0.14983581  0.14391113  0.00972728  0.00000000  0.03463676  0.03463676  
2_2_0      0.47521979  0.49416739  0.52355835  0.51362739  0.46592985  0.45675830  0.21193071  0.21844537  0.19907569  0.15580967  0.17403469  0.19907569  0.16183354  0.14983581  0.02456927  0.03463676  0.00000000  0.00000000  
1_2_0      0.47521979  0.49416739  0.52355835  0.51362739  0.46592985  0.45675830  0.21193071  0.21844537  0.19907569  0.15580967  0.17403469  0.19907569  0.16183354  0.14983581  0.02456927  0.03463676  0.00000000  0.00000000  

