20
14_0_0     0.00000000  0.05374650  0.22770638  0.20883858  0.20381991  0.20381991  0.20381991  0.19708706  0.19708706  0.19708706  0.19708706  0.17389373  0.21396296  0.21396296  0.19797087  0.19128308  0.14683482  0.14683482  0.14683482  0.15294590  
20_0_0     0.05374650  0.00000000  0.18697015  0.17544396  0.19128308  0.19128308  0.19128308  0.19797087  0.19128308  0.19128308  0.19797087  0.13835565  0.15688353  0.15688353  0.15235441  0.15235441  0.13435287  0.13435287  0.13435287  0.14028110  
15_0_0     0.22770638  0.18697015  0.00000000  0.07449606  0.16206761  0.16206761  0.16206761  0.16206761  0.17436263  0.17436263  0.15603252  0.19686915  0.14947647  0.14947647  0.12714074  0.13286282  0.12773096  0.12773096  0.12773096  0.13352030  
16_0_0     0.20883858  0.17544396  0.07449606  0.00000000  0.17544396  0.17544396  0.17544396  0.16299350  0.17544396  0.17544396  0.16917967  0.17277847  0.15006997  0.15006997  0.12148392  0.12714074  0.13435287  0.13435287  0.13435287  0.12849465  
3_0_0      0.20381991  0.19128308  0.16206761  0.17544396  0.00000000  0.00000000  0.00000000  0.06347398  0.08466105  0.08466105  0.06347398  0.19868991  0.17436263  0.17436263  0.15643494  0.15643494  0.14530572  0.14530572  0.14530572  0.15130512  
2_0_0      0.20381991  0.19128308  0.16206761  0.17544396  0.00000000  0.00000000  0.00000000  0.06347398  0.08466105  0.08466105  0.06347398  0.19868991  0.17436263  0.17436263  0.15643494  0.15643494  0.14530572  0.14530572  0.14530572  0.15130512  
1_0_0      0.20381991  0.19128308  0.16206761  0.17544396  0.00000000  0.00000000  0.00000000  0.06347398  0.08466105  0.08466105  0.06347398  0.19868991  0.17436263  0.17436263  0.15643494  0.15643494  0.14530572  0.14530572  0.14530572  0.15130512  
19_0_0     0.19708706  0.19797087  0.16206761  0.16299350  0.06347398  0.06347398  0.06347398  0.00000000  0.01896251  0.01896251  0.00467311  0.18697015  0.18178836  0.18178836  0.13937801  0.13937801  0.12849465  0.12849465  0.12849465  0.13435287  
13_0_0     0.19708706  0.19128308  0.17436263  0.17544396  0.08466105  0.08466105  0.08466105  0.01896251  0.00000000  0.00000000  0.02381860  0.18062634  0.17544396  0.17544396  0.13937801  0.13937801  0.11698177  0.11698177  0.11698177  0.12270481  
9_0_0      0.19708706  0.19128308  0.17436263  0.17544396  0.08466105  0.08466105  0.08466105  0.01896251  0.00000000  0.00000000  0.02381860  0.18062634  0.17544396  0.17544396  0.13937801  0.13937801  0.11698177  0.11698177  0.11698177  0.12270481  
6_0_0      0.19708706  0.19797087  0.15603252  0.16917967  0.06347398  0.06347398  0.06347398  0.00467311  0.02381860  0.02381860  0.00000000  0.19339614  0.17544396  0.17544396  0.13352030  0.13352030  0.13435287  0.13435287  0.13435287  0.14028110  
7_0_0      0.17389373  0.13835565  0.19686915  0.17277847  0.19868991  0.19868991  0.19868991  0.18697015  0.18062634  0.18062634  0.19339614  0.00000000  0.08466105  0.08466105  0.10489049  0.10489049  0.09975631  0.09975631  0.09975631  0.09434583  
8_0_0      0.21396296  0.15688353  0.14947647  0.15006997  0.17436263  0.17436263  0.17436263  0.18178836  0.17544396  0.17544396  0.17544396  0.08466105  0.00000000  0.00000000  0.08899372  0.08899372  0.10080396  0.10080396  0.10080396  0.09527192  
18_0_0     0.21396296  0.15688353  0.14947647  0.15006997  0.17436263  0.17436263  0.17436263  0.18178836  0.17544396  0.17544396  0.17544396  0.08466105  0.00000000  0.00000000  0.08899372  0.08899372  0.10080396  0.10080396  0.10080396  0.09527192  
11_0_0     0.19797087  0.15235441  0.12714074  0.12148392  0.15643494  0.15643494  0.15643494  0.13937801  0.13937801  0.13937801  0.13352030  0.10489049  0.08899372  0.08899372  0.00000000  0.00467311  0.07883321  0.07883321  0.07883321  0.07356573  
17_0_0     0.19128308  0.15235441  0.13286282  0.12714074  0.15643494  0.15643494  0.15643494  0.13937801  0.13937801  0.13937801  0.13352030  0.10489049  0.08899372  0.08899372  0.00467311  0.00000000  0.07356573  0.07356573  0.07356573  0.06835359  
5_0_0      0.14683482  0.13435287  0.12773096  0.13435287  0.14530572  0.14530572  0.14530572  0.12849465  0.11698177  0.11698177  0.13435287  0.09975631  0.10080396  0.10080396  0.07883321  0.07356573  0.00000000  0.00000000  0.00000000  0.00467311  
12_0_0     0.14683482  0.13435287  0.12773096  0.13435287  0.14530572  0.14530572  0.14530572  0.12849465  0.11698177  0.11698177  0.13435287  0.09975631  0.10080396  0.10080396  0.07883321  0.07356573  0.00000000  0.00000000  0.00000000  0.00467311  
4_0_0      0.14683482  0.13435287  0.12773096  0.13435287  0.14530572  0.14530572  0.14530572  0.12849465  0.11698177  0.11698177  0.13435287  0.09975631  0.10080396  0.10080396  0.07883321  0.07356573  0.00000000  0.00000000  0.00000000  0.00467311  
10_0_0     0.15294590  0.14028110  0.13352030  0.12849465  0.15130512  0.15130512  0.15130512  0.13435287  0.12270481  0.12270481  0.14028110  0.09434583  0.09527192  0.09527192  0.07356573  0.06835359  0.00467311  0.00467311  0.00467311  0.00000000  

