20
14_0_0     0.00000000  0.06388765  0.15635266  0.15172729  0.17533743  0.18167293  0.17533743  0.19459081  0.20117753  0.20117753  0.18167293  0.18685051  0.18051528  0.18051528  0.17299637  0.17913608  0.11567605  0.12708561  0.12708561  0.11584368  
20_0_0     0.06388765  0.00000000  0.13858700  0.14569815  0.18167293  0.17533743  0.18167293  0.17533743  0.17533743  0.17533743  0.18167293  0.15595028  0.21302891  0.21302891  0.16093933  0.17299637  0.13253951  0.13280312  0.13280312  0.12708561  
15_0_0     0.15635266  0.13858700  0.00000000  0.10153045  0.15841196  0.17092516  0.15841196  0.20195539  0.22939726  0.22939726  0.22239382  0.22584052  0.23650052  0.23650052  0.16908147  0.17533743  0.18107050  0.16290307  0.16290307  0.17533743  
16_0_0     0.15172729  0.14569815  0.10153045  0.00000000  0.18301828  0.17026516  0.18301828  0.18951935  0.23041436  0.23041436  0.19610636  0.20117753  0.17533743  0.17533743  0.16343344  0.18232228  0.16400893  0.15841196  0.15841196  0.15841196  
3_0_0      0.17533743  0.18167293  0.15841196  0.18301828  0.00000000  0.00939024  0.00000000  0.07985356  0.09078895  0.09078895  0.09634796  0.24781286  0.20954748  0.20954748  0.20044826  0.19390492  0.16908147  0.15122726  0.15122726  0.16343344  
2_0_0      0.18167293  0.17533743  0.17092516  0.17026516  0.00939024  0.00000000  0.00939024  0.07985356  0.09078895  0.09078895  0.09634796  0.24065912  0.20278160  0.20278160  0.19390492  0.18744640  0.16290307  0.14523448  0.14523448  0.15729297  
1_0_0      0.17533743  0.18167293  0.15841196  0.18301828  0.00000000  0.00939024  0.00000000  0.07985356  0.09078895  0.09078895  0.09634796  0.24781286  0.20954748  0.20954748  0.20044826  0.19390492  0.16908147  0.15122726  0.15122726  0.16343344  
19_0_0     0.19459081  0.17533743  0.20195539  0.18951935  0.07985356  0.07985356  0.07985356  0.00000000  0.03367043  0.03367043  0.02381595  0.21461804  0.22147673  0.22147673  0.20044826  0.19390492  0.17026516  0.16343344  0.16343344  0.16343344  
13_0_0     0.20117753  0.17533743  0.22939726  0.23041436  0.09078895  0.09078895  0.09078895  0.03367043  0.00000000  0.00000000  0.02871883  0.20117753  0.22147673  0.22147673  0.19390492  0.18744640  0.17026516  0.17594612  0.17594612  0.16343344  
9_0_0      0.20117753  0.17533743  0.22939726  0.23041436  0.09078895  0.09078895  0.09078895  0.03367043  0.00000000  0.00000000  0.02871883  0.20117753  0.22147673  0.22147673  0.19390492  0.18744640  0.17026516  0.17594612  0.17594612  0.16343344  
6_0_0      0.18167293  0.18167293  0.22239382  0.19610636  0.09634796  0.09634796  0.09634796  0.02381595  0.02871883  0.02871883  0.00000000  0.23548396  0.21461804  0.21461804  0.20044826  0.19390492  0.17660092  0.19532470  0.19532470  0.18232228  
7_0_0      0.18685051  0.15595028  0.22584052  0.20117753  0.24781286  0.24065912  0.24781286  0.21461804  0.20117753  0.20117753  0.23548396  0.00000000  0.16042074  0.16042074  0.15348984  0.14128267  0.13107089  0.11868711  0.11868711  0.13046209  
8_0_0      0.18051528  0.21302891  0.23650052  0.17533743  0.20954748  0.20278160  0.20954748  0.22147673  0.22147673  0.22147673  0.21461804  0.16042074  0.00000000  0.00000000  0.19201509  0.19201509  0.16042074  0.16117749  0.16117749  0.16117749  
18_0_0     0.18051528  0.21302891  0.23650052  0.17533743  0.20954748  0.20278160  0.20954748  0.22147673  0.22147673  0.22147673  0.21461804  0.16042074  0.00000000  0.00000000  0.19201509  0.19201509  0.16042074  0.16117749  0.16117749  0.16117749  
11_0_0     0.17299637  0.16093933  0.16908147  0.16343344  0.20044826  0.19390492  0.20044826  0.20044826  0.19390492  0.19390492  0.20044826  0.15348984  0.19201509  0.19201509  0.00000000  0.02871883  0.07418671  0.07925751  0.07925751  0.09007383  
17_0_0     0.17913608  0.17299637  0.17533743  0.18232228  0.19390492  0.18744640  0.19390492  0.19390492  0.18744640  0.18744640  0.19390492  0.14128267  0.19201509  0.19201509  0.02871883  0.00000000  0.08494484  0.09007383  0.09007383  0.09007383  
5_0_0      0.11567605  0.13253951  0.18107050  0.16400893  0.16908147  0.16290307  0.16908147  0.17026516  0.17026516  0.17026516  0.17660092  0.13107089  0.16042074  0.16042074  0.07418671  0.08494484  0.00000000  0.01410203  0.01410203  0.01410203  
12_0_0     0.12708561  0.13280312  0.16290307  0.15841196  0.15122726  0.14523448  0.15122726  0.16343344  0.17594612  0.17594612  0.19532470  0.11868711  0.16117749  0.16117749  0.07925751  0.09007383  0.01410203  0.00000000  0.00000000  0.00939024  
4_0_0      0.12708561  0.13280312  0.16290307  0.15841196  0.15122726  0.14523448  0.15122726  0.16343344  0.17594612  0.17594612  0.19532470  0.11868711  0.16117749  0.16117749  0.07925751  0.09007383  0.01410203  0.00000000  0.00000000  0.00939024  
10_0_0     0.11584368  0.12708561  0.17533743  0.15841196  0.16343344  0.15729297  0.16343344  0.16343344  0.16343344  0.16343344  0.18232228  0.13046209  0.16117749  0.16117749  0.09007383  0.09007383  0.01410203  0.00939024  0.00939024  0.00000000  

