20
11_0_0     0.00000000  0.00750615  0.03854931  0.04638537  0.04638537  0.04638537  0.04638537  0.05431604  0.04638537  0.07981995  0.22342853  0.16467776  0.19345825  0.20145910  0.19496612  0.19496612  0.18421371  0.13375015  0.15225965  0.21544371  
17_0_0     0.00750615  0.00000000  0.04638537  0.05431604  0.05431604  0.05431604  0.05431604  0.06234390  0.05431604  0.07938071  0.22194406  0.17369372  0.20282580  0.21096474  0.20432685  0.20432685  0.19345825  0.14248275  0.16120074  0.22505423  
1_0_0      0.03854931  0.04638537  0.00000000  0.00750615  0.00750615  0.02278027  0.02278027  0.03049173  0.02278027  0.07170824  0.26042471  0.18421371  0.22505423  0.20282580  0.18572755  0.18572755  0.17508886  0.17242315  0.19208106  0.26042471  
2_0_0      0.04638537  0.05431604  0.00750615  0.00000000  0.00752049  0.03049173  0.03049173  0.03829582  0.03049173  0.07124352  0.25040423  0.19345825  0.23479669  0.21231986  0.18736794  0.18736794  0.17660785  0.18156841  0.20145910  0.27058686  
3_0_0      0.04638537  0.05431604  0.00750615  0.00752049  0.00000000  0.03049173  0.03049173  0.03829582  0.03049173  0.07124352  0.26263899  0.19345825  0.23479669  0.21231986  0.17660785  0.17660785  0.16608051  0.18156841  0.20145910  0.27058686  
5_0_0      0.04638537  0.05431604  0.02278027  0.03049173  0.03049173  0.00000000  0.00000000  0.00750615  0.00000000  0.07981995  0.28312668  0.21544371  0.22342853  0.22342853  0.21721096  0.21721096  0.20596146  0.19208106  0.21231986  0.25836202  
10_0_0     0.04638537  0.05431604  0.02278027  0.03049173  0.03049173  0.00000000  0.00000000  0.00750615  0.00000000  0.07981995  0.28312668  0.21544371  0.22342853  0.22342853  0.21721096  0.21721096  0.20596146  0.19208106  0.21231986  0.25836202  
4_0_0      0.05431604  0.06234390  0.03049173  0.03829582  0.03829582  0.00750615  0.00750615  0.00000000  0.00750615  0.08803089  0.28089484  0.21381313  0.23317679  0.22194406  0.22682045  0.22682045  0.21544371  0.20145910  0.22194406  0.26042471  
12_0_0     0.04638537  0.05431604  0.02278027  0.03049173  0.03049173  0.00000000  0.00000000  0.00750615  0.00000000  0.07981995  0.28312668  0.21544371  0.22342853  0.22342853  0.21721096  0.21721096  0.20596146  0.19208106  0.21231986  0.25836202  
16_0_0     0.07981995  0.07938071  0.07170824  0.07124352  0.07124352  0.07981995  0.07981995  0.08803089  0.07981995  0.00000000  0.23479669  0.21544371  0.23479669  0.25836202  0.20596146  0.20596146  0.19496612  0.20282580  0.22342853  0.25836202  
20_0_0     0.22342853  0.22194406  0.26042471  0.25040423  0.26263899  0.28312668  0.28312668  0.28089484  0.28312668  0.23479669  0.00000000  0.15225965  0.15225965  0.16223699  0.18421371  0.18421371  0.17369372  0.20282580  0.21231986  0.21231986  
6_0_0      0.16467776  0.17369372  0.18421371  0.19345825  0.19345825  0.21544371  0.21544371  0.21381313  0.21544371  0.21544371  0.15225965  0.00000000  0.05453116  0.07062379  0.08803089  0.08803089  0.07938071  0.10580661  0.12349913  0.09634376  
14_0_0     0.19345825  0.20282580  0.22505423  0.23479669  0.23479669  0.22342853  0.22342853  0.23317679  0.22342853  0.23479669  0.15225965  0.05453116  0.00000000  0.07981995  0.11372504  0.11372504  0.10476136  0.12425625  0.13289839  0.10522826  
15_0_0     0.20145910  0.21096474  0.20282580  0.21231986  0.21231986  0.22342853  0.22342853  0.22194406  0.22342853  0.25836202  0.16223699  0.07062379  0.07981995  0.00000000  0.13216339  0.13216339  0.12285690  0.11372504  0.12233091  0.12233091  
13_0_0     0.19496612  0.20432685  0.18572755  0.18736794  0.17660785  0.21721096  0.21721096  0.22682045  0.21721096  0.20596146  0.18421371  0.08803089  0.11372504  0.13216339  0.00000000  0.00000000  0.00752049  0.08761854  0.10476136  0.08731457  
9_0_0      0.19496612  0.20432685  0.18572755  0.18736794  0.17660785  0.21721096  0.21721096  0.22682045  0.21721096  0.20596146  0.18421371  0.08803089  0.11372504  0.13216339  0.00000000  0.00000000  0.00752049  0.08761854  0.10476136  0.08731457  
7_0_0      0.18421371  0.19345825  0.17508886  0.17660785  0.16608051  0.20596146  0.20596146  0.21544371  0.20596146  0.19496612  0.17369372  0.07938071  0.10476136  0.12285690  0.00752049  0.00752049  0.00000000  0.07904699  0.09595980  0.07882024  
8_0_0      0.13375015  0.14248275  0.17242315  0.18156841  0.18156841  0.19208106  0.19208106  0.20145910  0.19208106  0.20282580  0.20282580  0.10580661  0.12425625  0.11372504  0.08761854  0.08761854  0.07904699  0.00000000  0.01508329  0.07938071  
18_0_0     0.15225965  0.16120074  0.19208106  0.20145910  0.20145910  0.21231986  0.21231986  0.22194406  0.21231986  0.22342853  0.21231986  0.12349913  0.13289839  0.12233091  0.10476136  0.10476136  0.09595980  0.01508329  0.00000000  0.09634376  
19_0_0     0.21544371  0.22505423  0.26042471  0.27058686  0.27058686  0.25836202  0.25836202  0.26042471  0.25836202  0.25836202  0.21231986  0.09634376  0.10522826  0.12233091  0.08731457  0.08731457  0.07882024  0.07938071  0.09634376  0.00000000  

