20
11_0_0     0.00000000  0.03081724  0.05529932  0.04699939  0.05529932  0.05487636  0.03856212  0.04665007  0.04665007  0.07176343  0.16046829  0.18998073  0.20181158  0.18069586  0.19384782  0.19384782  0.19384782  0.26118155  0.23715470  0.25905153  
17_0_0     0.03081724  0.00000000  0.05529932  0.06374498  0.05529932  0.07176343  0.05487636  0.06324579  0.06324579  0.07176343  0.16046829  0.20053298  0.18069586  0.18069586  0.19384782  0.19384782  0.19384782  0.24901811  0.22557688  0.24704560  
1_0_0      0.05529932  0.05529932  0.00000000  0.00752119  0.00000000  0.04665007  0.04665007  0.03856212  0.03856212  0.06324579  0.20181158  0.20053298  0.20181158  0.19113785  0.19384782  0.19384782  0.19384782  0.22557688  0.20322518  0.22389703  
2_0_0      0.04699939  0.06374498  0.00752119  0.00000000  0.00752119  0.05487636  0.05487636  0.04665007  0.04665007  0.07176343  0.19113785  0.18998073  0.21272755  0.20181158  0.20477309  0.20477309  0.20477309  0.23715470  0.21427120  0.23533207  
3_0_0      0.05529932  0.05529932  0.00000000  0.00752119  0.00000000  0.04665007  0.04665007  0.03856212  0.03856212  0.06324579  0.20181158  0.20053298  0.20181158  0.19113785  0.19384782  0.19384782  0.19384782  0.22557688  0.20322518  0.22389703  
5_0_0      0.05487636  0.07176343  0.04665007  0.05487636  0.04665007  0.00000000  0.01516185  0.02292586  0.02292586  0.06284611  0.16141555  0.21272755  0.18186621  0.17153220  0.21427120  0.21427120  0.21427120  0.22389703  0.20181158  0.23365418  
10_0_0     0.03856212  0.05487636  0.04665007  0.05487636  0.04665007  0.01516185  0.00000000  0.00752119  0.00752119  0.06284611  0.16141555  0.19113785  0.18186621  0.16141555  0.21427120  0.21427120  0.21427120  0.24704560  0.22389703  0.23365418  
4_0_0      0.04665007  0.06324579  0.03856212  0.04665007  0.03856212  0.02292586  0.00752119  0.00000000  0.00000000  0.05455155  0.17153220  0.20181158  0.19242714  0.17153220  0.20322518  0.20322518  0.20322518  0.25905153  0.23533207  0.24522158  
12_0_0     0.04665007  0.06324579  0.03856212  0.04665007  0.03856212  0.02292586  0.00752119  0.00000000  0.00000000  0.05455155  0.17153220  0.20181158  0.19242714  0.17153220  0.20322518  0.20322518  0.20322518  0.25905153  0.23533207  0.24522158  
16_0_0     0.07176343  0.07176343  0.06324579  0.07176343  0.06324579  0.06284611  0.06284611  0.05455155  0.05455155  0.00000000  0.21132193  0.23212157  0.20053298  0.21132193  0.21427120  0.21427120  0.21427120  0.25905153  0.23533207  0.24522158  
20_0_0     0.16046829  0.16046829  0.20181158  0.19113785  0.20181158  0.16141555  0.16141555  0.17153220  0.17153220  0.21132193  0.00000000  0.13602600  0.14727869  0.09753331  0.11586245  0.11586245  0.11586245  0.14363961  0.12440079  0.13304538  
6_0_0      0.18998073  0.20053298  0.20053298  0.18998073  0.20053298  0.21272755  0.19113785  0.20181158  0.20181158  0.23212157  0.13602600  0.00000000  0.08043464  0.08808840  0.11506247  0.11506247  0.11506247  0.11586245  0.08862418  0.13392402  
14_0_0     0.20181158  0.18069586  0.20181158  0.21272755  0.20181158  0.18186621  0.18186621  0.19242714  0.19242714  0.20053298  0.14727869  0.08043464  0.00000000  0.09753331  0.12529579  0.12529579  0.12529579  0.10590200  0.10590200  0.12361897  
15_0_0     0.18069586  0.18069586  0.19113785  0.20181158  0.19113785  0.17153220  0.16141555  0.17153220  0.17153220  0.21132193  0.09753331  0.08808840  0.09753331  0.00000000  0.10661058  0.10661058  0.10661058  0.13392402  0.11506247  0.10530291  
13_0_0     0.19384782  0.19384782  0.19384782  0.20477309  0.19384782  0.21427120  0.21427120  0.20322518  0.20322518  0.21427120  0.11586245  0.11506247  0.12529579  0.10661058  0.00000000  0.00000000  0.00000000  0.09826061  0.08043464  0.09753331  
9_0_0      0.19384782  0.19384782  0.19384782  0.20477309  0.19384782  0.21427120  0.21427120  0.20322518  0.20322518  0.21427120  0.11586245  0.11506247  0.12529579  0.10661058  0.00000000  0.00000000  0.00000000  0.09826061  0.08043464  0.09753331  
7_0_0      0.19384782  0.19384782  0.19384782  0.20477309  0.19384782  0.21427120  0.21427120  0.20322518  0.20322518  0.21427120  0.11586245  0.11506247  0.12529579  0.10661058  0.00000000  0.00000000  0.00000000  0.09826061  0.08043464  0.09753331  
8_0_0      0.26118155  0.24901811  0.22557688  0.23715470  0.22557688  0.22389703  0.24704560  0.25905153  0.25905153  0.25905153  0.14363961  0.11586245  0.10590200  0.13392402  0.09826061  0.09826061  0.09826061  0.00000000  0.02292586  0.06324579  
18_0_0     0.23715470  0.22557688  0.20322518  0.21427120  0.20322518  0.20181158  0.22389703  0.23533207  0.23533207  0.23533207  0.12440079  0.08862418  0.10590200  0.11506247  0.08043464  0.08043464  0.08043464  0.02292586  0.00000000  0.07176343  
19_0_0     0.25905153  0.24704560  0.22389703  0.23533207  0.22389703  0.23365418  0.23365418  0.24522158  0.24522158  0.24522158  0.13304538  0.13392402  0.12361897  0.10530291  0.09753331  0.09753331  0.09753331  0.06324579  0.07176343  0.00000000  

