20
11_0_0     0.00000000  0.03060492  0.11501216  0.11501216  0.11501216  0.10586140  0.10586140  0.10586140  0.10586140  0.09637480  0.20992090  0.20881174  0.23194109  0.21607586  0.18798533  0.18798533  0.17866400  0.21957132  0.20992090  0.21957132  
17_0_0     0.03060492  0.00000000  0.08859278  0.08859278  0.08859278  0.10656147  0.10656147  0.10656147  0.10656147  0.10586140  0.20881174  0.22080564  0.21116885  0.20632972  0.18886008  0.18886008  0.17955988  0.22080564  0.21116885  0.19927582  
1_0_0      0.11501216  0.08859278  0.00000000  0.00752088  0.00752088  0.04698713  0.04698713  0.04698713  0.04698713  0.11501216  0.17789916  0.18886008  0.23345128  0.18724539  0.17866400  0.17866400  0.15957988  0.25501225  0.24498981  0.22080564  
2_0_0      0.11501216  0.08859278  0.00752088  0.00000000  0.00000000  0.05528224  0.05528224  0.05528224  0.05528224  0.11501216  0.17789916  0.17866400  0.22218171  0.19743429  0.18886008  0.18886008  0.16946667  0.26697426  0.25681046  0.20992090  
3_0_0      0.11501216  0.08859278  0.00752088  0.00000000  0.00000000  0.05528224  0.05528224  0.05528224  0.05528224  0.11501216  0.17789916  0.17866400  0.22218171  0.19743429  0.18886008  0.18886008  0.16946667  0.26697426  0.25681046  0.20992090  
5_0_0      0.10586140  0.10656147  0.04698713  0.05528224  0.05528224  0.00000000  0.00000000  0.00000000  0.00000000  0.11501216  0.19828640  0.20992090  0.21116885  0.20784255  0.16867851  0.16867851  0.15957988  0.24333907  0.23345128  0.20992090  
10_0_0     0.10586140  0.10656147  0.04698713  0.05528224  0.05528224  0.00000000  0.00000000  0.00000000  0.00000000  0.11501216  0.19828640  0.20992090  0.21116885  0.20784255  0.16867851  0.16867851  0.15957988  0.24333907  0.23345128  0.20992090  
4_0_0      0.10586140  0.10656147  0.04698713  0.05528224  0.05528224  0.00000000  0.00000000  0.00000000  0.00000000  0.11501216  0.19828640  0.20992090  0.21116885  0.20784255  0.16867851  0.16867851  0.15957988  0.24333907  0.23345128  0.20992090  
12_0_0     0.10586140  0.10656147  0.04698713  0.05528224  0.05528224  0.00000000  0.00000000  0.00000000  0.00000000  0.11501216  0.19828640  0.20992090  0.21116885  0.20784255  0.16867851  0.16867851  0.15957988  0.24333907  0.23345128  0.20992090  
16_0_0     0.09637480  0.10586140  0.11501216  0.11501216  0.11501216  0.11501216  0.11501216  0.11501216  0.11501216  0.00000000  0.20784255  0.22828397  0.27548820  0.24831732  0.21753238  0.21753238  0.22935638  0.23057581  0.24048327  0.22828397  
20_0_0     0.20992090  0.20881174  0.17789916  0.17789916  0.17789916  0.19828640  0.19828640  0.19828640  0.19828640  0.20784255  0.00000000  0.19828640  0.25501225  0.20881174  0.17789916  0.17789916  0.16867851  0.18798533  0.18886008  0.18798533  
6_0_0      0.20881174  0.22080564  0.18886008  0.17866400  0.17866400  0.20992090  0.20992090  0.20992090  0.20992090  0.22828397  0.19828640  0.00000000  0.13592790  0.16867851  0.16038988  0.16038988  0.15143032  0.17038226  0.16132387  0.17038226  
14_0_0     0.23194109  0.21116885  0.23345128  0.22218171  0.22218171  0.21116885  0.21116885  0.21116885  0.21116885  0.27548820  0.25501225  0.13592790  0.00000000  0.16946667  0.15143032  0.15143032  0.14258479  0.18173986  0.17259119  0.17142411  
15_0_0     0.21607586  0.20632972  0.18724539  0.19743429  0.19743429  0.20784255  0.20784255  0.20784255  0.20784255  0.24831732  0.20881174  0.16867851  0.16946667  0.00000000  0.14930571  0.14930571  0.14039289  0.17866400  0.16946667  0.18886008  
13_0_0     0.18798533  0.18886008  0.17866400  0.18886008  0.18886008  0.16867851  0.16867851  0.16867851  0.16867851  0.21753238  0.17789916  0.16038988  0.15143032  0.14930571  0.00000000  0.00000000  0.01508331  0.10527021  0.09688061  0.07906041  
9_0_0      0.18798533  0.18886008  0.17866400  0.18886008  0.18886008  0.16867851  0.16867851  0.16867851  0.16867851  0.21753238  0.17789916  0.16038988  0.15143032  0.14930571  0.00000000  0.00000000  0.01508331  0.10527021  0.09688061  0.07906041  
7_0_0      0.17866400  0.17955988  0.15957988  0.16946667  0.16946667  0.15957988  0.15957988  0.15957988  0.15957988  0.22935638  0.16867851  0.15143032  0.14258479  0.14039289  0.01508331  0.01508331  0.00000000  0.10586140  0.09749365  0.08806361  
8_0_0      0.21957132  0.22080564  0.25501225  0.26697426  0.26697426  0.24333907  0.24333907  0.24333907  0.24333907  0.23057581  0.18798533  0.17038226  0.18173986  0.17866400  0.10527021  0.10527021  0.10586140  0.00000000  0.00750546  0.08859278  
18_0_0     0.20992090  0.21116885  0.24498981  0.25681046  0.25681046  0.23345128  0.23345128  0.23345128  0.23345128  0.24048327  0.18886008  0.16132387  0.17259119  0.16946667  0.09688061  0.09688061  0.09749365  0.00750546  0.00000000  0.08040409  
19_0_0     0.21957132  0.19927582  0.22080564  0.20992090  0.20992090  0.20992090  0.20992090  0.20992090  0.20992090  0.22828397  0.18798533  0.17038226  0.17142411  0.18886008  0.07906041  0.07906041  0.08806361  0.08859278  0.08040409  0.00000000  

