fastme_mat.p : 0.6544430255889893
fastme.f81 : 1.5408854484558105
fastme.f84 : 1.723703145980835
ba.exp : 27.901249170303345
pipeline_dl2661376 : 29.59120273590088
