fastme_mat.p : 0.7489867210388184
fastme.f81 : 1.7110891342163086
ba.exp : 16.848013162612915
pipeline_dl2661376 : 20.085190773010254
