fastme_mat.p : 0.44678707427978515
fastme.f81 : 0.859028604385376
ba.exp : 9.316529873699189
