fastme_mat.p : 0.4253485852842331
fastme.f81 : 0.8279078506221772
fastme.f84 : 1.050035202357769
ba.exp : 14.712186194857358
