fastme_mat.p : 1.950908899307251
fastme.f81 : 2.651113748550415
ba.exp : 13.451018571853638
pipeline_dl8726470 : 18.831759452819824
