fastme_mat.p : 0.5640250326275825
fastme.f81 : 1.0294131785929204
ba.exp : 10.164686507084369
