130
20_0_0     0.00000000  0.11673392  0.12421384  0.25109084  0.25109084  0.26008011  0.26008011  0.37751416  0.31645445  0.31645445  0.33624942  0.33624942  0.38283903  0.32135344  0.31645445  0.36697878  0.32135344  0.33125048  0.34128260  0.34128260  0.37222760  0.35659227  0.36697878  0.36697878  0.37751416  0.41562463  0.43258262  0.43258262  0.44994110  0.43258262  0.43258262  0.49211319  0.49834026  0.50462053  0.46174542  0.37751416  0.37222760  0.42123393  0.42688637  0.38820275  0.38820275  0.37751416  0.37222760  0.39360589  0.37222760  0.36176718  0.39360589  0.39360589  0.39360589  0.42688637  0.56369670  0.43832335  0.68210107  0.73193029  0.74932004  0.74057374  0.67411498  0.69017489  0.74932004  0.71494245  0.70659353  0.69017489  0.70659353  0.69833837  0.65839847  0.69017489  0.69833837  0.70659353  0.63543637  0.66621472  0.60589514  0.65839847  0.65839847  0.65839847  0.66621472  0.64301098  0.68210107  0.71494245  0.71494245  0.73193029  0.58449314  0.55689328  0.65839847  0.59869168  0.61316989  0.60589514  0.61316989  0.69833837  0.67411498  0.60589514  0.62051736  0.61316989  0.58449314  0.59155813  0.57749542  0.61316989  0.60589514  0.59869168  0.57056368  0.56369670  0.44410927  0.42688637  0.45581956  0.45581956  0.49834026  0.49211319  0.43832335  0.42123393  0.41005780  0.52378984  0.53029233  0.49211319  0.48593844  0.37222760  0.36697878  0.37222760  0.38283903  0.54347248  0.51734436  0.48593844  0.49834026  0.51095491  0.52378984  0.53685287  0.56369670  0.56369670  0.57749542  0.48593844  0.49211319  0.49834026  
10_0_0     0.11673392  0.00000000  0.01280938  0.24221018  0.24221018  0.22908717  0.22476439  0.38820275  0.37751416  0.37751416  0.38283903  0.35145353  0.39904905  0.33624942  0.29717859  0.35659227  0.32628530  0.33624942  0.35659227  0.32628530  0.35145353  0.34635047  0.35145353  0.35659227  0.34635047  0.39904905  0.43258262  0.43258262  0.42123393  0.41562463  0.41562463  0.52378984  0.54347248  0.51095491  0.47981513  0.34128260  0.33624942  0.37751416  0.38283903  0.36697878  0.36697878  0.35659227  0.35145353  0.38283903  0.32628530  0.32628530  0.34635047  0.34635047  0.34635047  0.41005780  0.54347248  0.45581956  0.61316989  0.65066446  0.66621472  0.65066446  0.62051736  0.63543637  0.65839847  0.65066446  0.64301098  0.60589514  0.65839847  0.64301098  0.60589514  0.63543637  0.62793902  0.62793902  0.56369670  0.59155813  0.54347248  0.60589514  0.57056368  0.59155813  0.57749542  0.58449314  0.62793902  0.65066446  0.62051736  0.65066446  0.56369670  0.53029233  0.66621472  0.57056368  0.57749542  0.57056368  0.57749542  0.61316989  0.62051736  0.58449314  0.58449314  0.59155813  0.58449314  0.59869168  0.57056368  0.59155813  0.58449314  0.59869168  0.57749542  0.55689328  0.43258262  0.41562463  0.44410927  0.44410927  0.47374240  0.46771943  0.42688637  0.41562463  0.40453282  0.49211319  0.51095491  0.49834026  0.51095491  0.40453282  0.39904905  0.40453282  0.41562463  0.52378984  0.53029233  0.43832335  0.47981513  0.51095491  0.45581956  0.53029233  0.54347248  0.54347248  0.55015225  0.43258262  0.43832335  0.44410927  
52_0_0     0.12421384  0.01280938  0.00000000  0.24663710  0.24663710  0.23343553  0.22908717  0.37751416  0.36697878  0.36697878  0.37222760  0.34128260  0.38820275  0.32628530  0.28772697  0.34635047  0.31645445  0.33624942  0.35659227  0.32628530  0.33624942  0.33125048  0.33624942  0.35145353  0.33125048  0.39360589  0.43832335  0.42688637  0.40453282  0.39904905  0.39904905  0.51734436  0.55015225  0.50462053  0.47374240  0.33624942  0.33125048  0.37222760  0.37751416  0.36176718  0.36176718  0.35145353  0.34635047  0.37751416  0.32135344  0.32135344  0.34128260  0.34128260  0.34128260  0.41005780  0.54347248  0.46174542  0.61316989  0.65066446  0.66621472  0.65066446  0.62051736  0.63543637  0.65839847  0.65066446  0.64301098  0.60589514  0.65066446  0.63543637  0.60589514  0.63543637  0.62793902  0.62793902  0.56369670  0.59155813  0.55689328  0.62051736  0.57056368  0.59155813  0.57749542  0.58449314  0.62793902  0.65839847  0.62793902  0.65839847  0.57749542  0.54347248  0.68210107  0.58449314  0.59155813  0.58449314  0.59155813  0.62793902  0.63543637  0.59869168  0.59869168  0.59155813  0.59869168  0.61316989  0.58449314  0.60589514  0.59869168  0.61316989  0.59155813  0.57056368  0.42688637  0.41005780  0.43832335  0.43832335  0.47981513  0.47374240  0.42123393  0.41005780  0.39904905  0.47374240  0.49211319  0.49211319  0.50462053  0.38820275  0.38283903  0.39904905  0.41005780  0.51734436  0.52378984  0.43258262  0.47374240  0.51734436  0.46174542  0.53685287  0.55015225  0.55015225  0.57056368  0.44994110  0.45581956  0.46174542  
2_0_0      0.25109084  0.24221018  0.24663710  0.00000000  0.01604691  0.08755291  0.09474027  0.33125048  0.32135344  0.32135344  0.32628530  0.31158789  0.33624942  0.29717859  0.29243759  0.33125048  0.31158789  0.30195038  0.35145353  0.34128260  0.30675334  0.29243759  0.31158789  0.32135344  0.31645445  0.36697878  0.39360589  0.39360589  0.40453282  0.37222760  0.38283903  0.50462053  0.47374240  0.49211319  0.46771943  0.32135344  0.32628530  0.33624942  0.33125048  0.37222760  0.37222760  0.38283903  0.37751416  0.38820275  0.36176718  0.37222760  0.38283903  0.36176718  0.37222760  0.36176718  0.55015225  0.47374240  0.58449314  0.60589514  0.62051736  0.59155813  0.57056368  0.58449314  0.59155813  0.60589514  0.59869168  0.54347248  0.59869168  0.57749542  0.58449314  0.58449314  0.59155813  0.61316989  0.49211319  0.49211319  0.52378984  0.55015225  0.51734436  0.52378984  0.52378984  0.51095491  0.54347248  0.62051736  0.62793902  0.65066446  0.65839847  0.62793902  0.66621472  0.64301098  0.55689328  0.56369670  0.56369670  0.55689328  0.61316989  0.57056368  0.55689328  0.56369670  0.57749542  0.60589514  0.57749542  0.54347248  0.53685287  0.58449314  0.56369670  0.54347248  0.42688637  0.39904905  0.42123393  0.42123393  0.43832335  0.44410927  0.42688637  0.41562463  0.42688637  0.52378984  0.53029233  0.42123393  0.44994110  0.37222760  0.35659227  0.35145353  0.36176718  0.46174542  0.45581956  0.43832335  0.43832335  0.47981513  0.49834026  0.47374240  0.48593844  0.48593844  0.54347248  0.42688637  0.44410927  0.44994110  
29_0_0     0.25109084  0.24221018  0.24663710  0.01604691  0.00000000  0.08398541  0.09113781  0.31645445  0.32628530  0.32628530  0.32135344  0.30675334  0.34128260  0.30195038  0.28772697  0.33624942  0.29717859  0.29717859  0.34635047  0.33624942  0.28304634  0.27839533  0.28772697  0.29717859  0.29243759  0.37222760  0.39904905  0.39904905  0.38820275  0.37751416  0.38820275  0.48593844  0.46771943  0.47374240  0.46174542  0.30675334  0.31158789  0.33125048  0.32628530  0.36697878  0.36697878  0.37751416  0.37222760  0.37222760  0.35659227  0.36697878  0.37751416  0.35659227  0.36697878  0.36176718  0.54347248  0.47374240  0.60589514  0.62793902  0.64301098  0.61316989  0.57749542  0.59155813  0.59869168  0.64301098  0.63543637  0.55015225  0.60589514  0.58449314  0.59155813  0.59155813  0.59869168  0.62051736  0.52378984  0.52378984  0.54347248  0.57056368  0.53685287  0.54347248  0.54347248  0.53029233  0.56369670  0.63543637  0.62793902  0.64301098  0.66621472  0.63543637  0.69017489  0.65066446  0.55015225  0.54347248  0.55689328  0.55015225  0.59869168  0.56369670  0.58449314  0.59155813  0.58449314  0.61316989  0.58449314  0.55015225  0.54347248  0.57749542  0.58449314  0.56369670  0.43832335  0.41005780  0.42123393  0.42123393  0.43832335  0.44410927  0.42688637  0.44410927  0.45581956  0.52378984  0.53029233  0.43258262  0.45581956  0.37751416  0.36176718  0.35659227  0.36697878  0.45581956  0.44994110  0.43258262  0.45581956  0.48593844  0.49211319  0.47981513  0.49211319  0.49211319  0.55015225  0.44410927  0.46174542  0.46771943  
57_0_0     0.26008011  0.22908717  0.23343553  0.08755291  0.08398541  0.00000000  0.03577737  0.33624942  0.30675334  0.30675334  0.30195038  0.31645445  0.35659227  0.32628530  0.28772697  0.31645445  0.31158789  0.32628530  0.34635047  0.34635047  0.29243759  0.29717859  0.29717859  0.30675334  0.32628530  0.36697878  0.38283903  0.38283903  0.37222760  0.36176718  0.37222760  0.44994110  0.44410927  0.44994110  0.44994110  0.31158789  0.30675334  0.32135344  0.31645445  0.34128260  0.34128260  0.35145353  0.35659227  0.36176718  0.32135344  0.33125048  0.34128260  0.32135344  0.33125048  0.35659227  0.52378984  0.44994110  0.65066446  0.65839847  0.67411498  0.64301098  0.63543637  0.63543637  0.64301098  0.65839847  0.66621472  0.59155813  0.60589514  0.59869168  0.59869168  0.62051736  0.62793902  0.64301098  0.57056368  0.57056368  0.59869168  0.62793902  0.61316989  0.62051736  0.58449314  0.58449314  0.60589514  0.68210107  0.65066446  0.68210107  0.64301098  0.62793902  0.71494245  0.67411498  0.56369670  0.55689328  0.57056368  0.59869168  0.59869168  0.62051736  0.58449314  0.59155813  0.55689328  0.57749542  0.57056368  0.55015225  0.54347248  0.56369670  0.57056368  0.56369670  0.40453282  0.39904905  0.39904905  0.39904905  0.42688637  0.43258262  0.41562463  0.39360589  0.40453282  0.49211319  0.49834026  0.47374240  0.49834026  0.39904905  0.38283903  0.36697878  0.37751416  0.51095491  0.53029233  0.44410927  0.46771943  0.49834026  0.49211319  0.48593844  0.49834026  0.49834026  0.52378984  0.45581956  0.47374240  0.47981513  
30_0_0     0.26008011  0.22476439  0.22908717  0.09474027  0.09113781  0.03577737  0.00000000  0.32135344  0.29717859  0.29717859  0.29243759  0.29243759  0.35145353  0.31158789  0.27377357  0.32135344  0.29717859  0.31158789  0.34635047  0.34128260  0.30195038  0.29717859  0.30195038  0.30195038  0.33125048  0.38283903  0.39360589  0.39360589  0.41005780  0.38820275  0.39904905  0.46174542  0.45581956  0.46174542  0.44994110  0.33624942  0.33125048  0.35145353  0.34635047  0.35659227  0.35659227  0.35659227  0.35145353  0.37751416  0.34128260  0.35145353  0.36176718  0.34128260  0.35145353  0.35145353  0.57056368  0.49211319  0.62793902  0.63543637  0.65066446  0.62051736  0.61316989  0.61316989  0.62051736  0.65066446  0.64301098  0.57056368  0.59869168  0.59155813  0.60589514  0.61316989  0.60589514  0.62051736  0.55015225  0.55015225  0.59869168  0.62051736  0.60589514  0.61316989  0.57749542  0.57749542  0.58449314  0.65839847  0.62793902  0.65839847  0.62793902  0.59869168  0.69833837  0.65839847  0.55689328  0.55015225  0.56369670  0.59869168  0.59155813  0.61316989  0.57749542  0.58449314  0.56369670  0.58449314  0.56369670  0.54347248  0.53685287  0.57056368  0.57749542  0.57056368  0.42123393  0.40453282  0.42123393  0.42123393  0.44410927  0.44994110  0.43258262  0.41562463  0.42688637  0.49211319  0.49834026  0.46771943  0.49211319  0.39360589  0.37751416  0.37222760  0.37222760  0.51095491  0.51734436  0.44994110  0.46174542  0.49211319  0.49834026  0.48593844  0.49834026  0.49834026  0.51734436  0.47374240  0.48593844  0.49211319  
65_0_0     0.37751416  0.38820275  0.37751416  0.33125048  0.31645445  0.33624942  0.32135344  0.00000000  0.13557841  0.13557841  0.15884865  0.11673392  0.13557841  0.11302231  0.10565484  0.15491876  0.12798255  0.15491876  0.18696241  0.17881959  0.23343553  0.22908717  0.23780976  0.25109084  0.24663710  0.37751416  0.37751416  0.37222760  0.41005780  0.41562463  0.41562463  0.44994110  0.44410927  0.45581956  0.44410927  0.33624942  0.33125048  0.33624942  0.34128260  0.39904905  0.40453282  0.40453282  0.36697878  0.39360589  0.36697878  0.36176718  0.36176718  0.36697878  0.37751416  0.31645445  0.43832335  0.46771943  0.57749542  0.59869168  0.59869168  0.59155813  0.60589514  0.60589514  0.57056368  0.59869168  0.60589514  0.52378984  0.53685287  0.53029233  0.52378984  0.53685287  0.54347248  0.53685287  0.50462053  0.50462053  0.59869168  0.59869168  0.57056368  0.55015225  0.56369670  0.55015225  0.57056368  0.63543637  0.59155813  0.59155813  0.59155813  0.58449314  0.62051736  0.57056368  0.55015225  0.54347248  0.55689328  0.60589514  0.56369670  0.58449314  0.55689328  0.55015225  0.53029233  0.55689328  0.54347248  0.55689328  0.55689328  0.55689328  0.55015225  0.54347248  0.39904905  0.38820275  0.41562463  0.41562463  0.39360589  0.39904905  0.41562463  0.41562463  0.42688637  0.44994110  0.44410927  0.41562463  0.42688637  0.40453282  0.38820275  0.39904905  0.38820275  0.47374240  0.47981513  0.42688637  0.44994110  0.51095491  0.53685287  0.47981513  0.49834026  0.49834026  0.53029233  0.49211319  0.47374240  0.46771943  
75_0_0     0.31645445  0.37751416  0.36697878  0.32135344  0.32628530  0.30675334  0.29717859  0.13557841  0.00000000  0.00000000  0.05948625  0.07690193  0.13557841  0.09836049  0.09474027  0.15491876  0.13557841  0.13940599  0.13940599  0.14712145  0.22908717  0.22046688  0.22046688  0.25109084  0.24221018  0.40453282  0.41562463  0.41005780  0.39360589  0.39904905  0.39904905  0.48593844  0.51734436  0.51734436  0.46771943  0.32628530  0.32135344  0.35659227  0.36176718  0.35145353  0.35659227  0.35659227  0.32135344  0.38820275  0.34128260  0.34635047  0.34635047  0.34128260  0.35145353  0.36697878  0.49834026  0.45581956  0.58449314  0.59869168  0.61316989  0.59155813  0.59869168  0.58449314  0.56369670  0.59869168  0.60589514  0.57749542  0.57749542  0.57056368  0.55015225  0.57749542  0.58449314  0.57749542  0.53029233  0.55015225  0.60589514  0.59869168  0.59155813  0.58449314  0.56369670  0.55015225  0.59869168  0.69017489  0.63543637  0.65066446  0.60589514  0.58449314  0.66621472  0.61316989  0.59155813  0.59155813  0.61316989  0.67411498  0.62793902  0.62051736  0.57056368  0.57056368  0.57056368  0.58449314  0.55689328  0.57749542  0.57749542  0.57749542  0.57749542  0.55689328  0.43258262  0.42123393  0.44994110  0.44994110  0.46174542  0.46771943  0.44994110  0.43258262  0.44410927  0.51734436  0.51095491  0.49211319  0.47981513  0.38283903  0.36697878  0.37751416  0.37751416  0.51095491  0.50462053  0.43258262  0.43832335  0.46174542  0.47981513  0.47981513  0.48593844  0.48593844  0.54347248  0.47981513  0.47374240  0.47981513  
80_0_0     0.31645445  0.37751416  0.36697878  0.32135344  0.32628530  0.30675334  0.29717859  0.13557841  0.00000000  0.00000000  0.05948625  0.07690193  0.13557841  0.09836049  0.09474027  0.15491876  0.13557841  0.13940599  0.13940599  0.14712145  0.22908717  0.22046688  0.22046688  0.25109084  0.24221018  0.40453282  0.41562463  0.41005780  0.39360589  0.39904905  0.39904905  0.48593844  0.51734436  0.51734436  0.46771943  0.32628530  0.32135344  0.35659227  0.36176718  0.35145353  0.35659227  0.35659227  0.32135344  0.38820275  0.34128260  0.34635047  0.34635047  0.34128260  0.35145353  0.36697878  0.49834026  0.45581956  0.58449314  0.59869168  0.61316989  0.59155813  0.59869168  0.58449314  0.56369670  0.59869168  0.60589514  0.57749542  0.57749542  0.57056368  0.55015225  0.57749542  0.58449314  0.57749542  0.53029233  0.55015225  0.60589514  0.59869168  0.59155813  0.58449314  0.56369670  0.55015225  0.59869168  0.69017489  0.63543637  0.65066446  0.60589514  0.58449314  0.66621472  0.61316989  0.59155813  0.59155813  0.61316989  0.67411498  0.62793902  0.62051736  0.57056368  0.57056368  0.57056368  0.58449314  0.55689328  0.57749542  0.57749542  0.57749542  0.57749542  0.55689328  0.43258262  0.42123393  0.44994110  0.44994110  0.46174542  0.46771943  0.44994110  0.43258262  0.44410927  0.51734436  0.51095491  0.49211319  0.47981513  0.38283903  0.36697878  0.37751416  0.37751416  0.51095491  0.50462053  0.43258262  0.43832335  0.46174542  0.47981513  0.47981513  0.48593844  0.48593844  0.54347248  0.47981513  0.47374240  0.47981513  
46_0_0     0.33624942  0.38283903  0.37222760  0.32628530  0.32135344  0.30195038  0.29243759  0.15884865  0.05948625  0.05948625  0.00000000  0.12798255  0.18287973  0.14325360  0.13940599  0.19519645  0.15100977  0.17076599  0.17881959  0.18696241  0.23780976  0.22908717  0.22908717  0.24221018  0.26461631  0.40453282  0.41562463  0.41005780  0.38283903  0.37751416  0.38820275  0.50462053  0.52378984  0.53685287  0.47374240  0.34128260  0.33624942  0.35659227  0.36176718  0.37751416  0.38283903  0.37222760  0.34635047  0.40453282  0.35145353  0.37751416  0.37751416  0.35145353  0.36176718  0.33624942  0.49834026  0.48593844  0.63543637  0.63543637  0.62051736  0.61316989  0.62793902  0.63543637  0.61316989  0.66621472  0.64301098  0.60589514  0.59155813  0.58449314  0.55015225  0.59155813  0.58449314  0.60589514  0.57056368  0.57749542  0.59869168  0.58449314  0.56369670  0.55689328  0.56369670  0.55015225  0.58449314  0.69833837  0.64301098  0.65839847  0.59869168  0.57749542  0.67411498  0.59155813  0.55689328  0.55689328  0.57749542  0.62793902  0.61316989  0.59869168  0.56369670  0.56369670  0.57749542  0.59155813  0.56369670  0.53029233  0.54347248  0.57056368  0.55689328  0.53685287  0.41562463  0.39360589  0.43258262  0.43258262  0.44410927  0.44994110  0.43258262  0.45581956  0.45581956  0.48593844  0.47981513  0.49211319  0.48593844  0.37222760  0.35659227  0.36697878  0.36697878  0.52378984  0.50462053  0.44994110  0.49211319  0.46174542  0.49211319  0.47374240  0.47981513  0.47981513  0.53029233  0.47374240  0.49211319  0.49834026  
23_0_0     0.33624942  0.35145353  0.34128260  0.31158789  0.30675334  0.31645445  0.29243759  0.11673392  0.07690193  0.07690193  0.12798255  0.00000000  0.09474027  0.05948625  0.05948625  0.12046437  0.08755291  0.10565484  0.12798255  0.12046437  0.21619434  0.21194650  0.21194650  0.25109084  0.23780976  0.40453282  0.39904905  0.39360589  0.39904905  0.38283903  0.37222760  0.46174542  0.46771943  0.45581956  0.44410927  0.31645445  0.31158789  0.36176718  0.36697878  0.39904905  0.40453282  0.38283903  0.35659227  0.39360589  0.33624942  0.35145353  0.34128260  0.34635047  0.34635047  0.37751416  0.47981513  0.45581956  0.60589514  0.64301098  0.65839847  0.63543637  0.62051736  0.60589514  0.59869168  0.65066446  0.64301098  0.55689328  0.58449314  0.56369670  0.57056368  0.57056368  0.57749542  0.57056368  0.55689328  0.55015225  0.62051736  0.61316989  0.59155813  0.58449314  0.59155813  0.57749542  0.58449314  0.69833837  0.67411498  0.68210107  0.60589514  0.59869168  0.65066446  0.61316989  0.57749542  0.57749542  0.61316989  0.64301098  0.62051736  0.62051736  0.59869168  0.59869168  0.58449314  0.61316989  0.59869168  0.59155813  0.59155813  0.59155813  0.60589514  0.58449314  0.39904905  0.38820275  0.41005780  0.41005780  0.41562463  0.42123393  0.41562463  0.41562463  0.42688637  0.49211319  0.48593844  0.44410927  0.46174542  0.39360589  0.37751416  0.39904905  0.38820275  0.48593844  0.47981513  0.38820275  0.40453282  0.45581956  0.46174542  0.46771943  0.48593844  0.48593844  0.53685287  0.46174542  0.44410927  0.43832335  
22_0_0     0.38283903  0.39904905  0.38820275  0.33624942  0.34128260  0.35659227  0.35145353  0.13557841  0.13557841  0.13557841  0.18287973  0.09474027  0.00000000  0.05948625  0.09474027  0.12798255  0.13177067  0.12798255  0.15884865  0.15100977  0.24663710  0.24221018  0.25109084  0.28304634  0.25557174  0.42688637  0.42123393  0.41562463  0.40453282  0.38820275  0.38820275  0.49834026  0.49834026  0.49834026  0.49834026  0.33125048  0.32628530  0.38820275  0.38820275  0.39360589  0.39904905  0.38820275  0.36176718  0.39360589  0.34635047  0.36176718  0.36176718  0.35659227  0.37751416  0.38820275  0.50462053  0.42123393  0.61316989  0.64301098  0.65839847  0.65066446  0.68210107  0.65066446  0.61316989  0.62051736  0.62793902  0.57056368  0.57749542  0.57056368  0.62051736  0.57056368  0.57749542  0.59869168  0.53685287  0.54347248  0.65839847  0.62051736  0.60589514  0.58449314  0.61316989  0.58449314  0.61316989  0.72338730  0.74932004  0.71494245  0.59869168  0.59155813  0.66621472  0.59869168  0.61316989  0.61316989  0.62051736  0.62051736  0.62793902  0.62793902  0.60589514  0.60589514  0.62051736  0.65066446  0.63543637  0.62051736  0.62051736  0.65839847  0.61316989  0.60589514  0.38283903  0.37222760  0.39360589  0.39360589  0.39360589  0.39904905  0.39904905  0.38283903  0.39360589  0.44410927  0.43832335  0.43258262  0.45581956  0.38283903  0.36697878  0.38820275  0.37751416  0.52378984  0.51734436  0.43258262  0.44410927  0.51095491  0.53029233  0.45581956  0.47374240  0.47374240  0.53685287  0.44994110  0.43258262  0.42688637  
73_0_0     0.32135344  0.33624942  0.32628530  0.29717859  0.30195038  0.32628530  0.31158789  0.11302231  0.09836049  0.09836049  0.14325360  0.05948625  0.05948625  0.00000000  0.04584483  0.11302231  0.09474027  0.09836049  0.12046437  0.11302231  0.21194650  0.20772307  0.21619434  0.24663710  0.22046688  0.38820275  0.37751416  0.37222760  0.37751416  0.36176718  0.36176718  0.48593844  0.48593844  0.48593844  0.46174542  0.31645445  0.31158789  0.38283903  0.38820275  0.39904905  0.41562463  0.39360589  0.36697878  0.38820275  0.33125048  0.34635047  0.34635047  0.34128260  0.35145353  0.36176718  0.49834026  0.43258262  0.59155813  0.64301098  0.65839847  0.63543637  0.63543637  0.62051736  0.58449314  0.63543637  0.62793902  0.57056368  0.59155813  0.57056368  0.57749542  0.57056368  0.57749542  0.57056368  0.53685287  0.53029233  0.59155813  0.59869168  0.59869168  0.59155813  0.59869168  0.58449314  0.60589514  0.68210107  0.67411498  0.67411498  0.59155813  0.57056368  0.64301098  0.59869168  0.57749542  0.57749542  0.61316989  0.62793902  0.60589514  0.59869168  0.59155813  0.59155813  0.60589514  0.62051736  0.60589514  0.59155813  0.59155813  0.58449314  0.58449314  0.57749542  0.37751416  0.36697878  0.38820275  0.38820275  0.38283903  0.38820275  0.39360589  0.39904905  0.41005780  0.45581956  0.44994110  0.42123393  0.43832335  0.38820275  0.37222760  0.39360589  0.38283903  0.49834026  0.49211319  0.41562463  0.42688637  0.46174542  0.47374240  0.47981513  0.49834026  0.49834026  0.56369670  0.46174542  0.44410927  0.43832335  
73_1_0     0.31645445  0.29717859  0.28772697  0.29243759  0.28772697  0.28772697  0.27377357  0.10565484  0.09474027  0.09474027  0.13940599  0.05948625  0.09474027  0.04584483  0.00000000  0.08755291  0.07338563  0.08398541  0.09836049  0.09113781  0.18696241  0.18287973  0.19106790  0.21194650  0.19934831  0.37222760  0.38283903  0.37751416  0.37751416  0.36176718  0.36176718  0.47981513  0.49834026  0.49834026  0.46174542  0.30675334  0.30195038  0.36176718  0.36697878  0.37222760  0.37751416  0.35659227  0.34128260  0.36176718  0.31645445  0.33125048  0.33125048  0.32628530  0.33624942  0.35659227  0.48593844  0.45581956  0.57056368  0.60589514  0.62051736  0.59869168  0.62793902  0.61316989  0.59155813  0.62793902  0.62051736  0.53685287  0.56369670  0.54347248  0.59155813  0.56369670  0.55689328  0.54347248  0.53029233  0.53685287  0.58449314  0.60589514  0.57749542  0.57056368  0.57749542  0.56369670  0.58449314  0.65066446  0.62793902  0.62793902  0.61316989  0.57749542  0.64301098  0.62051736  0.55689328  0.55689328  0.59155813  0.62051736  0.59869168  0.59155813  0.57056368  0.56369670  0.59155813  0.60589514  0.59155813  0.59155813  0.59155813  0.57749542  0.57749542  0.57056368  0.39360589  0.38283903  0.40453282  0.40453282  0.39904905  0.40453282  0.39904905  0.41005780  0.42123393  0.46771943  0.46174542  0.44410927  0.46174542  0.37222760  0.35659227  0.38820275  0.37751416  0.49211319  0.47374240  0.39904905  0.43258262  0.47981513  0.46174542  0.46771943  0.48593844  0.48593844  0.52378984  0.44994110  0.43258262  0.42688637  
22_1_0     0.36697878  0.35659227  0.34635047  0.33125048  0.33624942  0.31645445  0.32135344  0.15491876  0.15491876  0.15491876  0.19519645  0.12046437  0.12798255  0.11302231  0.08755291  0.00000000  0.13940599  0.11673392  0.14712145  0.13940599  0.22476439  0.22908717  0.23780976  0.26008011  0.20352377  0.37222760  0.36697878  0.36176718  0.38820275  0.37222760  0.37222760  0.47981513  0.49834026  0.51734436  0.49211319  0.33125048  0.32628530  0.36697878  0.37222760  0.38820275  0.39360589  0.38283903  0.37751416  0.38283903  0.33125048  0.33624942  0.33624942  0.34128260  0.35145353  0.40453282  0.50462053  0.41562463  0.58449314  0.62051736  0.62793902  0.60589514  0.60589514  0.59155813  0.56369670  0.62051736  0.62793902  0.53685287  0.55015225  0.54347248  0.59155813  0.56369670  0.56369670  0.57056368  0.55015225  0.55689328  0.60589514  0.65066446  0.59869168  0.62051736  0.61316989  0.59869168  0.61316989  0.65839847  0.65066446  0.65066446  0.58449314  0.57749542  0.63543637  0.62051736  0.57056368  0.57056368  0.59155813  0.62051736  0.61316989  0.59869168  0.59155813  0.59155813  0.57056368  0.59869168  0.58449314  0.59155813  0.59155813  0.57749542  0.59869168  0.59155813  0.38820275  0.38283903  0.41005780  0.41005780  0.40453282  0.41005780  0.40453282  0.41562463  0.42688637  0.46174542  0.45581956  0.43258262  0.46771943  0.37751416  0.36176718  0.39360589  0.38283903  0.51095491  0.48593844  0.43258262  0.46174542  0.51095491  0.51095491  0.42123393  0.43832335  0.43832335  0.50462053  0.43258262  0.42688637  0.42123393  
23_1_0     0.32135344  0.32628530  0.31645445  0.31158789  0.29717859  0.31158789  0.29717859  0.12798255  0.13557841  0.13557841  0.15100977  0.08755291  0.13177067  0.09474027  0.07338563  0.13940599  0.00000000  0.10565484  0.13557841  0.12798255  0.22908717  0.22476439  0.23343553  0.25557174  0.25109084  0.38283903  0.36176718  0.35659227  0.40453282  0.39904905  0.38820275  0.49211319  0.48593844  0.49834026  0.47374240  0.32135344  0.31645445  0.34635047  0.35145353  0.38283903  0.37751416  0.35659227  0.33125048  0.35659227  0.32135344  0.35659227  0.33624942  0.33125048  0.34128260  0.35145353  0.51095491  0.44994110  0.61316989  0.65066446  0.65839847  0.62051736  0.64301098  0.64301098  0.60589514  0.69017489  0.66621472  0.57749542  0.57749542  0.57056368  0.60589514  0.59155813  0.58449314  0.56369670  0.57056368  0.56369670  0.61316989  0.61316989  0.59155813  0.57056368  0.59155813  0.56369670  0.57056368  0.65839847  0.63543637  0.66621472  0.62793902  0.62051736  0.69833837  0.59869168  0.55015225  0.57749542  0.61316989  0.64301098  0.59155813  0.62051736  0.59869168  0.59869168  0.59869168  0.58449314  0.58449314  0.59155813  0.60589514  0.59869168  0.59155813  0.58449314  0.40453282  0.39360589  0.41562463  0.41562463  0.41005780  0.41562463  0.42123393  0.42123393  0.43258262  0.46174542  0.45581956  0.44994110  0.46771943  0.38820275  0.37222760  0.39360589  0.38283903  0.52378984  0.51734436  0.42123393  0.46174542  0.53029233  0.52378984  0.48593844  0.50462053  0.50462053  0.54347248  0.46771943  0.44994110  0.44410927  
46_1_0     0.33125048  0.33624942  0.33624942  0.30195038  0.29717859  0.32628530  0.31158789  0.15491876  0.13940599  0.13940599  0.17076599  0.10565484  0.12798255  0.09836049  0.08398541  0.11673392  0.10565484  0.00000000  0.05948625  0.05263390  0.22046688  0.22476439  0.23343553  0.24663710  0.22908717  0.41562463  0.41562463  0.41005780  0.41005780  0.39360589  0.39360589  0.51095491  0.53685287  0.52378984  0.49834026  0.31158789  0.30675334  0.36697878  0.37222760  0.36697878  0.37222760  0.35145353  0.31645445  0.35145353  0.32135344  0.34635047  0.33624942  0.33125048  0.34128260  0.38283903  0.53685287  0.44994110  0.60589514  0.62793902  0.64301098  0.62051736  0.65066446  0.63543637  0.59869168  0.64301098  0.62051736  0.55689328  0.57056368  0.55015225  0.60589514  0.58449314  0.57749542  0.58449314  0.55015225  0.57056368  0.62051736  0.61316989  0.59155813  0.60589514  0.59155813  0.56369670  0.59155813  0.66621472  0.65839847  0.65839847  0.62051736  0.62051736  0.65839847  0.63543637  0.57749542  0.59155813  0.62793902  0.64301098  0.65066446  0.59869168  0.59869168  0.61316989  0.61316989  0.64301098  0.61316989  0.57749542  0.59155813  0.61316989  0.60589514  0.59869168  0.38820275  0.37751416  0.39904905  0.39904905  0.39360589  0.39904905  0.40453282  0.42123393  0.43258262  0.51095491  0.50462053  0.43832335  0.46174542  0.39904905  0.38283903  0.38283903  0.38283903  0.49834026  0.52378984  0.44994110  0.50462053  0.51095491  0.51734436  0.46771943  0.48593844  0.48593844  0.55015225  0.47981513  0.46771943  0.46174542  
80_1_0     0.34128260  0.35659227  0.35659227  0.35145353  0.34635047  0.34635047  0.34635047  0.18696241  0.13940599  0.13940599  0.17881959  0.12798255  0.15884865  0.12046437  0.09836049  0.14712145  0.13557841  0.05948625  0.00000000  0.02584594  0.26461631  0.26008011  0.26008011  0.27839533  0.27839533  0.42688637  0.43832335  0.43258262  0.41005780  0.41562463  0.41562463  0.49211319  0.51734436  0.53029233  0.50462053  0.34128260  0.33624942  0.41005780  0.41562463  0.36697878  0.37222760  0.34128260  0.32628530  0.35145353  0.35145353  0.37751416  0.37751416  0.36176718  0.37222760  0.39360589  0.54347248  0.47374240  0.62793902  0.67411498  0.69833837  0.67411498  0.67411498  0.64301098  0.60589514  0.66621472  0.65839847  0.57749542  0.62051736  0.59869168  0.63543637  0.62051736  0.61316989  0.60589514  0.58449314  0.60589514  0.60589514  0.61316989  0.58449314  0.59869168  0.59869168  0.57056368  0.61316989  0.69017489  0.68210107  0.69833837  0.62793902  0.61316989  0.63543637  0.64301098  0.60589514  0.62051736  0.65839847  0.72338730  0.66621472  0.65066446  0.65066446  0.66621472  0.65839847  0.67411498  0.65839847  0.61316989  0.62793902  0.60589514  0.62793902  0.62051736  0.43258262  0.42123393  0.44410927  0.44410927  0.43832335  0.43258262  0.43832335  0.45581956  0.46771943  0.53029233  0.52378984  0.49834026  0.51734436  0.43258262  0.41562463  0.41562463  0.41562463  0.53029233  0.53029233  0.50462053  0.52378984  0.55015225  0.54347248  0.51734436  0.52378984  0.52378984  0.57749542  0.51095491  0.48593844  0.47981513  
75_1_0     0.34128260  0.32628530  0.32628530  0.34128260  0.33624942  0.34635047  0.34128260  0.17881959  0.14712145  0.14712145  0.18696241  0.12046437  0.15100977  0.11302231  0.09113781  0.13940599  0.12798255  0.05263390  0.02584594  0.00000000  0.26461631  0.26008011  0.26918068  0.27839533  0.27839533  0.42688637  0.43832335  0.43258262  0.41005780  0.40453282  0.40453282  0.51095491  0.52378984  0.53685287  0.51095491  0.34128260  0.33624942  0.43258262  0.43832335  0.38820275  0.39360589  0.36176718  0.34635047  0.36176718  0.36176718  0.38820275  0.37751416  0.37222760  0.38283903  0.40453282  0.52378984  0.47374240  0.59155813  0.65839847  0.67411498  0.65066446  0.66621472  0.63543637  0.59869168  0.62793902  0.62051736  0.55689328  0.59869168  0.58449314  0.61316989  0.59869168  0.59155813  0.58449314  0.56369670  0.58449314  0.59869168  0.60589514  0.57749542  0.59155813  0.59155813  0.56369670  0.60589514  0.69833837  0.69017489  0.69017489  0.65066446  0.63543637  0.65839847  0.66621472  0.58449314  0.59869168  0.63543637  0.69833837  0.64301098  0.61316989  0.62793902  0.64301098  0.64301098  0.65839847  0.64301098  0.60589514  0.62051736  0.59869168  0.60589514  0.59869168  0.42123393  0.41005780  0.44410927  0.44410927  0.43832335  0.43258262  0.43832335  0.45581956  0.46771943  0.53685287  0.53029233  0.47981513  0.49834026  0.43258262  0.41562463  0.41562463  0.41562463  0.53685287  0.53685287  0.49211319  0.51095491  0.55689328  0.52378984  0.52378984  0.54347248  0.54347248  0.57056368  0.50462053  0.49211319  0.48593844  
83_0_0     0.37222760  0.35145353  0.33624942  0.30675334  0.28304634  0.29243759  0.30195038  0.23343553  0.22908717  0.22908717  0.23780976  0.21619434  0.24663710  0.21194650  0.18696241  0.22476439  0.22908717  0.22046688  0.26461631  0.26461631  0.00000000  0.01604691  0.02256506  0.06293653  0.13177067  0.39360589  0.42688637  0.41562463  0.38820275  0.37222760  0.37222760  0.48593844  0.53029233  0.51095491  0.47374240  0.29243759  0.28772697  0.32135344  0.32135344  0.37222760  0.37751416  0.36697878  0.36176718  0.35659227  0.29243759  0.32135344  0.32135344  0.30195038  0.30675334  0.34635047  0.46174542  0.49834026  0.62793902  0.63543637  0.63543637  0.62793902  0.59869168  0.61316989  0.58449314  0.65066446  0.62793902  0.62051736  0.63543637  0.61316989  0.60589514  0.61316989  0.62051736  0.61316989  0.55015225  0.55689328  0.59155813  0.59869168  0.55689328  0.59869168  0.55689328  0.54347248  0.58449314  0.65066446  0.64301098  0.63543637  0.64301098  0.62051736  0.64301098  0.63543637  0.55689328  0.57056368  0.59155813  0.58449314  0.59155813  0.57056368  0.57749542  0.57749542  0.57056368  0.58449314  0.57056368  0.58449314  0.59155813  0.59155813  0.57749542  0.57056368  0.37751416  0.37222760  0.39360589  0.39360589  0.38820275  0.39360589  0.39360589  0.42123393  0.43258262  0.44994110  0.45581956  0.42688637  0.43832335  0.37222760  0.35659227  0.35659227  0.36697878  0.48593844  0.52378984  0.43832335  0.51734436  0.51095491  0.50462053  0.47374240  0.49211319  0.49211319  0.51095491  0.48593844  0.50462053  0.51095491  
16_0_0     0.35659227  0.34635047  0.33125048  0.29243759  0.27839533  0.29717859  0.29717859  0.22908717  0.22046688  0.22046688  0.22908717  0.21194650  0.24221018  0.20772307  0.18287973  0.22908717  0.22476439  0.22476439  0.26008011  0.26008011  0.01604691  0.00000000  0.01280938  0.05263390  0.13940599  0.37751416  0.41005780  0.39904905  0.40453282  0.37751416  0.37751416  0.48593844  0.51734436  0.52378984  0.46771943  0.30195038  0.29717859  0.33125048  0.33125048  0.36176718  0.36697878  0.35659227  0.35145353  0.35659227  0.30195038  0.33125048  0.33125048  0.31158789  0.31645445  0.34128260  0.47981513  0.51095491  0.63543637  0.63543637  0.63543637  0.62793902  0.59869168  0.61316989  0.58449314  0.63543637  0.61316989  0.61316989  0.63543637  0.61316989  0.60589514  0.61316989  0.62051736  0.61316989  0.55015225  0.55689328  0.57749542  0.59869168  0.54347248  0.58449314  0.57056368  0.56369670  0.60589514  0.65839847  0.66621472  0.65839847  0.64301098  0.60589514  0.62793902  0.62051736  0.57056368  0.58449314  0.60589514  0.59869168  0.60589514  0.57056368  0.56369670  0.56369670  0.58449314  0.59869168  0.57056368  0.58449314  0.59155813  0.59869168  0.57749542  0.57056368  0.38283903  0.37751416  0.39904905  0.39904905  0.39360589  0.39904905  0.39904905  0.43258262  0.44410927  0.47374240  0.47981513  0.43258262  0.43832335  0.37222760  0.35659227  0.35659227  0.36697878  0.49211319  0.51734436  0.44410927  0.49834026  0.51095491  0.51734436  0.47374240  0.49211319  0.49211319  0.52378984  0.50462053  0.52378984  0.53029233  
27_0_0     0.36697878  0.35145353  0.33624942  0.31158789  0.28772697  0.29717859  0.30195038  0.23780976  0.22046688  0.22046688  0.22908717  0.21194650  0.25109084  0.21619434  0.19106790  0.23780976  0.23343553  0.23343553  0.26008011  0.26918068  0.02256506  0.01280938  0.00000000  0.05948625  0.14712145  0.38820275  0.42123393  0.41005780  0.41005780  0.39360589  0.39360589  0.47981513  0.52378984  0.51095491  0.46174542  0.30195038  0.29717859  0.32135344  0.32135344  0.35659227  0.36176718  0.35145353  0.34128260  0.34635047  0.29717859  0.32628530  0.32628530  0.30675334  0.31158789  0.35145353  0.48593844  0.50462053  0.62793902  0.62793902  0.62793902  0.62051736  0.59155813  0.60589514  0.57749542  0.64301098  0.62051736  0.60589514  0.62793902  0.60589514  0.59869168  0.60589514  0.61316989  0.60589514  0.55689328  0.56369670  0.58449314  0.60589514  0.55015225  0.59155813  0.56369670  0.55689328  0.59869168  0.66621472  0.65839847  0.65066446  0.65066446  0.61316989  0.63543637  0.62793902  0.57056368  0.58449314  0.60589514  0.59869168  0.60589514  0.58449314  0.57749542  0.57749542  0.58449314  0.59869168  0.57056368  0.58449314  0.59155813  0.59869168  0.59155813  0.58449314  0.39360589  0.38820275  0.39904905  0.39904905  0.40453282  0.41005780  0.41005780  0.43258262  0.44410927  0.46771943  0.47374240  0.44410927  0.44994110  0.36697878  0.35145353  0.35145353  0.36176718  0.49834026  0.52378984  0.44994110  0.51734436  0.53029233  0.51734436  0.46771943  0.48593844  0.48593844  0.53029233  0.49834026  0.51734436  0.52378984  
1_0_0      0.36697878  0.35659227  0.35145353  0.32135344  0.29717859  0.30675334  0.30195038  0.25109084  0.25109084  0.25109084  0.24221018  0.25109084  0.28304634  0.24663710  0.21194650  0.26008011  0.25557174  0.24663710  0.27839533  0.27839533  0.06293653  0.05263390  0.05948625  0.00000000  0.15491876  0.40453282  0.41005780  0.41005780  0.42688637  0.41005780  0.41005780  0.49834026  0.54347248  0.55015225  0.49211319  0.33624942  0.32135344  0.35145353  0.35145353  0.41005780  0.41562463  0.40453282  0.39360589  0.41562463  0.35145353  0.37222760  0.37222760  0.35145353  0.35659227  0.35145353  0.50462053  0.50462053  0.63543637  0.62793902  0.62793902  0.62051736  0.55689328  0.58449314  0.57056368  0.62051736  0.59869168  0.59155813  0.59155813  0.58449314  0.59155813  0.58449314  0.59155813  0.61316989  0.56369670  0.55689328  0.60589514  0.62051736  0.53685287  0.57749542  0.56369670  0.55689328  0.58449314  0.71494245  0.70659353  0.69833837  0.66621472  0.62793902  0.68210107  0.65839847  0.60589514  0.60589514  0.64301098  0.62051736  0.62051736  0.57749542  0.57056368  0.57056368  0.60589514  0.60589514  0.57749542  0.58449314  0.59155813  0.60589514  0.58449314  0.59155813  0.41005780  0.41562463  0.43832335  0.43832335  0.42123393  0.42688637  0.42688637  0.46771943  0.47981513  0.48593844  0.49211319  0.46174542  0.47981513  0.41562463  0.39904905  0.39904905  0.41005780  0.45581956  0.50462053  0.45581956  0.52378984  0.53685287  0.51095491  0.46771943  0.48593844  0.48593844  0.49834026  0.52378984  0.53029233  0.53685287  
84_0_0     0.37751416  0.34635047  0.33125048  0.31645445  0.29243759  0.32628530  0.33125048  0.24663710  0.24221018  0.24221018  0.26461631  0.23780976  0.25557174  0.22046688  0.19934831  0.20352377  0.25109084  0.22908717  0.27839533  0.27839533  0.13177067  0.13940599  0.14712145  0.15491876  0.00000000  0.37751416  0.42123393  0.41005780  0.36697878  0.36176718  0.36176718  0.44410927  0.51095491  0.48593844  0.46174542  0.26918068  0.27377357  0.32135344  0.32628530  0.38820275  0.39360589  0.38283903  0.37751416  0.39904905  0.30195038  0.31158789  0.31158789  0.30195038  0.30675334  0.36697878  0.51734436  0.45581956  0.59869168  0.66621472  0.68210107  0.65839847  0.58449314  0.59869168  0.61316989  0.65066446  0.64301098  0.59869168  0.59869168  0.57749542  0.58449314  0.59155813  0.58449314  0.60589514  0.56369670  0.54347248  0.61316989  0.61316989  0.56369670  0.58449314  0.57749542  0.56369670  0.60589514  0.67411498  0.66621472  0.69017489  0.58449314  0.57056368  0.66621472  0.60589514  0.58449314  0.55689328  0.60589514  0.59155813  0.62051736  0.55015225  0.55689328  0.55689328  0.55015225  0.57056368  0.56369670  0.58449314  0.57056368  0.56369670  0.55689328  0.56369670  0.36697878  0.36176718  0.38820275  0.38820275  0.36697878  0.37222760  0.36176718  0.44410927  0.45581956  0.41562463  0.42123393  0.42688637  0.45581956  0.36697878  0.35145353  0.36176718  0.37222760  0.44994110  0.48593844  0.40453282  0.45581956  0.49834026  0.46771943  0.46174542  0.46771943  0.46771943  0.49834026  0.46771943  0.48593844  0.47981513  
