158
28_0_0     0.00000000  0.04899103  0.03530693  0.04440166  0.04440166  0.03530693  0.06293137  0.24240624  0.23056226  0.23056226  0.23056226  0.43169727  0.34462285  0.38688770  0.35844622  0.32435747  0.32435747  0.35150245  0.37967481  0.31114735  0.35844622  0.35844622  0.37253114  0.36545537  0.35150245  0.39417115  0.39417115  0.40152657  0.42403919  0.44725390  0.38688770  0.42403919  0.43169727  0.42403919  0.43169727  0.41645909  0.40895539  0.43943495  0.41645909  0.42403919  0.33105148  0.44725390  0.50441434  0.44725390  0.48763007  0.48763007  0.49597490  0.44725390  0.46314256  0.47121590  0.47937775  0.45515584  0.43943495  0.46314256  0.46314256  0.41645909  0.43943495  0.44725390  0.48763007  0.47937775  0.49597490  0.47937775  0.47937775  0.48763007  0.41645909  0.44725390  0.45515584  0.44725390  0.46314256  0.45515584  0.44725390  0.44725390  0.45515584  0.48763007  0.46314256  0.45515584  0.47121590  0.51295054  0.51295054  0.43169727  0.43943495  0.43943495  0.40152657  0.40895539  0.44725390  0.42403919  0.46314256  0.50441434  0.50441434  0.47121590  0.47121590  0.47937775  0.38688770  0.37967481  0.38688770  0.38688770  0.38688770  0.43169727  0.42403919  0.40152657  0.43169727  0.42403919  0.41645909  0.41645909  0.41645909  0.42403919  0.39417115  0.39417115  0.40152657  0.38688770  0.39417115  0.37253114  0.39417115  0.43943495  0.44725390  0.44725390  0.43943495  0.45515584  0.44725390  0.44725390  0.44725390  0.41645909  0.40895539  0.43169727  0.41645909  0.40152657  0.37967481  0.36545537  0.40895539  0.45515584  0.43943495  0.46314256  0.44725390  0.38688770  0.41645909  0.40895539  0.43943495  0.41645909  0.42403919  0.40152657  0.41645909  0.43169727  0.40895539  0.40895539  0.40895539  0.41645909  0.40895539  0.40152657  0.47121590  0.37253114  0.41645909  0.42403919  0.41645909  0.40152657  0.39417115  0.39417115  0.40895539  0.38688770  
21_0_0     0.04899103  0.00000000  0.01304466  0.07713775  0.07713775  0.07713775  0.09651141  0.30462916  0.26667495  0.24839965  0.26053320  0.43169727  0.37967481  0.37967481  0.40152657  0.37253114  0.37253114  0.38688770  0.40152657  0.32435747  0.38688770  0.38688770  0.41645909  0.37967481  0.37967481  0.41645909  0.41645909  0.40895539  0.47121590  0.46314256  0.41645909  0.44725390  0.44725390  0.43943495  0.44725390  0.43169727  0.42403919  0.45515584  0.40895539  0.41645909  0.37967481  0.47121590  0.53032233  0.45515584  0.53032233  0.53032233  0.53916265  0.47121590  0.48763007  0.49597490  0.50441434  0.46314256  0.43943495  0.46314256  0.46314256  0.41645909  0.42403919  0.41645909  0.45515584  0.44725390  0.46314256  0.47937775  0.47937775  0.45515584  0.43169727  0.46314256  0.47121590  0.46314256  0.47937775  0.45515584  0.41645909  0.41645909  0.42403919  0.52158577  0.51295054  0.48763007  0.48763007  0.50441434  0.49597490  0.43169727  0.43943495  0.43943495  0.42403919  0.41645909  0.45515584  0.43943495  0.49597490  0.50441434  0.50441434  0.47121590  0.48763007  0.49597490  0.39417115  0.37967481  0.38688770  0.37253114  0.38688770  0.40895539  0.40152657  0.41645909  0.43943495  0.43169727  0.40895539  0.40895539  0.43169727  0.43943495  0.40152657  0.40152657  0.40895539  0.40152657  0.40895539  0.38688770  0.38688770  0.43943495  0.43169727  0.43169727  0.40895539  0.44725390  0.40895539  0.40895539  0.40895539  0.42403919  0.43169727  0.45515584  0.46314256  0.44725390  0.40152657  0.38688770  0.43943495  0.46314256  0.44725390  0.47121590  0.45515584  0.42403919  0.45515584  0.44725390  0.47121590  0.43169727  0.43169727  0.40895539  0.44725390  0.46314256  0.43943495  0.40152657  0.40152657  0.40895539  0.40152657  0.40895539  0.47121590  0.35150245  0.42403919  0.43169727  0.43943495  0.40895539  0.40152657  0.40152657  0.41645909  0.40152657  
22_0_0     0.03530693  0.01304466  0.00000000  0.06293137  0.06293137  0.06293137  0.08193410  0.28541020  0.24839965  0.23056226  0.24240624  0.43169727  0.36545537  0.37967481  0.40152657  0.36545537  0.36545537  0.37967481  0.39417115  0.31114735  0.37253114  0.37253114  0.39417115  0.35844622  0.36545537  0.40895539  0.40895539  0.40152657  0.44725390  0.45515584  0.40895539  0.43943495  0.43943495  0.43169727  0.43943495  0.42403919  0.41645909  0.44725390  0.40152657  0.40895539  0.35844622  0.47121590  0.53032233  0.45515584  0.53032233  0.53032233  0.53916265  0.47121590  0.48763007  0.49597490  0.50441434  0.46314256  0.43943495  0.46314256  0.46314256  0.41645909  0.42403919  0.41645909  0.45515584  0.44725390  0.46314256  0.47937775  0.47937775  0.45515584  0.43169727  0.44725390  0.45515584  0.46314256  0.47937775  0.45515584  0.41645909  0.41645909  0.42403919  0.52158577  0.51295054  0.48763007  0.48763007  0.49597490  0.49597490  0.43169727  0.43943495  0.43943495  0.42403919  0.41645909  0.45515584  0.43943495  0.49597490  0.51295054  0.51295054  0.47937775  0.48763007  0.49597490  0.40152657  0.37967481  0.38688770  0.37253114  0.38688770  0.40895539  0.40152657  0.41645909  0.43943495  0.43169727  0.40895539  0.40895539  0.43169727  0.43943495  0.40152657  0.40152657  0.40895539  0.40152657  0.40895539  0.38688770  0.38688770  0.43943495  0.43169727  0.43169727  0.40895539  0.45515584  0.41645909  0.41645909  0.41645909  0.41645909  0.42403919  0.44725390  0.44725390  0.43169727  0.39417115  0.37967481  0.43169727  0.45515584  0.43943495  0.46314256  0.44725390  0.41645909  0.44725390  0.45515584  0.46314256  0.41645909  0.41645909  0.40152657  0.43169727  0.44725390  0.42403919  0.39417115  0.39417115  0.40152657  0.39417115  0.40152657  0.46314256  0.35844622  0.41645909  0.42403919  0.43169727  0.40152657  0.39417115  0.39417115  0.40895539  0.39417115  
14_0_0     0.04440166  0.07713775  0.06293137  0.00000000  0.00000000  0.03530693  0.04440166  0.24240624  0.23646070  0.22471019  0.23646070  0.40152657  0.32435747  0.37253114  0.34462285  0.31772310  0.31772310  0.33780624  0.33780624  0.31772310  0.36545537  0.36545537  0.37967481  0.35844622  0.35844622  0.36545537  0.37253114  0.38688770  0.40895539  0.43169727  0.41645909  0.39417115  0.43169727  0.42403919  0.41645909  0.41645909  0.40895539  0.43943495  0.38688770  0.39417115  0.34462285  0.42403919  0.46314256  0.43943495  0.50441434  0.52158577  0.51295054  0.46314256  0.45515584  0.44725390  0.45515584  0.41645909  0.43169727  0.46314256  0.46314256  0.41645909  0.41645909  0.45515584  0.46314256  0.45515584  0.47121590  0.47121590  0.47121590  0.46314256  0.40895539  0.40895539  0.41645909  0.42403919  0.45515584  0.40152657  0.40895539  0.40895539  0.43169727  0.47937775  0.45515584  0.44725390  0.47121590  0.47937775  0.47121590  0.43943495  0.44725390  0.44725390  0.39417115  0.38688770  0.43943495  0.41645909  0.47121590  0.49597490  0.49597490  0.47937775  0.47121590  0.47937775  0.37967481  0.35844622  0.36545537  0.35150245  0.37967481  0.40895539  0.40152657  0.41645909  0.43169727  0.42403919  0.40152657  0.40152657  0.40895539  0.40152657  0.35844622  0.37253114  0.37967481  0.36545537  0.37253114  0.35150245  0.35844622  0.38688770  0.40895539  0.40895539  0.40152657  0.43943495  0.40895539  0.40895539  0.40895539  0.38688770  0.39417115  0.40152657  0.40152657  0.38688770  0.36545537  0.35150245  0.38688770  0.43169727  0.43169727  0.47121590  0.43943495  0.40895539  0.42403919  0.43943495  0.43943495  0.41645909  0.40152657  0.37967481  0.42403919  0.42403919  0.41645909  0.40152657  0.38688770  0.40895539  0.37253114  0.36545537  0.44725390  0.36545537  0.40895539  0.40152657  0.39417115  0.37967481  0.37253114  0.37253114  0.38688770  0.37967481  
8_0_0      0.04440166  0.07713775  0.06293137  0.00000000  0.00000000  0.03530693  0.04440166  0.24240624  0.23646070  0.22471019  0.23646070  0.40152657  0.32435747  0.37253114  0.34462285  0.31772310  0.31772310  0.33780624  0.33780624  0.31772310  0.36545537  0.36545537  0.37967481  0.35844622  0.35844622  0.36545537  0.37253114  0.38688770  0.40895539  0.43169727  0.41645909  0.39417115  0.43169727  0.42403919  0.41645909  0.41645909  0.40895539  0.43943495  0.38688770  0.39417115  0.34462285  0.42403919  0.46314256  0.43943495  0.50441434  0.52158577  0.51295054  0.46314256  0.45515584  0.44725390  0.45515584  0.41645909  0.43169727  0.46314256  0.46314256  0.41645909  0.41645909  0.45515584  0.46314256  0.45515584  0.47121590  0.47121590  0.47121590  0.46314256  0.40895539  0.40895539  0.41645909  0.42403919  0.45515584  0.40152657  0.40895539  0.40895539  0.43169727  0.47937775  0.45515584  0.44725390  0.47121590  0.47937775  0.47121590  0.43943495  0.44725390  0.44725390  0.39417115  0.38688770  0.43943495  0.41645909  0.47121590  0.49597490  0.49597490  0.47937775  0.47121590  0.47937775  0.37967481  0.35844622  0.36545537  0.35150245  0.37967481  0.40895539  0.40152657  0.41645909  0.43169727  0.42403919  0.40152657  0.40152657  0.40895539  0.40152657  0.35844622  0.37253114  0.37967481  0.36545537  0.37253114  0.35150245  0.35844622  0.38688770  0.40895539  0.40895539  0.40152657  0.43943495  0.40895539  0.40895539  0.40895539  0.38688770  0.39417115  0.40152657  0.40152657  0.38688770  0.36545537  0.35150245  0.38688770  0.43169727  0.43169727  0.47121590  0.43943495  0.40895539  0.42403919  0.43943495  0.43943495  0.41645909  0.40152657  0.37967481  0.42403919  0.42403919  0.41645909  0.40152657  0.38688770  0.40895539  0.37253114  0.36545537  0.44725390  0.36545537  0.40895539  0.40152657  0.39417115  0.37967481  0.37253114  0.37253114  0.38688770  0.37967481  
2_0_0      0.03530693  0.07713775  0.06293137  0.03530693  0.03530693  0.00000000  0.03530693  0.24240624  0.24240624  0.21890377  0.21890377  0.43169727  0.33780624  0.35844622  0.33780624  0.32435747  0.32435747  0.34462285  0.34462285  0.29816756  0.31772310  0.31772310  0.35844622  0.33780624  0.32435747  0.36545537  0.36545537  0.38688770  0.40895539  0.43169727  0.40152657  0.40895539  0.41645909  0.40895539  0.41645909  0.41645909  0.39417115  0.42403919  0.41645909  0.40895539  0.34462285  0.43943495  0.47937775  0.42403919  0.46314256  0.47937775  0.47121590  0.42403919  0.47121590  0.46314256  0.45515584  0.43169727  0.38688770  0.41645909  0.41645909  0.37253114  0.40152657  0.42403919  0.44725390  0.43943495  0.45515584  0.43943495  0.43943495  0.44725390  0.41645909  0.40895539  0.41645909  0.42403919  0.45515584  0.40152657  0.40895539  0.40895539  0.41645909  0.44725390  0.42403919  0.41645909  0.42403919  0.47121590  0.49597490  0.43943495  0.44725390  0.44725390  0.39417115  0.40152657  0.42403919  0.41645909  0.47121590  0.49597490  0.49597490  0.49597490  0.45515584  0.46314256  0.37967481  0.37253114  0.37967481  0.36545537  0.40895539  0.42403919  0.41645909  0.41645909  0.42403919  0.41645909  0.40895539  0.40895539  0.37967481  0.38688770  0.37967481  0.37967481  0.38688770  0.35150245  0.35844622  0.33780624  0.37253114  0.40152657  0.42403919  0.42403919  0.43169727  0.45515584  0.42403919  0.42403919  0.42403919  0.40152657  0.39417115  0.43169727  0.41645909  0.38688770  0.37967481  0.36545537  0.40152657  0.44725390  0.43169727  0.47121590  0.43943495  0.39417115  0.42403919  0.42403919  0.43943495  0.41645909  0.41645909  0.39417115  0.42403919  0.43943495  0.41645909  0.41645909  0.41645909  0.42403919  0.40152657  0.38688770  0.44725390  0.39417115  0.42403919  0.38688770  0.40895539  0.39417115  0.38688770  0.38688770  0.40152657  0.39417115  
5_0_0      0.06293137  0.09651141  0.08193410  0.04440166  0.04440166  0.03530693  0.00000000  0.24240624  0.24839965  0.23646070  0.24839965  0.43169727  0.35150245  0.37253114  0.35150245  0.32435747  0.32435747  0.35844622  0.34462285  0.31114735  0.34462285  0.34462285  0.40152657  0.36545537  0.35150245  0.39417115  0.39417115  0.41645909  0.44725390  0.47121590  0.43943495  0.43169727  0.46314256  0.45515584  0.46314256  0.46314256  0.43943495  0.47121590  0.42403919  0.41645909  0.38688770  0.46314256  0.50441434  0.44725390  0.50441434  0.52158577  0.51295054  0.46314256  0.49597490  0.47121590  0.46314256  0.43943495  0.40152657  0.43169727  0.43169727  0.38688770  0.40152657  0.42403919  0.44725390  0.43943495  0.45515584  0.45515584  0.45515584  0.44725390  0.44725390  0.41645909  0.42403919  0.43169727  0.46314256  0.40895539  0.41645909  0.41645909  0.42403919  0.46314256  0.43943495  0.43169727  0.45515584  0.48763007  0.49597490  0.45515584  0.46314256  0.46314256  0.40895539  0.41645909  0.43943495  0.43169727  0.48763007  0.51295054  0.51295054  0.51295054  0.48763007  0.49597490  0.39417115  0.37253114  0.37967481  0.36545537  0.40895539  0.40895539  0.41645909  0.43169727  0.45515584  0.44725390  0.42403919  0.42403919  0.39417115  0.38688770  0.37253114  0.38688770  0.39417115  0.36545537  0.37253114  0.35150245  0.37253114  0.43169727  0.43943495  0.43943495  0.44725390  0.45515584  0.42403919  0.42403919  0.42403919  0.43943495  0.43169727  0.45515584  0.45515584  0.43943495  0.41645909  0.40152657  0.43943495  0.48763007  0.48763007  0.53032233  0.49597490  0.43169727  0.44725390  0.46314256  0.46314256  0.45515584  0.45515584  0.43169727  0.47937775  0.47937775  0.47121590  0.43943495  0.42403919  0.44725390  0.39417115  0.40895539  0.48763007  0.43169727  0.46314256  0.42403919  0.44725390  0.43169727  0.42403919  0.42403919  0.43943495  0.41645909  
1_0_0      0.24240624  0.30462916  0.28541020  0.24240624  0.24240624  0.24240624  0.24240624  0.00000000  0.14727326  0.19053215  0.19053215  0.33780624  0.34462285  0.35844622  0.38688770  0.33780624  0.33780624  0.43169727  0.41645909  0.40152657  0.40895539  0.39417115  0.37253114  0.43169727  0.35844622  0.37967481  0.38688770  0.38688770  0.40895539  0.42403919  0.38688770  0.42403919  0.37967481  0.38688770  0.37967481  0.39417115  0.37253114  0.39417115  0.37253114  0.35150245  0.33780624  0.44725390  0.47121590  0.43943495  0.50441434  0.50441434  0.51295054  0.43169727  0.47937775  0.46314256  0.45515584  0.45515584  0.47121590  0.51295054  0.51295054  0.47937775  0.47121590  0.49597490  0.49597490  0.50441434  0.50441434  0.53032233  0.53032233  0.53916265  0.46314256  0.41645909  0.40895539  0.47937775  0.46314256  0.41645909  0.48763007  0.48763007  0.48763007  0.49597490  0.47121590  0.47937775  0.46314256  0.55716458  0.50441434  0.46314256  0.48763007  0.48763007  0.43169727  0.43943495  0.46314256  0.47121590  0.50441434  0.51295054  0.51295054  0.50441434  0.52158577  0.54810920  0.39417115  0.40152657  0.40895539  0.40895539  0.42403919  0.43943495  0.44725390  0.41645909  0.46314256  0.45515584  0.41645909  0.41645909  0.37967481  0.36545537  0.38688770  0.38688770  0.37967481  0.42403919  0.43169727  0.40895539  0.42403919  0.43169727  0.45515584  0.45515584  0.43169727  0.45515584  0.44725390  0.44725390  0.44725390  0.51295054  0.51295054  0.49597490  0.47937775  0.49597490  0.42403919  0.41645909  0.47937775  0.55716458  0.54810920  0.57561264  0.53916265  0.47121590  0.43943495  0.46314256  0.49597490  0.53032233  0.52158577  0.51295054  0.53032233  0.53032233  0.51295054  0.53032233  0.49597490  0.51295054  0.45515584  0.46314256  0.53032233  0.48763007  0.50441434  0.53032233  0.48763007  0.47121590  0.46314256  0.44725390  0.47121590  0.44725390  
32_0_0     0.23056226  0.26667495  0.24839965  0.23646070  0.23646070  0.24240624  0.24839965  0.14727326  0.00000000  0.15785461  0.15785461  0.40895539  0.33105148  0.35150245  0.35844622  0.32435747  0.32435747  0.39417115  0.38688770  0.32435747  0.34462285  0.33105148  0.33105148  0.37253114  0.33105148  0.35844622  0.36545537  0.35150245  0.44725390  0.47937775  0.40152657  0.41645909  0.36545537  0.37253114  0.37967481  0.33780624  0.35844622  0.38688770  0.39417115  0.40152657  0.33780624  0.46314256  0.47121590  0.45515584  0.52158577  0.52158577  0.53032233  0.43943495  0.47937775  0.47121590  0.47937775  0.44725390  0.45515584  0.46314256  0.46314256  0.40152657  0.43169727  0.44725390  0.45515584  0.47937775  0.47937775  0.43943495  0.43943495  0.44725390  0.39417115  0.37967481  0.38688770  0.43943495  0.45515584  0.40895539  0.41645909  0.41645909  0.40895539  0.47121590  0.46314256  0.45515584  0.45515584  0.55716458  0.48763007  0.47121590  0.46314256  0.46314256  0.43943495  0.46314256  0.47121590  0.44725390  0.48763007  0.47937775  0.47937775  0.46314256  0.49597490  0.50441434  0.33780624  0.35150245  0.35150245  0.36545537  0.39417115  0.40895539  0.41645909  0.37967481  0.42403919  0.41645909  0.42403919  0.42403919  0.40152657  0.38688770  0.38688770  0.40152657  0.40895539  0.39417115  0.40152657  0.37967481  0.37253114  0.35844622  0.38688770  0.38688770  0.36545537  0.40895539  0.33780624  0.33780624  0.33780624  0.51295054  0.48763007  0.48763007  0.46314256  0.46314256  0.40152657  0.40895539  0.43169727  0.51295054  0.50441434  0.51295054  0.49597490  0.40152657  0.38688770  0.42403919  0.47121590  0.46314256  0.45515584  0.43943495  0.43169727  0.43169727  0.42403919  0.42403919  0.41645909  0.42403919  0.40152657  0.43943495  0.47937775  0.43169727  0.41645909  0.40895539  0.41645909  0.41645909  0.40895539  0.40152657  0.43169727  0.40152657  
4_0_0      0.23056226  0.24839965  0.23056226  0.22471019  0.22471019  0.21890377  0.23646070  0.19053215  0.15785461  0.00000000  0.00867099  0.40895539  0.39417115  0.36545537  0.45515584  0.40895539  0.40895539  0.44725390  0.38688770  0.36545537  0.40152657  0.38688770  0.37253114  0.42403919  0.36545537  0.39417115  0.40152657  0.38688770  0.45515584  0.45515584  0.40895539  0.49597490  0.40152657  0.40895539  0.41645909  0.40152657  0.39417115  0.42403919  0.36545537  0.35844622  0.33105148  0.47121590  0.46314256  0.42403919  0.51295054  0.52158577  0.52158577  0.47937775  0.50441434  0.51295054  0.50441434  0.50441434  0.39417115  0.40895539  0.40895539  0.39417115  0.39417115  0.42403919  0.41645909  0.45515584  0.45515584  0.44725390  0.44725390  0.45515584  0.43943495  0.43943495  0.41645909  0.47937775  0.47937775  0.42403919  0.43169727  0.43169727  0.42403919  0.52158577  0.49597490  0.48763007  0.47937775  0.53032233  0.50441434  0.45515584  0.44725390  0.44725390  0.43943495  0.43169727  0.43943495  0.43943495  0.48763007  0.48763007  0.48763007  0.47121590  0.51295054  0.53032233  0.37253114  0.36545537  0.37253114  0.35844622  0.38688770  0.40152657  0.39417115  0.39417115  0.41645909  0.40895539  0.38688770  0.38688770  0.38688770  0.37967481  0.35150245  0.35150245  0.35844622  0.37253114  0.37967481  0.35844622  0.37967481  0.39417115  0.39417115  0.39417115  0.35844622  0.44725390  0.39417115  0.39417115  0.39417115  0.47121590  0.42403919  0.45515584  0.43169727  0.43169727  0.37253114  0.39417115  0.42403919  0.46314256  0.43943495  0.46314256  0.44725390  0.39417115  0.40895539  0.39417115  0.43943495  0.42403919  0.42403919  0.41645909  0.46314256  0.46314256  0.44725390  0.40895539  0.40895539  0.39417115  0.40895539  0.36545537  0.43169727  0.37253114  0.41645909  0.41645909  0.41645909  0.40152657  0.40895539  0.37967481  0.38688770  0.37253114  
3_0_0      0.23056226  0.26053320  0.24240624  0.23646070  0.23646070  0.21890377  0.24839965  0.19053215  0.15785461  0.00867099  0.00000000  0.41645909  0.38688770  0.35844622  0.44725390  0.40152657  0.40152657  0.45515584  0.39417115  0.37253114  0.39417115  0.37967481  0.36545537  0.43169727  0.35844622  0.38688770  0.39417115  0.37967481  0.44725390  0.44725390  0.40152657  0.48763007  0.39417115  0.40152657  0.40895539  0.39417115  0.38688770  0.41645909  0.37253114  0.36545537  0.32435747  0.47937775  0.47121590  0.43169727  0.50441434  0.51295054  0.51295054  0.47121590  0.51295054  0.52158577  0.51295054  0.51295054  0.38688770  0.40152657  0.40152657  0.38688770  0.40152657  0.43169727  0.42403919  0.46314256  0.46314256  0.43943495  0.43943495  0.46314256  0.43169727  0.44725390  0.42403919  0.48763007  0.48763007  0.43169727  0.43943495  0.43943495  0.43169727  0.51295054  0.48763007  0.47937775  0.47121590  0.53916265  0.51295054  0.46314256  0.45515584  0.45515584  0.43169727  0.43943495  0.44725390  0.44725390  0.49597490  0.49597490  0.49597490  0.47937775  0.52158577  0.53916265  0.36545537  0.37253114  0.37967481  0.36545537  0.39417115  0.40895539  0.40152657  0.38688770  0.40895539  0.40152657  0.39417115  0.39417115  0.39417115  0.38688770  0.35844622  0.35844622  0.36545537  0.37967481  0.38688770  0.36545537  0.38688770  0.38688770  0.40152657  0.40152657  0.36545537  0.45515584  0.40152657  0.40152657  0.40152657  0.47937775  0.43169727  0.47121590  0.42403919  0.42403919  0.36545537  0.38688770  0.41645909  0.45515584  0.43169727  0.45515584  0.43943495  0.38688770  0.40152657  0.38688770  0.43169727  0.43169727  0.43169727  0.42403919  0.45515584  0.47121590  0.43943495  0.41645909  0.41645909  0.40152657  0.41645909  0.37253114  0.43943495  0.37967481  0.40895539  0.40895539  0.40895539  0.39417115  0.40152657  0.37253114  0.37967481  0.37967481  
6_0_0      0.43169727  0.43169727  0.43169727  0.40152657  0.40152657  0.43169727  0.43169727  0.33780624  0.40895539  0.40895539  0.41645909  0.00000000  0.11640274  0.13684020  0.32435747  0.29816756  0.30462916  0.36545537  0.39417115  0.32435747  0.35150245  0.34462285  0.36545537  0.41645909  0.35844622  0.36545537  0.37253114  0.38688770  0.41645909  0.40895539  0.38688770  0.42403919  0.37253114  0.37967481  0.37967481  0.37253114  0.37967481  0.39417115  0.40152657  0.39417115  0.37967481  0.38688770  0.40895539  0.47121590  0.43943495  0.45515584  0.44725390  0.42403919  0.37967481  0.41645909  0.42403919  0.43943495  0.42403919  0.42403919  0.42403919  0.44725390  0.47937775  0.47121590  0.48763007  0.47937775  0.47937775  0.49597490  0.49597490  0.51295054  0.42403919  0.44725390  0.43943495  0.47121590  0.48763007  0.42403919  0.43943495  0.43943495  0.45515584  0.44725390  0.43943495  0.44725390  0.42403919  0.47121590  0.44725390  0.43169727  0.45515584  0.45515584  0.43943495  0.41645909  0.43943495  0.43943495  0.48763007  0.47937775  0.47937775  0.49597490  0.45515584  0.47937775  0.43169727  0.44725390  0.43943495  0.44725390  0.43943495  0.44725390  0.43943495  0.47937775  0.42403919  0.41645909  0.41645909  0.41645909  0.37253114  0.33780624  0.41645909  0.41645909  0.40895539  0.44725390  0.43943495  0.43169727  0.43943495  0.40895539  0.39417115  0.39417115  0.39417115  0.44725390  0.43169727  0.43169727  0.43169727  0.42403919  0.40895539  0.41645909  0.44725390  0.43169727  0.42403919  0.43943495  0.45515584  0.47121590  0.47937775  0.50441434  0.48763007  0.49597490  0.48763007  0.47937775  0.43169727  0.46314256  0.47121590  0.47121590  0.48763007  0.47121590  0.47937775  0.47937775  0.48763007  0.46314256  0.46314256  0.43169727  0.41645909  0.47937775  0.48763007  0.49597490  0.46314256  0.52158577  0.53032233  0.51295054  0.48763007  0.40895539  
19_1_0     0.34462285  0.37967481  0.36545537  0.32435747  0.32435747  0.33780624  0.35150245  0.34462285  0.33105148  0.39417115  0.38688770  0.11640274  0.00000000  0.10143464  0.34462285  0.33105148  0.33780624  0.34462285  0.37253114  0.29816756  0.32435747  0.31772310  0.31772310  0.35150245  0.31114735  0.33105148  0.33780624  0.33780624  0.36545537  0.38688770  0.35150245  0.35844622  0.32435747  0.33105148  0.33780624  0.31114735  0.31772310  0.34462285  0.41645909  0.40895539  0.37253114  0.37967481  0.43943495  0.43943495  0.40895539  0.42403919  0.41645909  0.35844622  0.35150245  0.38688770  0.39417115  0.39417115  0.36545537  0.40895539  0.40895539  0.40152657  0.41645909  0.40895539  0.40895539  0.41645909  0.40152657  0.40152657  0.40152657  0.43169727  0.37967481  0.39417115  0.38688770  0.40152657  0.43943495  0.43943495  0.37967481  0.37967481  0.39417115  0.45515584  0.45515584  0.45515584  0.46314256  0.46314256  0.45515584  0.43943495  0.45515584  0.45515584  0.41645909  0.40895539  0.43169727  0.43943495  0.47121590  0.47121590  0.47121590  0.47937775  0.42403919  0.44725390  0.40152657  0.43169727  0.42403919  0.41645909  0.39417115  0.40895539  0.40152657  0.44725390  0.44725390  0.43943495  0.43943495  0.43943495  0.37253114  0.37967481  0.37967481  0.37967481  0.37253114  0.46314256  0.45515584  0.44725390  0.41645909  0.37967481  0.37967481  0.37967481  0.36545537  0.41645909  0.37253114  0.37253114  0.37253114  0.46314256  0.45515584  0.44725390  0.41645909  0.41645909  0.37967481  0.40152657  0.40895539  0.42403919  0.43169727  0.45515584  0.43943495  0.41645909  0.43943495  0.42403919  0.40895539  0.43169727  0.42403919  0.41645909  0.43169727  0.43169727  0.42403919  0.43169727  0.43943495  0.43943495  0.40895539  0.38688770  0.42403919  0.40895539  0.40152657  0.39417115  0.37967481  0.41645909  0.42403919  0.42403919  0.40152657  0.37967481  
6_1_0      0.38688770  0.37967481  0.37967481  0.37253114  0.37253114  0.35844622  0.37253114  0.35844622  0.35150245  0.36545537  0.35844622  0.13684020  0.10143464  0.00000000  0.38688770  0.35844622  0.36545537  0.40152657  0.40895539  0.32435747  0.31114735  0.31772310  0.34462285  0.36545537  0.37967481  0.31114735  0.31772310  0.31772310  0.35150245  0.35844622  0.35150245  0.38688770  0.32435747  0.31772310  0.33105148  0.32435747  0.33105148  0.33105148  0.38688770  0.37967481  0.36545537  0.40895539  0.47121590  0.45515584  0.41645909  0.41645909  0.42403919  0.39417115  0.43943495  0.46314256  0.45515584  0.43943495  0.36545537  0.39417115  0.39417115  0.41645909  0.44725390  0.40895539  0.42403919  0.40152657  0.41645909  0.41645909  0.41645909  0.43169727  0.42403919  0.42403919  0.41645909  0.43169727  0.44725390  0.40895539  0.39417115  0.39417115  0.40895539  0.41645909  0.43943495  0.43169727  0.39417115  0.43943495  0.41645909  0.43943495  0.44725390  0.44725390  0.42403919  0.41645909  0.40895539  0.43169727  0.49597490  0.44725390  0.44725390  0.47937775  0.41645909  0.43943495  0.38688770  0.40152657  0.40895539  0.38688770  0.42403919  0.39417115  0.38688770  0.40152657  0.38688770  0.37967481  0.40895539  0.40895539  0.40152657  0.37967481  0.39417115  0.40895539  0.40152657  0.46314256  0.45515584  0.44725390  0.38688770  0.37253114  0.36545537  0.36545537  0.35150245  0.41645909  0.37253114  0.37253114  0.37253114  0.43169727  0.40895539  0.41645909  0.41645909  0.40152657  0.40895539  0.41645909  0.46314256  0.40895539  0.40152657  0.40895539  0.40895539  0.40152657  0.42403919  0.40152657  0.40895539  0.43169727  0.40152657  0.37967481  0.40152657  0.41645909  0.39417115  0.43943495  0.43169727  0.42403919  0.39417115  0.37253114  0.41645909  0.46314256  0.41645909  0.42403919  0.40895539  0.43169727  0.43943495  0.42403919  0.41645909  0.37967481  
23_2_0     0.35844622  0.40152657  0.40152657  0.34462285  0.34462285  0.33780624  0.35150245  0.38688770  0.35844622  0.45515584  0.44725390  0.32435747  0.34462285  0.38688770  0.00000000  0.04440166  0.03530693  0.13684020  0.18498531  0.21890377  0.26053320  0.24839965  0.27911258  0.27911258  0.20175138  0.38688770  0.38688770  0.38688770  0.38688770  0.38688770  0.36545537  0.40152657  0.40895539  0.41645909  0.39417115  0.40895539  0.38688770  0.40152657  0.44725390  0.43943495  0.40152657  0.38688770  0.37253114  0.39417115  0.40895539  0.41645909  0.41645909  0.40895539  0.40152657  0.37967481  0.38688770  0.37253114  0.43169727  0.42403919  0.42403919  0.38688770  0.36545537  0.40152657  0.39417115  0.38688770  0.40152657  0.38688770  0.38688770  0.37967481  0.42403919  0.42403919  0.44725390  0.37253114  0.37967481  0.37967481  0.37967481  0.37967481  0.40895539  0.43943495  0.44725390  0.43943495  0.44725390  0.47937775  0.44725390  0.43943495  0.41645909  0.41645909  0.38688770  0.39417115  0.40152657  0.37967481  0.40152657  0.40152657  0.40152657  0.41645909  0.42403919  0.41645909  0.35150245  0.35150245  0.34462285  0.36545537  0.37967481  0.40152657  0.40895539  0.39417115  0.41645909  0.40895539  0.42403919  0.42403919  0.40152657  0.37253114  0.34462285  0.34462285  0.35150245  0.35844622  0.36545537  0.37253114  0.41645909  0.37967481  0.41645909  0.41645909  0.40152657  0.39417115  0.35844622  0.35844622  0.35844622  0.47121590  0.50441434  0.46314256  0.39417115  0.40152657  0.41645909  0.40895539  0.41645909  0.47121590  0.46314256  0.48763007  0.47121590  0.43169727  0.43943495  0.44725390  0.46314256  0.56633147  0.54810920  0.51295054  0.47937775  0.47937775  0.48763007  0.44725390  0.44725390  0.46314256  0.40895539  0.43169727  0.44725390  0.47937775  0.51295054  0.47937775  0.48763007  0.49597490  0.48763007  0.50441434  0.49597490  0.43943495  
16_2_0     0.32435747  0.37253114  0.36545537  0.31772310  0.31772310  0.32435747  0.32435747  0.33780624  0.32435747  0.40895539  0.40152657  0.29816756  0.33105148  0.35844622  0.04440166  0.00000000  0.00867099  0.13684020  0.17401409  0.23056226  0.27286779  0.26053320  0.25444171  0.26667495  0.20175138  0.36545537  0.36545537  0.36545537  0.36545537  0.37967481  0.35844622  0.37967481  0.37253114  0.37967481  0.37253114  0.37253114  0.36545537  0.37967481  0.39417115  0.38688770  0.36545537  0.42403919  0.40895539  0.41645909  0.42403919  0.43169727  0.43169727  0.41645909  0.43169727  0.40895539  0.41645909  0.38688770  0.43943495  0.43169727  0.43169727  0.37967481  0.40152657  0.42403919  0.41645909  0.40895539  0.42403919  0.40895539  0.40895539  0.41645909  0.42403919  0.43169727  0.45515584  0.37967481  0.40152657  0.41645909  0.41645909  0.41645909  0.44725390  0.44725390  0.43943495  0.43169727  0.43943495  0.47121590  0.43169727  0.47121590  0.44725390  0.44725390  0.38688770  0.39417115  0.40152657  0.37967481  0.40895539  0.44725390  0.44725390  0.45515584  0.43943495  0.44725390  0.35150245  0.35150245  0.34462285  0.36545537  0.37967481  0.40152657  0.40895539  0.37967481  0.41645909  0.40895539  0.40895539  0.40895539  0.38688770  0.35844622  0.34462285  0.34462285  0.35150245  0.35844622  0.36545537  0.37253114  0.41645909  0.39417115  0.38688770  0.38688770  0.38688770  0.40895539  0.35844622  0.35844622  0.35844622  0.43169727  0.47937775  0.43943495  0.38688770  0.39417115  0.40895539  0.41645909  0.42403919  0.47937775  0.47121590  0.49597490  0.47937775  0.43943495  0.46314256  0.43943495  0.45515584  0.53916265  0.53916265  0.51295054  0.47121590  0.47121590  0.47937775  0.44725390  0.44725390  0.46314256  0.41645909  0.42403919  0.44725390  0.47121590  0.50441434  0.47121590  0.47937775  0.48763007  0.47937775  0.49597490  0.48763007  0.43169727  
20_2_0     0.32435747  0.37253114  0.36545537  0.31772310  0.31772310  0.32435747  0.32435747  0.33780624  0.32435747  0.40895539  0.40152657  0.30462916  0.33780624  0.36545537  0.03530693  0.00867099  0.00000000  0.13684020  0.17401409  0.21890377  0.26053320  0.24839965  0.25444171  0.26667495  0.19053215  0.36545537  0.36545537  0.36545537  0.36545537  0.36545537  0.34462285  0.37967481  0.37253114  0.37967481  0.37253114  0.37253114  0.36545537  0.37967481  0.39417115  0.38688770  0.35150245  0.40895539  0.39417115  0.40152657  0.41645909  0.42403919  0.42403919  0.40895539  0.42403919  0.40152657  0.40895539  0.39417115  0.43943495  0.43169727  0.43169727  0.39417115  0.38688770  0.40895539  0.41645909  0.40895539  0.42403919  0.40895539  0.40895539  0.40152657  0.42403919  0.43169727  0.45515584  0.37967481  0.40152657  0.40152657  0.40152657  0.40152657  0.43169727  0.44725390  0.43943495  0.43169727  0.43943495  0.47121590  0.43169727  0.47121590  0.44725390  0.44725390  0.38688770  0.39417115  0.40152657  0.37967481  0.42403919  0.43169727  0.43169727  0.43943495  0.43943495  0.43169727  0.35150245  0.35150245  0.34462285  0.36545537  0.37967481  0.40152657  0.40895539  0.37967481  0.40152657  0.39417115  0.40895539  0.40895539  0.38688770  0.35844622  0.34462285  0.34462285  0.35150245  0.35844622  0.36545537  0.37253114  0.41645909  0.39417115  0.38688770  0.38688770  0.38688770  0.39417115  0.35844622  0.35844622  0.35844622  0.44725390  0.49597490  0.45515584  0.38688770  0.39417115  0.39417115  0.40152657  0.40895539  0.47937775  0.47121590  0.49597490  0.47937775  0.43943495  0.46314256  0.43943495  0.45515584  0.53916265  0.53916265  0.51295054  0.47121590  0.47121590  0.47937775  0.44725390  0.44725390  0.46314256  0.41645909  0.42403919  0.44725390  0.47121590  0.50441434  0.47121590  0.47937775  0.48763007  0.47937775  0.49597490  0.48763007  0.43169727  
11_2_0     0.35150245  0.38688770  0.37967481  0.33780624  0.33780624  0.34462285  0.35844622  0.43169727  0.39417115  0.44725390  0.45515584  0.36545537  0.34462285  0.40152657  0.13684020  0.13684020  0.13684020  0.00000000  0.12655134  0.22471019  0.26667495  0.26053320  0.23646070  0.26053320  0.18498531  0.39417115  0.39417115  0.39417115  0.39417115  0.40152657  0.41645909  0.40895539  0.37253114  0.37967481  0.35844622  0.38688770  0.35150245  0.37967481  0.37253114  0.37967481  0.37967481  0.38688770  0.43169727  0.39417115  0.37253114  0.37967481  0.37967481  0.39417115  0.40895539  0.40152657  0.40895539  0.36545537  0.39417115  0.41645909  0.41645909  0.35150245  0.34462285  0.36545537  0.35844622  0.35150245  0.35150245  0.36545537  0.36545537  0.35844622  0.39417115  0.40152657  0.39417115  0.37967481  0.37967481  0.40895539  0.38688770  0.38688770  0.38688770  0.46314256  0.45515584  0.44725390  0.43943495  0.42403919  0.46314256  0.39417115  0.37253114  0.37253114  0.38688770  0.37967481  0.37253114  0.33780624  0.35150245  0.39417115  0.39417115  0.37967481  0.43943495  0.43169727  0.36545537  0.37967481  0.37253114  0.35150245  0.37967481  0.40152657  0.40895539  0.40895539  0.40895539  0.40152657  0.38688770  0.38688770  0.41645909  0.40152657  0.33780624  0.33780624  0.33105148  0.35844622  0.35150245  0.37253114  0.41645909  0.39417115  0.35844622  0.35844622  0.37253114  0.40895539  0.35150245  0.35150245  0.35150245  0.47121590  0.45515584  0.45515584  0.45515584  0.44725390  0.45515584  0.44725390  0.46314256  0.47121590  0.46314256  0.45515584  0.47121590  0.45515584  0.46314256  0.45515584  0.45515584  0.50441434  0.48763007  0.47937775  0.48763007  0.50441434  0.47937775  0.41645909  0.43169727  0.43169727  0.43169727  0.44725390  0.47121590  0.47121590  0.48763007  0.47121590  0.47937775  0.47121590  0.46314256  0.47937775  0.47121590  0.47937775  
7_2_0      0.37967481  0.40152657  0.39417115  0.33780624  0.33780624  0.34462285  0.34462285  0.41645909  0.38688770  0.38688770  0.39417115  0.39417115  0.37253114  0.40895539  0.18498531  0.17401409  0.17401409  0.12655134  0.00000000  0.23056226  0.31114735  0.29816756  0.23056226  0.25444171  0.20742504  0.40152657  0.40895539  0.38688770  0.41645909  0.43943495  0.39417115  0.41645909  0.39417115  0.38688770  0.39417115  0.39417115  0.37253114  0.38688770  0.37967481  0.38688770  0.43943495  0.40895539  0.43943495  0.41645909  0.43943495  0.45515584  0.44725390  0.41645909  0.41645909  0.40895539  0.41645909  0.38688770  0.40152657  0.43943495  0.43943495  0.38688770  0.39417115  0.38688770  0.37967481  0.38688770  0.38688770  0.40152657  0.40152657  0.39417115  0.41645909  0.41645909  0.42403919  0.45515584  0.45515584  0.43169727  0.43169727  0.43169727  0.41645909  0.50441434  0.46314256  0.47121590  0.46314256  0.40152657  0.48763007  0.43169727  0.42403919  0.42403919  0.39417115  0.38688770  0.40895539  0.40152657  0.41645909  0.44725390  0.44725390  0.46314256  0.49597490  0.50441434  0.37967481  0.37967481  0.37253114  0.36545537  0.40895539  0.41645909  0.42403919  0.42403919  0.45515584  0.44725390  0.44725390  0.44725390  0.43169727  0.39417115  0.35150245  0.36545537  0.37253114  0.40152657  0.40895539  0.41645909  0.46314256  0.39417115  0.37967481  0.37967481  0.39417115  0.41645909  0.37253114  0.37253114  0.37253114  0.46314256  0.46314256  0.47937775  0.47937775  0.48763007  0.43943495  0.41645909  0.46314256  0.47121590  0.47937775  0.50441434  0.48763007  0.49597490  0.47121590  0.53032233  0.49597490  0.55716458  0.52158577  0.49597490  0.53032233  0.53032233  0.50441434  0.45515584  0.45515584  0.45515584  0.37967481  0.44725390  0.46314256  0.47937775  0.47121590  0.48763007  0.44725390  0.46314256  0.45515584  0.45515584  0.44725390  0.43943495  
23_0_0     0.31114735  0.32435747  0.31114735  0.31772310  0.31772310  0.29816756  0.31114735  0.40152657  0.32435747  0.36545537  0.37253114  0.32435747  0.29816756  0.32435747  0.21890377  0.23056226  0.21890377  0.22471019  0.23056226  0.00000000  0.06763677  0.06763677  0.15254513  0.15785461  0.13684020  0.43943495  0.43943495  0.43943495  0.45515584  0.44725390  0.42403919  0.50441434  0.44725390  0.42403919  0.44725390  0.41645909  0.42403919  0.45515584  0.43169727  0.43943495  0.44725390  0.44725390  0.47937775  0.46314256  0.47121590  0.47937775  0.47937775  0.41645909  0.47937775  0.48763007  0.49597490  0.46314256  0.40152657  0.42403919  0.42403919  0.38688770  0.37967481  0.38688770  0.37967481  0.41645909  0.40152657  0.41645909  0.41645909  0.42403919  0.40895539  0.42403919  0.43169727  0.43943495  0.45515584  0.44725390  0.36545537  0.36545537  0.37967481  0.48763007  0.46314256  0.45515584  0.43169727  0.52158577  0.50441434  0.46314256  0.46314256  0.46314256  0.43943495  0.43169727  0.45515584  0.43169727  0.49597490  0.45515584  0.45515584  0.48763007  0.46314256  0.47121590  0.40895539  0.37967481  0.38688770  0.42403919  0.47937775  0.47937775  0.47121590  0.47121590  0.40152657  0.39417115  0.42403919  0.42403919  0.40895539  0.40895539  0.43169727  0.43169727  0.43943495  0.43169727  0.43943495  0.43169727  0.44725390  0.41645909  0.40895539  0.40895539  0.42403919  0.46314256  0.40152657  0.40152657  0.40152657  0.50441434  0.47121590  0.53032233  0.48763007  0.47937775  0.43169727  0.40895539  0.43943495  0.49597490  0.48763007  0.53032233  0.49597490  0.47121590  0.49597490  0.47937775  0.50441434  0.48763007  0.47121590  0.46314256  0.50441434  0.48763007  0.47937775  0.40895539  0.39417115  0.42403919  0.40895539  0.42403919  0.43943495  0.49597490  0.52158577  0.50441434  0.51295054  0.51295054  0.50441434  0.50441434  0.53916265  0.43169727  
