180
86_28_0    0.00000000  0.02667699  0.07339892  0.17677165  0.12845621  0.27767655  0.33039643  0.32359690  0.33039643  0.28406434  0.25266403  0.25883818  0.24654107  0.32359690  0.33039643  0.33039643  0.31685942  0.29700813  0.29700813  0.29050787  0.28406434  0.35117893  0.35117893  0.38717156  0.37983131  0.37983131  0.37983131  0.37983131  0.33039643  0.33039643  0.27134355  0.28406434  0.28406434  0.29050787  0.29700813  0.29050787  0.29050787  0.31685942  0.31685942  0.29700813  0.35117893  0.48146583  0.44867818  0.43281461  0.43281461  0.43281461  0.44070379  0.44070379  0.40207462  0.43281461  0.42500881  0.42500881  0.40207462  0.39458549  0.39458549  0.39458549  0.38717156  0.42500881  0.39458549  0.40207462  0.37256332  0.42500881  0.42500881  0.36536616  0.36536616  0.38717156  0.35117893  0.40207462  0.40207462  0.37983131  0.39458549  0.38717156  0.38717156  0.39458549  0.39458549  0.38717156  0.38717156  0.33725914  0.40207462  0.35117893  0.32359690  0.38717156  0.46489004  0.46489004  0.37983131  0.37983131  0.34418624  0.35117893  0.33039643  0.37256332  0.29050787  0.37256332  0.35117893  0.35117893  0.33039643  0.33725914  0.37256332  0.36536616  0.35117893  0.33725914  0.34418624  0.35823848  0.37256332  0.40207462  0.34418624  0.35823848  0.40964048  0.41728467  0.39458549  0.38717156  0.37256332  0.40207462  0.43281461  0.43281461  0.44070379  0.45673962  0.43281461  0.40207462  0.40964048  0.43281461  0.44070379  0.44867818  0.42500881  0.43281461  0.36536616  0.43281461  0.43281461  0.37983131  0.40964048  0.32359690  0.35117893  0.35117893  0.38717156  0.29700813  0.28406434  0.33725914  0.37983131  0.40207462  0.33039643  0.33725914  0.35117893  0.42500881  0.46489004  0.43281461  0.43281461  0.42500881  0.44070379  0.44070379  0.42500881  0.43281461  0.46489004  0.40964048  0.35823848  0.36536616  0.37256332  0.39458549  0.37256332  0.37256332  0.36536616  0.48146583  0.48146583  0.48146583  0.47313143  0.53354989  0.47313143  0.49842225  0.50704875  0.48146583  0.52461009  0.48146583  0.37983131  0.37983131  0.40207462  0.38717156  0.38717156  0.37256332  0.40207462  0.44070379  0.43281461  0.34418624  
84_28_0    0.02667699  0.00000000  0.08310882  0.18234050  0.13367111  0.29050787  0.33725914  0.33039643  0.33725914  0.26506439  0.23444539  0.25266403  0.24046846  0.32359690  0.33039643  0.33039643  0.31685942  0.27767655  0.27767655  0.27134355  0.27767655  0.33039643  0.33039643  0.37983131  0.37256332  0.37256332  0.37256332  0.37256332  0.32359690  0.32359690  0.26506439  0.27767655  0.27767655  0.28406434  0.28406434  0.27767655  0.27767655  0.29700813  0.29700813  0.27767655  0.33039643  0.45673962  0.42500881  0.39458549  0.39458549  0.39458549  0.40207462  0.40207462  0.36536616  0.39458549  0.38717156  0.38717156  0.36536616  0.37256332  0.35823848  0.35823848  0.35117893  0.38717156  0.35823848  0.36536616  0.33725914  0.40207462  0.40207462  0.33039643  0.33039643  0.36536616  0.33039643  0.37983131  0.37983131  0.37256332  0.37256332  0.37983131  0.36536616  0.38717156  0.38717156  0.37983131  0.37983131  0.33039643  0.39458549  0.34418624  0.34418624  0.36536616  0.45673962  0.45673962  0.35823848  0.37256332  0.35117893  0.34418624  0.33725914  0.36536616  0.28406434  0.36536616  0.34418624  0.34418624  0.32359690  0.33039643  0.35117893  0.34418624  0.34418624  0.33039643  0.33725914  0.35117893  0.36536616  0.39458549  0.33725914  0.35117893  0.40207462  0.40964048  0.38717156  0.37983131  0.36536616  0.40964048  0.44070379  0.44070379  0.41728467  0.43281461  0.40964048  0.37983131  0.38717156  0.40964048  0.41728467  0.44070379  0.41728467  0.42500881  0.35823848  0.40964048  0.40964048  0.35823848  0.38717156  0.30356611  0.34418624  0.33039643  0.36536616  0.29050787  0.27767655  0.33039643  0.37256332  0.37983131  0.31018285  0.31685942  0.33039643  0.40207462  0.44070379  0.40964048  0.40964048  0.40207462  0.41728467  0.41728467  0.40207462  0.40964048  0.45673962  0.38717156  0.33725914  0.34418624  0.35117893  0.37256332  0.35117893  0.35117893  0.34418624  0.45673962  0.45673962  0.45673962  0.48146583  0.50704875  0.44867818  0.47313143  0.48146583  0.45673962  0.49842225  0.45673962  0.35823848  0.34418624  0.36536616  0.35117893  0.35117893  0.33725914  0.36536616  0.40207462  0.39458549  0.32359690  
82_28_0    0.07339892  0.08310882  0.00000000  0.18795166  0.16031275  0.28406434  0.31685942  0.33039643  0.35117893  0.28406434  0.26506439  0.27134355  0.25883818  0.35117893  0.35823848  0.35823848  0.38717156  0.29700813  0.29700813  0.29050787  0.29700813  0.35117893  0.35117893  0.42500881  0.41728467  0.43281461  0.41728467  0.41728467  0.38717156  0.38717156  0.33725914  0.35117893  0.36536616  0.34418624  0.29700813  0.29050787  0.29050787  0.27767655  0.27767655  0.28406434  0.33039643  0.50704875  0.47313143  0.40207462  0.40207462  0.43281461  0.39458549  0.39458549  0.40207462  0.38717156  0.37256332  0.37256332  0.37256332  0.37983131  0.37983131  0.36536616  0.37256332  0.38717156  0.36536616  0.39458549  0.37983131  0.43281461  0.43281461  0.33725914  0.33725914  0.36536616  0.34418624  0.37983131  0.39458549  0.35823848  0.37256332  0.35823848  0.35117893  0.36536616  0.36536616  0.35823848  0.37256332  0.33725914  0.40964048  0.33725914  0.31685942  0.33039643  0.41728467  0.43281461  0.40207462  0.40207462  0.34418624  0.33039643  0.33039643  0.34418624  0.29050787  0.38717156  0.37983131  0.37983131  0.35823848  0.35823848  0.39458549  0.38717156  0.35823848  0.35823848  0.33725914  0.35117893  0.39458549  0.41728467  0.35117893  0.35823848  0.42500881  0.44070379  0.43281461  0.42500881  0.40964048  0.44070379  0.44867818  0.44867818  0.41728467  0.42500881  0.41728467  0.40207462  0.39458549  0.41728467  0.42500881  0.41728467  0.39458549  0.40207462  0.37256332  0.47313143  0.47313143  0.43281461  0.42500881  0.35823848  0.41728467  0.41728467  0.45673962  0.34418624  0.34418624  0.37983131  0.41728467  0.44070379  0.36536616  0.37256332  0.35823848  0.43281461  0.48989537  0.45673962  0.43281461  0.42500881  0.46489004  0.46489004  0.44867818  0.45673962  0.47313143  0.40207462  0.37983131  0.35823848  0.35117893  0.38717156  0.35117893  0.35117893  0.37256332  0.51577721  0.51577721  0.51577721  0.50704875  0.55176089  0.48989537  0.52461009  0.51577721  0.51577721  0.51577721  0.52461009  0.40964048  0.40964048  0.43281461  0.41728467  0.41728467  0.40207462  0.40207462  0.42500881  0.43281461  0.36536616  
99_28_0    0.17677165  0.18234050  0.18795166  0.00000000  0.07823791  0.27134355  0.29700813  0.29050787  0.29700813  0.19930355  0.17124449  0.17677165  0.18234050  0.27134355  0.27767655  0.27767655  0.30356611  0.19360579  0.19360579  0.18795166  0.19360579  0.29050787  0.29050787  0.29700813  0.29050787  0.31018285  0.34418624  0.34418624  0.32359690  0.33039643  0.27767655  0.27767655  0.29700813  0.27134355  0.27134355  0.26506439  0.26506439  0.28406434  0.28406434  0.26506439  0.31685942  0.47313143  0.44070379  0.40207462  0.40207462  0.39458549  0.39458549  0.39458549  0.40964048  0.37256332  0.37983131  0.37983131  0.37256332  0.38717156  0.40207462  0.36536616  0.37983131  0.39458549  0.35823848  0.36536616  0.35823848  0.33039643  0.33039643  0.35823848  0.35823848  0.35117893  0.33039643  0.36536616  0.37256332  0.38717156  0.35823848  0.38717156  0.33725914  0.33039643  0.33039643  0.31018285  0.33725914  0.30356611  0.38717156  0.30356611  0.33725914  0.27134355  0.45673962  0.46489004  0.36536616  0.36536616  0.36536616  0.35823848  0.35117893  0.33725914  0.31018285  0.38717156  0.35117893  0.35117893  0.35823848  0.37983131  0.39458549  0.38717156  0.37983131  0.36536616  0.38717156  0.38717156  0.36536616  0.37256332  0.36536616  0.39458549  0.37983131  0.40207462  0.39458549  0.38717156  0.40964048  0.45673962  0.41728467  0.40207462  0.47313143  0.45673962  0.44867818  0.41728467  0.42500881  0.41728467  0.40964048  0.44070379  0.44070379  0.44867818  0.40964048  0.38717156  0.37256332  0.35117893  0.35117893  0.34418624  0.33039643  0.31018285  0.33725914  0.31018285  0.31018285  0.33725914  0.37256332  0.40207462  0.33039643  0.33725914  0.32359690  0.35117893  0.44867818  0.37256332  0.38717156  0.37983131  0.37983131  0.39458549  0.37983131  0.38717156  0.42500881  0.36536616  0.36536616  0.35117893  0.33039643  0.35117893  0.33039643  0.33039643  0.34418624  0.48146583  0.48146583  0.48146583  0.48146583  0.52461009  0.51577721  0.56103763  0.48989537  0.49842225  0.53354989  0.47313143  0.37983131  0.38717156  0.40964048  0.39458549  0.39458549  0.37983131  0.40964048  0.40207462  0.37983131  0.33039643  
94_28_0    0.12845621  0.13367111  0.16031275  0.07823791  0.00000000  0.27767655  0.31685942  0.27767655  0.28406434  0.17124449  0.14421271  0.16031275  0.15490697  0.26506439  0.27134355  0.27134355  0.26506439  0.18795166  0.18795166  0.18234050  0.17677165  0.33039643  0.33039643  0.32359690  0.31685942  0.31018285  0.31018285  0.31018285  0.31018285  0.30356611  0.25883818  0.26506439  0.25883818  0.24046846  0.26506439  0.27134355  0.25883818  0.26506439  0.26506439  0.25883818  0.29700813  0.42500881  0.40207462  0.39458549  0.39458549  0.38717156  0.37983131  0.37983131  0.37983131  0.37983131  0.37256332  0.37256332  0.34418624  0.34418624  0.34418624  0.33725914  0.35117893  0.36536616  0.33039643  0.35117893  0.34418624  0.33725914  0.33725914  0.33039643  0.33039643  0.33725914  0.31685942  0.33725914  0.33039643  0.35117893  0.34418624  0.35117893  0.32359690  0.35117893  0.35117893  0.33039643  0.34418624  0.33039643  0.37983131  0.32359690  0.33039643  0.31685942  0.44867818  0.45673962  0.36536616  0.36536616  0.33039643  0.33039643  0.31685942  0.32359690  0.28406434  0.33725914  0.31685942  0.31685942  0.31018285  0.33039643  0.35117893  0.34418624  0.35117893  0.33725914  0.34418624  0.34418624  0.33725914  0.37983131  0.33725914  0.37256332  0.37256332  0.39458549  0.37256332  0.36536616  0.37256332  0.40207462  0.38717156  0.38717156  0.41728467  0.39458549  0.38717156  0.34418624  0.36536616  0.38717156  0.37983131  0.44070379  0.42500881  0.43281461  0.36536616  0.35823848  0.35117893  0.33039643  0.35823848  0.31685942  0.32359690  0.30356611  0.32359690  0.27134355  0.28406434  0.30356611  0.35823848  0.37256332  0.30356611  0.31018285  0.35117893  0.40207462  0.46489004  0.40964048  0.41728467  0.41728467  0.41728467  0.43281461  0.41728467  0.42500881  0.44867818  0.40964048  0.38717156  0.37983131  0.35823848  0.37256332  0.35823848  0.35823848  0.35117893  0.48146583  0.48146583  0.48146583  0.45673962  0.50704875  0.49842225  0.49842225  0.51577721  0.48989537  0.52461009  0.48146583  0.33039643  0.33725914  0.35117893  0.34418624  0.34418624  0.33039643  0.35823848  0.36536616  0.35823848  0.33039643  
94_29_0    0.27767655  0.29050787  0.28406434  0.27134355  0.27767655  0.00000000  0.23444539  0.19930355  0.22254465  0.33725914  0.33725914  0.34418624  0.33039643  0.40207462  0.40964048  0.40964048  0.40207462  0.37983131  0.37983131  0.37256332  0.35823848  0.40964048  0.39458549  0.47313143  0.47313143  0.48146583  0.40964048  0.40964048  0.35823848  0.36536616  0.39458549  0.41728467  0.44867818  0.43281461  0.41728467  0.40964048  0.42500881  0.39458549  0.40964048  0.39458549  0.44070379  0.54259926  0.52461009  0.45673962  0.46489004  0.48989537  0.46489004  0.46489004  0.48146583  0.48146583  0.47313143  0.47313143  0.44867818  0.48146583  0.46489004  0.44070379  0.45673962  0.45673962  0.44867818  0.45673962  0.46489004  0.47313143  0.47313143  0.39458549  0.38717156  0.41728467  0.41728467  0.43281461  0.45673962  0.42500881  0.41728467  0.46489004  0.40964048  0.48989537  0.48989537  0.48989537  0.48989537  0.46489004  0.46489004  0.47313143  0.46489004  0.47313143  0.53354989  0.52461009  0.55176089  0.51577721  0.44070379  0.43281461  0.43281461  0.42500881  0.39458549  0.43281461  0.40964048  0.40964048  0.44867818  0.45673962  0.48146583  0.47313143  0.43281461  0.44070379  0.44070379  0.45673962  0.43281461  0.42500881  0.44070379  0.45673962  0.48989537  0.48146583  0.47313143  0.46489004  0.44070379  0.46489004  0.45673962  0.48146583  0.54259926  0.55176089  0.52461009  0.48989537  0.51577721  0.54259926  0.56103763  0.53354989  0.48146583  0.47313143  0.47313143  0.49842225  0.48146583  0.45673962  0.46489004  0.43281461  0.48146583  0.44070379  0.47313143  0.44070379  0.43281461  0.44867818  0.48146583  0.43281461  0.45673962  0.44867818  0.45673962  0.48146583  0.55176089  0.47313143  0.49842225  0.47313143  0.49842225  0.49842225  0.50704875  0.50704875  0.50704875  0.48146583  0.46489004  0.46489004  0.46489004  0.46489004  0.47313143  0.47313143  0.45673962  0.56103763  0.56103763  0.56103763  0.56103763  0.57994821  0.55176089  0.58958827  0.60925434  0.56103763  0.60925434  0.57994821  0.48989537  0.48146583  0.47313143  0.48146583  0.48989537  0.47313143  0.44867818  0.46489004  0.51577721  0.44867818  
82_29_0    0.33039643  0.33725914  0.31685942  0.29700813  0.31685942  0.23444539  0.00000000  0.07339892  0.09294810  0.41728467  0.40964048  0.39458549  0.40207462  0.41728467  0.40964048  0.40964048  0.41728467  0.40207462  0.40207462  0.39458549  0.39458549  0.47313143  0.45673962  0.43281461  0.43281461  0.42500881  0.44867818  0.44867818  0.45673962  0.44867818  0.45673962  0.48146583  0.43281461  0.45673962  0.48989537  0.47313143  0.48146583  0.40207462  0.40207462  0.43281461  0.47313143  0.57043239  0.52461009  0.49842225  0.48989537  0.48146583  0.48989537  0.48989537  0.48146583  0.47313143  0.48146583  0.48146583  0.45673962  0.46489004  0.46489004  0.44867818  0.48146583  0.49842225  0.48146583  0.49842225  0.48146583  0.51577721  0.51577721  0.48146583  0.47313143  0.47313143  0.47313143  0.48989537  0.48989537  0.48146583  0.48989537  0.48146583  0.46489004  0.45673962  0.45673962  0.44867818  0.47313143  0.44070379  0.48989537  0.42500881  0.43281461  0.43281461  0.52461009  0.53354989  0.57043239  0.57043239  0.46489004  0.47313143  0.45673962  0.43281461  0.41728467  0.47313143  0.44867818  0.44867818  0.47313143  0.48146583  0.53354989  0.51577721  0.44070379  0.44867818  0.48146583  0.48146583  0.50704875  0.48989537  0.50704875  0.49842225  0.46489004  0.47313143  0.48989537  0.48146583  0.48146583  0.51577721  0.48989537  0.48146583  0.56103763  0.57043239  0.57994821  0.54259926  0.55176089  0.53354989  0.52461009  0.53354989  0.54259926  0.55176089  0.48989537  0.48146583  0.48146583  0.47313143  0.44867818  0.41728467  0.47313143  0.47313143  0.48146583  0.42500881  0.41728467  0.44070379  0.51577721  0.50704875  0.43281461  0.44070379  0.46489004  0.48146583  0.54259926  0.49842225  0.48989537  0.48989537  0.51577721  0.51577721  0.50704875  0.52461009  0.58958827  0.46489004  0.48989537  0.44867818  0.44867818  0.46489004  0.44867818  0.44867818  0.44867818  0.58958827  0.58958827  0.58958827  0.57994821  0.61928733  0.57994821  0.60925434  0.58958827  0.55176089  0.66084069  0.62945852  0.54259926  0.53354989  0.56103763  0.55176089  0.54259926  0.52461009  0.51577721  0.49842225  0.52461009  0.46489004  
84_29_0    0.32359690  0.33039643  0.33039643  0.29050787  0.27767655  0.19930355  0.07339892  0.00000000  0.02667699  0.33725914  0.34418624  0.34418624  0.35117893  0.37983131  0.38717156  0.38717156  0.37983131  0.36536616  0.36536616  0.34418624  0.34418624  0.45673962  0.44070379  0.44867818  0.44867818  0.42500881  0.41728467  0.41728467  0.40964048  0.40207462  0.42500881  0.44867818  0.40207462  0.42500881  0.48146583  0.48146583  0.47313143  0.41728467  0.43281461  0.41728467  0.47313143  0.54259926  0.48989537  0.47313143  0.46489004  0.47313143  0.47313143  0.47313143  0.44867818  0.46489004  0.45673962  0.45673962  0.43281461  0.46489004  0.44867818  0.42500881  0.46489004  0.47313143  0.45673962  0.45673962  0.44070379  0.48989537  0.48989537  0.44867818  0.44070379  0.44867818  0.44867818  0.46489004  0.46489004  0.46489004  0.46489004  0.47313143  0.44070379  0.44867818  0.44867818  0.44070379  0.44867818  0.45673962  0.47313143  0.44070379  0.44070379  0.44070379  0.54259926  0.53354989  0.55176089  0.57043239  0.42500881  0.44070379  0.41728467  0.39458549  0.40207462  0.46489004  0.44070379  0.44070379  0.47313143  0.48989537  0.48989537  0.47313143  0.44867818  0.45673962  0.47313143  0.47313143  0.43281461  0.43281461  0.45673962  0.48989537  0.47313143  0.48146583  0.48146583  0.47313143  0.47313143  0.49842225  0.51577721  0.50704875  0.57994821  0.59935584  0.58958827  0.53354989  0.56103763  0.51577721  0.50704875  0.57043239  0.54259926  0.55176089  0.48989537  0.45673962  0.45673962  0.45673962  0.48146583  0.41728467  0.49842225  0.43281461  0.42500881  0.41728467  0.40964048  0.43281461  0.52461009  0.51577721  0.42500881  0.43281461  0.47313143  0.49842225  0.53354989  0.48989537  0.51577721  0.51577721  0.49842225  0.49842225  0.52461009  0.52461009  0.58958827  0.48146583  0.50704875  0.47313143  0.44070379  0.44070379  0.47313143  0.47313143  0.46489004  0.53354989  0.53354989  0.53354989  0.52461009  0.57994821  0.53354989  0.56103763  0.58958827  0.53354989  0.57994821  0.57043239  0.49842225  0.48989537  0.52461009  0.48989537  0.48146583  0.46489004  0.46489004  0.48146583  0.52461009  0.42500881  
86_29_0    0.33039643  0.33725914  0.35117893  0.29700813  0.28406434  0.22254465  0.09294810  0.02667699  0.00000000  0.31685942  0.31018285  0.31018285  0.31685942  0.37256332  0.37983131  0.37983131  0.35823848  0.34418624  0.34418624  0.32359690  0.32359690  0.44867818  0.44867818  0.42500881  0.42500881  0.40207462  0.41728467  0.41728467  0.43281461  0.42500881  0.41728467  0.44070379  0.39458549  0.43281461  0.47313143  0.45673962  0.46489004  0.44070379  0.45673962  0.42500881  0.48989537  0.53354989  0.49842225  0.51577721  0.50704875  0.48146583  0.51577721  0.51577721  0.46489004  0.50704875  0.48146583  0.48146583  0.47313143  0.48989537  0.47313143  0.46489004  0.48989537  0.49842225  0.49842225  0.46489004  0.43281461  0.50704875  0.50704875  0.47313143  0.48146583  0.47313143  0.47313143  0.48989537  0.48989537  0.48989537  0.48989537  0.49842225  0.48146583  0.46489004  0.46489004  0.45673962  0.46489004  0.48146583  0.48146583  0.46489004  0.46489004  0.44867818  0.53354989  0.52461009  0.56103763  0.56103763  0.40207462  0.41728467  0.39458549  0.41728467  0.44070379  0.47313143  0.44867818  0.44867818  0.48146583  0.50704875  0.49842225  0.48146583  0.47313143  0.46489004  0.51577721  0.51577721  0.45673962  0.45673962  0.48146583  0.49842225  0.46489004  0.47313143  0.48989537  0.48146583  0.48146583  0.51577721  0.50704875  0.49842225  0.57043239  0.58958827  0.57994821  0.52461009  0.55176089  0.52461009  0.51577721  0.59935584  0.57043239  0.57994821  0.51577721  0.47313143  0.47313143  0.45673962  0.48146583  0.42500881  0.50704875  0.46489004  0.44070379  0.42500881  0.41728467  0.44070379  0.54259926  0.53354989  0.44867818  0.45673962  0.48146583  0.48989537  0.50704875  0.48989537  0.50704875  0.50704875  0.48989537  0.48989537  0.51577721  0.53354989  0.57994821  0.48989537  0.51577721  0.48146583  0.44867818  0.46489004  0.48146583  0.48146583  0.47313143  0.52461009  0.52461009  0.52461009  0.51577721  0.57043239  0.54259926  0.53354989  0.56103763  0.50704875  0.57043239  0.54259926  0.50704875  0.51577721  0.55176089  0.51577721  0.50704875  0.48989537  0.47313143  0.48989537  0.52461009  0.44867818  
91_0_0     0.28406434  0.26506439  0.28406434  0.19930355  0.17124449  0.33725914  0.41728467  0.33725914  0.31685942  0.00000000  0.02216336  0.02667699  0.03121838  0.16575839  0.17124449  0.17124449  0.18234050  0.10292025  0.10292025  0.09294810  0.07339892  0.22254465  0.22254465  0.27134355  0.27767655  0.28406434  0.29050787  0.29050787  0.25266403  0.27134355  0.25266403  0.24654107  0.26506439  0.18234050  0.21083267  0.21666544  0.20504561  0.19360579  0.19360579  0.17677165  0.21666544  0.44867818  0.42500881  0.37256332  0.39458549  0.37983131  0.39458549  0.39458549  0.37983131  0.37983131  0.37256332  0.37256332  0.37256332  0.40207462  0.38717156  0.36536616  0.35823848  0.38717156  0.34418624  0.33725914  0.34418624  0.32359690  0.32359690  0.34418624  0.34418624  0.33725914  0.34418624  0.37256332  0.38717156  0.37983131  0.35823848  0.38717156  0.33039643  0.35117893  0.35117893  0.33039643  0.33039643  0.30356611  0.31685942  0.29700813  0.35823848  0.29700813  0.38717156  0.37983131  0.33725914  0.35117893  0.29050787  0.29050787  0.29050787  0.27134355  0.28406434  0.27767655  0.27767655  0.27767655  0.27767655  0.29700813  0.29050787  0.31685942  0.32359690  0.32359690  0.30356611  0.30356611  0.30356611  0.31018285  0.31685942  0.31018285  0.31018285  0.33039643  0.34418624  0.33725914  0.32359690  0.40207462  0.37983131  0.37983131  0.43281461  0.43281461  0.41728467  0.38717156  0.40964048  0.39458549  0.38717156  0.44867818  0.40207462  0.40964048  0.31018285  0.38717156  0.37983131  0.40207462  0.40964048  0.31018285  0.34418624  0.32359690  0.33039643  0.31685942  0.33039643  0.33725914  0.35117893  0.37256332  0.32359690  0.33039643  0.29050787  0.31018285  0.35823848  0.31685942  0.34418624  0.34418624  0.33039643  0.33039643  0.33039643  0.35117893  0.37983131  0.34418624  0.31685942  0.29700813  0.29700813  0.29700813  0.30356611  0.30356611  0.29700813  0.44070379  0.44070379  0.44070379  0.41728467  0.48989537  0.47313143  0.44867818  0.47313143  0.42500881  0.47313143  0.44070379  0.35823848  0.32359690  0.37256332  0.35823848  0.34418624  0.33039643  0.36536616  0.35823848  0.37983131  0.29050787  
88_0_0     0.25266403  0.23444539  0.26506439  0.17124449  0.14421271  0.33725914  0.40964048  0.34418624  0.31018285  0.02216336  0.00000000  0.01321804  0.01767715  0.16031275  0.16575839  0.16575839  0.16575839  0.08801207  0.08801207  0.07823791  0.05906936  0.22254465  0.22254465  0.25266403  0.25883818  0.26506439  0.27134355  0.27134355  0.24654107  0.25266403  0.23444539  0.22847105  0.24654107  0.17677165  0.19360579  0.18795166  0.18795166  0.19930355  0.19930355  0.18234050  0.22847105  0.43281461  0.40964048  0.34418624  0.36536616  0.36536616  0.36536616  0.36536616  0.35823848  0.35117893  0.34418624  0.34418624  0.34418624  0.37256332  0.35823848  0.33725914  0.33039643  0.37983131  0.31685942  0.32359690  0.33039643  0.31018285  0.31018285  0.31685942  0.31685942  0.31018285  0.31685942  0.34418624  0.35823848  0.35117893  0.33039643  0.35823848  0.30356611  0.33039643  0.33039643  0.31018285  0.31018285  0.28406434  0.32359690  0.27767655  0.35117893  0.27767655  0.37256332  0.36536616  0.33039643  0.33039643  0.28406434  0.27134355  0.27134355  0.26506439  0.27767655  0.27767655  0.27767655  0.27767655  0.27767655  0.29050787  0.27767655  0.30356611  0.30356611  0.30356611  0.29700813  0.29700813  0.29700813  0.31018285  0.31018285  0.31018285  0.31018285  0.33039643  0.33039643  0.32359690  0.31018285  0.40964048  0.35117893  0.35117893  0.42500881  0.40964048  0.39458549  0.36536616  0.38717156  0.38717156  0.36536616  0.44070379  0.40964048  0.41728467  0.29050787  0.36536616  0.35823848  0.36536616  0.37256332  0.29050787  0.31685942  0.32359690  0.33039643  0.28406434  0.29700813  0.30356611  0.31685942  0.33725914  0.29050787  0.29700813  0.28406434  0.31018285  0.35823848  0.32359690  0.34418624  0.34418624  0.33039643  0.33039643  0.33039643  0.35117893  0.37983131  0.33725914  0.31018285  0.29050787  0.29050787  0.30356611  0.29700813  0.29700813  0.29050787  0.42500881  0.42500881  0.42500881  0.40964048  0.48989537  0.45673962  0.44070379  0.46489004  0.42500881  0.45673962  0.40964048  0.32359690  0.30356611  0.35117893  0.33725914  0.32359690  0.31018285  0.33039643  0.33725914  0.35823848  0.28406434  
95_0_0     0.25883818  0.25266403  0.27134355  0.17677165  0.16031275  0.34418624  0.39458549  0.34418624  0.31018285  0.02667699  0.01321804  0.00000000  0.02216336  0.15490697  0.16031275  0.16031275  0.17124449  0.09294810  0.09294810  0.08310882  0.06381505  0.21666544  0.21666544  0.25883818  0.26506439  0.28406434  0.27134355  0.27134355  0.23444539  0.25266403  0.22254465  0.21666544  0.23444539  0.16031275  0.19930355  0.19360579  0.19360579  0.19360579  0.19360579  0.17677165  0.22254465  0.43281461  0.40964048  0.35823848  0.37983131  0.37983131  0.37983131  0.37983131  0.37256332  0.36536616  0.35823848  0.35823848  0.35823848  0.38717156  0.37256332  0.35117893  0.34418624  0.39458549  0.33039643  0.32359690  0.33039643  0.31018285  0.31018285  0.33039643  0.33039643  0.32359690  0.33039643  0.35823848  0.37256332  0.36536616  0.34418624  0.36536616  0.31685942  0.33725914  0.33725914  0.31685942  0.31685942  0.27767655  0.30356611  0.27134355  0.33039643  0.28406434  0.36536616  0.35823848  0.35117893  0.35117893  0.27767655  0.28406434  0.27767655  0.25883818  0.27767655  0.28406434  0.27134355  0.27134355  0.27134355  0.28406434  0.28406434  0.31018285  0.28406434  0.28406434  0.27767655  0.27767655  0.29050787  0.30356611  0.29050787  0.30356611  0.29050787  0.31018285  0.33725914  0.33039643  0.30356611  0.40207462  0.34418624  0.34418624  0.40207462  0.38717156  0.37256332  0.35823848  0.37983131  0.37983131  0.35823848  0.43281461  0.38717156  0.39458549  0.27134355  0.38717156  0.37983131  0.37256332  0.37983131  0.28406434  0.31018285  0.30356611  0.31018285  0.27767655  0.29050787  0.29700813  0.31018285  0.33039643  0.28406434  0.29050787  0.26506439  0.29050787  0.35117893  0.31685942  0.32359690  0.32359690  0.32359690  0.32359690  0.32359690  0.34418624  0.37256332  0.31685942  0.29050787  0.27134355  0.27134355  0.29700813  0.27767655  0.27767655  0.27134355  0.43281461  0.43281461  0.43281461  0.40207462  0.48146583  0.46489004  0.44867818  0.45673962  0.41728467  0.46489004  0.41728467  0.34418624  0.32359690  0.37256332  0.35823848  0.34418624  0.33039643  0.35117893  0.33039643  0.36536616  0.27767655  
100_0_0    0.24654107  0.24046846  0.25883818  0.18234050  0.15490697  0.33039643  0.40207462  0.35117893  0.31685942  0.03121838  0.01767715  0.02216336  0.00000000  0.16031275  0.16575839  0.16575839  0.17124449  0.08801207  0.08801207  0.07823791  0.05906936  0.22254465  0.22254465  0.27767655  0.28406434  0.27767655  0.28406434  0.28406434  0.24654107  0.25266403  0.22254465  0.22847105  0.24654107  0.18795166  0.20504561  0.19930355  0.19930355  0.18795166  0.18795166  0.17124449  0.21666544  0.44867818  0.42500881  0.35823848  0.37983131  0.36536616  0.36536616  0.36536616  0.37256332  0.36536616  0.35823848  0.35823848  0.34418624  0.37256332  0.35823848  0.33725914  0.34418624  0.37983131  0.33039643  0.31018285  0.31685942  0.31685942  0.31685942  0.33039643  0.33039643  0.32359690  0.33039643  0.34418624  0.37256332  0.35823848  0.34418624  0.37256332  0.31685942  0.33725914  0.33725914  0.31685942  0.31685942  0.29700813  0.33039643  0.29050787  0.32359690  0.29050787  0.37256332  0.37983131  0.34418624  0.33039643  0.27134355  0.27134355  0.27134355  0.27767655  0.29050787  0.25883818  0.25883818  0.25883818  0.25883818  0.27134355  0.29700813  0.32359690  0.29700813  0.29700813  0.27767655  0.27767655  0.27767655  0.29050787  0.29050787  0.30356611  0.30356611  0.32359690  0.33725914  0.33039643  0.29050787  0.40207462  0.35823848  0.35823848  0.41728467  0.41728467  0.38717156  0.35823848  0.37983131  0.37983131  0.38717156  0.43281461  0.40207462  0.40964048  0.27767655  0.38717156  0.37983131  0.37256332  0.37983131  0.29700813  0.32359690  0.31685942  0.33725914  0.29050787  0.30356611  0.31018285  0.32359690  0.34418624  0.29700813  0.30356611  0.27767655  0.30356611  0.35117893  0.31685942  0.33725914  0.33725914  0.32359690  0.32359690  0.32359690  0.34418624  0.35823848  0.33039643  0.30356611  0.28406434  0.28406434  0.29700813  0.29050787  0.29050787  0.28406434  0.43281461  0.43281461  0.43281461  0.40207462  0.48989537  0.46489004  0.46489004  0.47313143  0.41728467  0.48146583  0.41728467  0.33725914  0.31685942  0.36536616  0.35117893  0.33725914  0.32359690  0.34418624  0.33725914  0.37983131  0.29050787  
88_26_0    0.32359690  0.32359690  0.35117893  0.27134355  0.26506439  0.40207462  0.41728467  0.37983131  0.37256332  0.16575839  0.16031275  0.15490697  0.16031275  0.00000000  0.00437978  0.00437978  0.05435397  0.18795166  0.18795166  0.18234050  0.14954048  0.27134355  0.27134355  0.35823848  0.36536616  0.37256332  0.36536616  0.36536616  0.31685942  0.33725914  0.32359690  0.33039643  0.32359690  0.24654107  0.29050787  0.30356611  0.28406434  0.22847105  0.24046846  0.24654107  0.27767655  0.50704875  0.48146583  0.38717156  0.36536616  0.39458549  0.39458549  0.39458549  0.36536616  0.36536616  0.35117893  0.35117893  0.34418624  0.37256332  0.37256332  0.35117893  0.34418624  0.39458549  0.35823848  0.34418624  0.33725914  0.33725914  0.33725914  0.36536616  0.36536616  0.33725914  0.35823848  0.37256332  0.35823848  0.38717156  0.35823848  0.35823848  0.33039643  0.31018285  0.31018285  0.29050787  0.29700813  0.33039643  0.33039643  0.31018285  0.35823848  0.29050787  0.45673962  0.44867818  0.38717156  0.40207462  0.36536616  0.34418624  0.36536616  0.34418624  0.35823848  0.33039643  0.33039643  0.33039643  0.34418624  0.37256332  0.38717156  0.37256332  0.37983131  0.39458549  0.38717156  0.38717156  0.35117893  0.36536616  0.37983131  0.40964048  0.37256332  0.36536616  0.39458549  0.38717156  0.37983131  0.45673962  0.44867818  0.44867818  0.47313143  0.48989537  0.44867818  0.43281461  0.45673962  0.45673962  0.43281461  0.48146583  0.45673962  0.46489004  0.39458549  0.43281461  0.42500881  0.44867818  0.46489004  0.36536616  0.40964048  0.40964048  0.41728467  0.35823848  0.35823848  0.36536616  0.42500881  0.41728467  0.35823848  0.36536616  0.37983131  0.39458549  0.42500881  0.41728467  0.41728467  0.41728467  0.41728467  0.41728467  0.41728467  0.44070379  0.40207462  0.41728467  0.38717156  0.36536616  0.37983131  0.39458549  0.36536616  0.36536616  0.35823848  0.52461009  0.52461009  0.52461009  0.54259926  0.59935584  0.55176089  0.57043239  0.53354989  0.53354989  0.54259926  0.53354989  0.40964048  0.40207462  0.44070379  0.44070379  0.42500881  0.40964048  0.42500881  0.40207462  0.46489004  0.35117893  
95_26_0    0.33039643  0.33039643  0.35823848  0.27767655  0.27134355  0.40964048  0.40964048  0.38717156  0.37983131  0.17124449  0.16575839  0.16031275  0.16575839  0.00437978  0.00000000  0.00000000  0.04966850  0.19360579  0.19360579  0.18795166  0.15490697  0.27134355  0.27134355  0.35823848  0.36536616  0.37256332  0.35823848  0.35823848  0.31018285  0.33039643  0.31685942  0.32359690  0.31685942  0.24046846  0.29700813  0.31018285  0.29050787  0.23444539  0.23444539  0.25266403  0.28406434  0.51577721  0.48989537  0.39458549  0.37256332  0.40207462  0.40207462  0.40207462  0.37256332  0.37256332  0.35823848  0.35823848  0.35117893  0.37983131  0.37983131  0.35823848  0.35117893  0.40207462  0.36536616  0.35117893  0.34418624  0.34418624  0.34418624  0.37256332  0.37256332  0.34418624  0.36536616  0.37983131  0.36536616  0.39458549  0.36536616  0.36536616  0.33725914  0.31018285  0.31018285  0.29050787  0.29700813  0.33039643  0.33039643  0.31018285  0.35823848  0.29700813  0.46489004  0.45673962  0.39458549  0.40964048  0.37256332  0.35117893  0.37256332  0.35117893  0.36536616  0.32359690  0.32359690  0.32359690  0.33725914  0.36536616  0.37983131  0.36536616  0.38717156  0.40207462  0.37983131  0.37983131  0.35823848  0.37256332  0.38717156  0.41728467  0.36536616  0.35823848  0.38717156  0.37983131  0.37256332  0.44867818  0.44070379  0.44070379  0.48146583  0.48146583  0.45673962  0.44070379  0.46489004  0.46489004  0.44070379  0.47313143  0.46489004  0.47313143  0.38717156  0.42500881  0.41728467  0.45673962  0.45673962  0.37256332  0.41728467  0.41728467  0.42500881  0.36536616  0.36536616  0.37256332  0.43281461  0.42500881  0.36536616  0.37256332  0.38717156  0.40207462  0.43281461  0.42500881  0.42500881  0.42500881  0.42500881  0.42500881  0.42500881  0.44867818  0.40964048  0.42500881  0.39458549  0.37256332  0.38717156  0.38717156  0.37256332  0.37256332  0.36536616  0.53354989  0.53354989  0.53354989  0.55176089  0.60925434  0.56103763  0.56103763  0.52461009  0.54259926  0.55176089  0.54259926  0.41728467  0.40964048  0.44867818  0.44867818  0.43281461  0.41728467  0.43281461  0.40964048  0.45673962  0.35823848  
91_26_0    0.33039643  0.33039643  0.35823848  0.27767655  0.27134355  0.40964048  0.40964048  0.38717156  0.37983131  0.17124449  0.16575839  0.16031275  0.16575839  0.00437978  0.00000000  0.00000000  0.04966850  0.19360579  0.19360579  0.18795166  0.15490697  0.27134355  0.27134355  0.35823848  0.36536616  0.37256332  0.35823848  0.35823848  0.31018285  0.33039643  0.31685942  0.32359690  0.31685942  0.24046846  0.29700813  0.31018285  0.29050787  0.23444539  0.23444539  0.25266403  0.28406434  0.51577721  0.48989537  0.39458549  0.37256332  0.40207462  0.40207462  0.40207462  0.37256332  0.37256332  0.35823848  0.35823848  0.35117893  0.37983131  0.37983131  0.35823848  0.35117893  0.40207462  0.36536616  0.35117893  0.34418624  0.34418624  0.34418624  0.37256332  0.37256332  0.34418624  0.36536616  0.37983131  0.36536616  0.39458549  0.36536616  0.36536616  0.33725914  0.31018285  0.31018285  0.29050787  0.29700813  0.33039643  0.33039643  0.31018285  0.35823848  0.29700813  0.46489004  0.45673962  0.39458549  0.40964048  0.37256332  0.35117893  0.37256332  0.35117893  0.36536616  0.32359690  0.32359690  0.32359690  0.33725914  0.36536616  0.37983131  0.36536616  0.38717156  0.40207462  0.37983131  0.37983131  0.35823848  0.37256332  0.38717156  0.41728467  0.36536616  0.35823848  0.38717156  0.37983131  0.37256332  0.44867818  0.44070379  0.44070379  0.48146583  0.48146583  0.45673962  0.44070379  0.46489004  0.46489004  0.44070379  0.47313143  0.46489004  0.47313143  0.38717156  0.42500881  0.41728467  0.45673962  0.45673962  0.37256332  0.41728467  0.41728467  0.42500881  0.36536616  0.36536616  0.37256332  0.43281461  0.42500881  0.36536616  0.37256332  0.38717156  0.40207462  0.43281461  0.42500881  0.42500881  0.42500881  0.42500881  0.42500881  0.42500881  0.44867818  0.40964048  0.42500881  0.39458549  0.37256332  0.38717156  0.38717156  0.37256332  0.37256332  0.36536616  0.53354989  0.53354989  0.53354989  0.55176089  0.60925434  0.56103763  0.56103763  0.52461009  0.54259926  0.55176089  0.54259926  0.41728467  0.40964048  0.44867818  0.44867818  0.43281461  0.41728467  0.43281461  0.40964048  0.45673962  0.35823848  
100_26_0   0.31685942  0.31685942  0.38717156  0.30356611  0.26506439  0.40207462  0.41728467  0.37983131  0.35823848  0.18234050  0.16575839  0.17124449  0.17124449  0.05435397  0.04966850  0.04966850  0.00000000  0.20504561  0.20504561  0.19930355  0.16575839  0.29700813  0.29700813  0.37983131  0.38717156  0.37256332  0.39458549  0.39458549  0.33039643  0.34418624  0.31685942  0.33039643  0.31685942  0.26506439  0.30356611  0.30356611  0.29700813  0.25883818  0.25883818  0.26506439  0.29700813  0.49842225  0.47313143  0.44867818  0.42500881  0.44867818  0.44867818  0.44867818  0.39458549  0.42500881  0.40964048  0.40964048  0.39458549  0.41728467  0.41728467  0.40207462  0.37256332  0.43281461  0.41728467  0.39458549  0.38717156  0.36536616  0.36536616  0.40207462  0.40207462  0.37256332  0.39458549  0.40207462  0.39458549  0.41728467  0.39458549  0.41728467  0.37983131  0.34418624  0.34418624  0.32359690  0.33039643  0.37983131  0.35823848  0.37256332  0.40207462  0.35823848  0.48989537  0.48989537  0.42500881  0.40964048  0.38717156  0.37256332  0.38717156  0.39458549  0.40207462  0.33039643  0.33039643  0.33039643  0.34418624  0.37256332  0.37983131  0.37983131  0.40207462  0.41728467  0.40964048  0.42500881  0.38717156  0.38717156  0.43281461  0.41728467  0.35117893  0.34418624  0.37256332  0.36536616  0.37256332  0.42500881  0.42500881  0.42500881  0.48989537  0.47313143  0.46489004  0.43281461  0.45673962  0.47313143  0.43281461  0.48146583  0.44070379  0.44867818  0.39458549  0.43281461  0.42500881  0.46489004  0.46489004  0.35823848  0.40207462  0.41728467  0.40964048  0.35117893  0.35117893  0.37256332  0.43281461  0.42500881  0.35117893  0.35823848  0.37256332  0.38717156  0.42500881  0.40207462  0.40964048  0.40964048  0.39458549  0.39458549  0.40964048  0.43281461  0.40964048  0.40964048  0.40964048  0.37256332  0.40207462  0.40207462  0.38717156  0.38717156  0.36536616  0.55176089  0.55176089  0.55176089  0.55176089  0.58958827  0.57994821  0.56103763  0.56103763  0.56103763  0.55176089  0.56103763  0.40964048  0.40207462  0.44070379  0.44070379  0.42500881  0.40964048  0.44070379  0.43281461  0.46489004  0.37256332  
88_27_0    0.29700813  0.27767655  0.29700813  0.19360579  0.18795166  0.37983131  0.40207462  0.36536616  0.34418624  0.10292025  0.08801207  0.09294810  0.08801207  0.18795166  0.19360579  0.19360579  0.20504561  0.00000000  0.00000000  0.01767715  0.05435397  0.23444539  0.23444539  0.29050787  0.28406434  0.29050787  0.31685942  0.31685942  0.29050787  0.31018285  0.26506439  0.25883818  0.27767655  0.24046846  0.21083267  0.21666544  0.20504561  0.21666544  0.21666544  0.19930355  0.23444539  0.46489004  0.44070379  0.35823848  0.37983131  0.38717156  0.37983131  0.37983131  0.38717156  0.35117893  0.35823848  0.35823848  0.35823848  0.39458549  0.37983131  0.36536616  0.35823848  0.39458549  0.33039643  0.35117893  0.35823848  0.32359690  0.32359690  0.35117893  0.35117893  0.33039643  0.32359690  0.36536616  0.36536616  0.36536616  0.35117893  0.39458549  0.33725914  0.34418624  0.34418624  0.32359690  0.33725914  0.31685942  0.37256332  0.31018285  0.35823848  0.27767655  0.44867818  0.42500881  0.33039643  0.34418624  0.29700813  0.29700813  0.29700813  0.28406434  0.27134355  0.29700813  0.27134355  0.27134355  0.28406434  0.30356611  0.34418624  0.35823848  0.33039643  0.31685942  0.31018285  0.29700813  0.31685942  0.30356611  0.33039643  0.33725914  0.35117893  0.35823848  0.38717156  0.37983131  0.31018285  0.40964048  0.37983131  0.36536616  0.38717156  0.38717156  0.37256332  0.33039643  0.35117893  0.35117893  0.35823848  0.40964048  0.36536616  0.37256332  0.32359690  0.41728467  0.40964048  0.38717156  0.39458549  0.31685942  0.32359690  0.30356611  0.32359690  0.29050787  0.30356611  0.32359690  0.35117893  0.38717156  0.29700813  0.30356611  0.26506439  0.30356611  0.38717156  0.32359690  0.33725914  0.33725914  0.32359690  0.32359690  0.33725914  0.35823848  0.36536616  0.31018285  0.33725914  0.29700813  0.28406434  0.29700813  0.27767655  0.27767655  0.28406434  0.45673962  0.45673962  0.45673962  0.44070379  0.46489004  0.48989537  0.52461009  0.46489004  0.44070379  0.46489004  0.44070379  0.35117893  0.33039643  0.37983131  0.35117893  0.35117893  0.33725914  0.35117893  0.34418624  0.42500881  0.26506439  
