20
13_0_0     0.00000000  0.06845507  0.06845507  0.06845507  0.09030181  0.08661522  0.17647782  0.16411354  0.16003798  0.40929712  0.43840686  0.41502743  0.46871907  0.46255564  0.43840686  0.42080284  0.40929712  0.39796901  0.39236985  0.39796901  
12_0_0     0.06845507  0.00000000  0.00000000  0.00656523  0.10901773  0.10523617  0.19755942  0.18905397  0.18483793  0.43249181  0.44436997  0.43840686  0.49390381  0.48752614  0.45644354  0.42080284  0.42080284  0.40361121  0.40361121  0.40361121  
19_0_0     0.06845507  0.00000000  0.00000000  0.00656523  0.10901773  0.10523617  0.19755942  0.18905397  0.18483793  0.43249181  0.44436997  0.43840686  0.49390381  0.48752614  0.45644354  0.42080284  0.42080284  0.40361121  0.40361121  0.40361121  
20_0_0     0.06845507  0.00656523  0.00656523  0.00000000  0.10901773  0.10523617  0.19755942  0.19755942  0.19329437  0.42662405  0.45038193  0.43249181  0.50033739  0.49390381  0.46255564  0.42662405  0.42662405  0.39796901  0.39796901  0.39796901  
14_0_0     0.09030181  0.10901773  0.10901773  0.10901773  0.00000000  0.00327527  0.16411354  0.16003798  0.13999289  0.40929712  0.45644354  0.41502743  0.45644354  0.45038193  0.44436997  0.42080284  0.40929712  0.38681309  0.39236985  0.37582422  
18_0_0     0.08661522  0.10523617  0.10523617  0.10523617  0.00327527  0.00000000  0.16003798  0.15598492  0.13604874  0.40361121  0.45038193  0.40929712  0.45038193  0.44436997  0.43840686  0.41502743  0.40361121  0.38129809  0.38681309  0.37039087  
15_0_0     0.17647782  0.19755942  0.19755942  0.19755942  0.16411354  0.16003798  0.00000000  0.19329437  0.18064597  0.43249181  0.46871907  0.45038193  0.45038193  0.45644354  0.47493469  0.45644354  0.44436997  0.42080284  0.41502743  0.40929712  
17_0_0     0.16411354  0.18905397  0.18905397  0.19755942  0.16003798  0.15598492  0.19329437  0.00000000  0.01987454  0.40929712  0.45644354  0.42080284  0.44436997  0.43840686  0.45644354  0.43840686  0.42080284  0.40929712  0.40929712  0.38681309  
16_0_0     0.16003798  0.18483793  0.18483793  0.19329437  0.13999289  0.13604874  0.18064597  0.01987454  0.00000000  0.41502743  0.47493469  0.43840686  0.43840686  0.43249181  0.47493469  0.45644354  0.42662405  0.41502743  0.41502743  0.39236985  
6_0_0      0.40929712  0.43249181  0.43249181  0.42662405  0.40929712  0.40361121  0.43249181  0.40929712  0.41502743  0.00000000  0.12822347  0.03342968  0.19329437  0.19755942  0.12434191  0.09773100  0.06845507  0.09773100  0.08294706  0.13604874  
9_0_0      0.43840686  0.44436997  0.44436997  0.45038193  0.45644354  0.45038193  0.46871907  0.45644354  0.47493469  0.12822347  0.00000000  0.11663982  0.24163122  0.24163122  0.18905397  0.15598492  0.15598492  0.16411354  0.17647782  0.18905397  
1_0_0      0.41502743  0.43840686  0.43840686  0.43249181  0.41502743  0.40929712  0.45038193  0.42080284  0.43840686  0.03342968  0.11663982  0.00000000  0.17647782  0.18064597  0.11663982  0.09030181  0.08661522  0.10901773  0.09030181  0.12048076  
8_0_0      0.46871907  0.49390381  0.49390381  0.50033739  0.45644354  0.45038193  0.45038193  0.44436997  0.43840686  0.19329437  0.24163122  0.17647782  0.00000000  0.00327527  0.22368368  0.20616459  0.17233320  0.20184939  0.19329437  0.20616459  
2_0_0      0.46255564  0.48752614  0.48752614  0.49390381  0.45038193  0.44436997  0.45644354  0.43840686  0.43249181  0.19755942  0.24163122  0.18064597  0.00327527  0.00000000  0.22368368  0.20616459  0.17647782  0.20616459  0.19755942  0.21050531  
3_0_0      0.43840686  0.45644354  0.45644354  0.46255564  0.44436997  0.43840686  0.47493469  0.45644354  0.47493469  0.12434191  0.18905397  0.11663982  0.22368368  0.22368368  0.00000000  0.03001735  0.09400700  0.14395834  0.14395834  0.17233320  
4_0_0      0.42080284  0.42080284  0.42080284  0.42662405  0.42080284  0.41502743  0.45644354  0.43840686  0.45644354  0.09773100  0.15598492  0.09030181  0.20616459  0.20616459  0.03001735  0.00000000  0.06845507  0.12048076  0.12048076  0.15598492  
5_0_0      0.40929712  0.42080284  0.42080284  0.42662405  0.40929712  0.40361121  0.44436997  0.42080284  0.42662405  0.06845507  0.15598492  0.08661522  0.17233320  0.17647782  0.09400700  0.06845507  0.00000000  0.09030181  0.09030181  0.14395834  
11_0_0     0.39796901  0.40361121  0.40361121  0.39796901  0.38681309  0.38129809  0.42080284  0.40929712  0.41502743  0.09773100  0.16411354  0.10901773  0.20184939  0.20616459  0.14395834  0.12048076  0.09030181  0.00000000  0.02323992  0.07205133  
7_0_0      0.39236985  0.40361121  0.40361121  0.39796901  0.39236985  0.38681309  0.41502743  0.40929712  0.41502743  0.08294706  0.17647782  0.09030181  0.19329437  0.19755942  0.14395834  0.12048076  0.09030181  0.02323992  0.00000000  0.06131498  
10_0_0     0.39796901  0.40361121  0.40361121  0.39796901  0.37582422  0.37039087  0.40929712  0.38681309  0.39236985  0.13604874  0.18905397  0.12048076  0.20616459  0.21050531  0.17233320  0.15598492  0.14395834  0.07205133  0.06131498  0.00000000  

