20
17_0_0     0.00000000  0.04224038  0.26186962  0.18111413  0.15298876  0.15298876  0.16224433  0.20048325  0.19073463  0.31154279  0.29460777  0.28353157  0.31154279  0.31727600  0.31154279  0.31727600  0.30585414  0.35265145  0.33475005  0.29460777  
16_0_0     0.04224038  0.00000000  0.22543839  0.16691638  0.13932119  0.13932119  0.14840449  0.18590858  0.17635089  0.28353157  0.27805569  0.26722531  0.28904872  0.28904872  0.29460777  0.30020936  0.25655283  0.34663554  0.31727600  0.28904872  
15_0_0     0.26186962  0.22543839  0.00000000  0.26186962  0.23053315  0.23053315  0.23053315  0.25655283  0.24083031  0.36483364  0.36483364  0.37722201  0.38349571  0.38349571  0.38349571  0.37722201  0.35265145  0.40914243  0.38982364  0.35871721  
13_0_0     0.18111413  0.16691638  0.26186962  0.00000000  0.04620409  0.04620409  0.05419646  0.10407482  0.11272859  0.31727600  0.32305446  0.30585414  0.31727600  0.31727600  0.31154279  0.31727600  0.32887890  0.35871721  0.34066868  0.32887890  
12_0_0     0.15298876  0.13932119  0.23053315  0.04620409  0.00000000  0.00000000  0.00750099  0.07044787  0.07044787  0.29460777  0.28904872  0.27262047  0.27262047  0.27805569  0.25655283  0.27262047  0.29460777  0.30020936  0.28353157  0.28353157  
19_0_0     0.15298876  0.13932119  0.23053315  0.04620409  0.00000000  0.00000000  0.00750099  0.07044787  0.07044787  0.29460777  0.28904872  0.27262047  0.27262047  0.27805569  0.25655283  0.27262047  0.29460777  0.30020936  0.28353157  0.28353157  
20_0_0     0.16224433  0.14840449  0.23053315  0.05419646  0.00750099  0.00750099  0.00000000  0.07871090  0.07871090  0.29460777  0.30020936  0.28353157  0.28353157  0.28904872  0.26722531  0.28353157  0.30585414  0.31154279  0.29460777  0.29460777  
18_0_0     0.20048325  0.18590858  0.25655283  0.10407482  0.07044787  0.07044787  0.07871090  0.00000000  0.03829803  0.34066868  0.30020936  0.31154279  0.29460777  0.30020936  0.26722531  0.30585414  0.33475005  0.35265145  0.33475005  0.32305446  
14_0_0     0.19073463  0.17635089  0.24083031  0.11272859  0.07044787  0.07044787  0.07871090  0.03829803  0.00000000  0.32887890  0.30020936  0.28904872  0.28904872  0.29460777  0.28904872  0.30020936  0.32887890  0.36483364  0.34663554  0.32305446  
4_0_0      0.31154279  0.28353157  0.36483364  0.31727600  0.29460777  0.29460777  0.29460777  0.34066868  0.32887890  0.00000000  0.03829803  0.07871090  0.08287766  0.08287766  0.11272859  0.09552216  0.11709415  0.14840449  0.14840449  0.10407482  
3_0_0      0.29460777  0.27805569  0.36483364  0.32305446  0.28904872  0.28904872  0.30020936  0.30020936  0.30020936  0.03829803  0.00000000  0.07044787  0.07456772  0.07871090  0.09552216  0.07871090  0.11709415  0.13034923  0.13034923  0.08706827  
5_0_0      0.28353157  0.26722531  0.37722201  0.30585414  0.27262047  0.27262047  0.28353157  0.31154279  0.28904872  0.07871090  0.07044787  0.00000000  0.07871090  0.07871090  0.07871090  0.07044787  0.10838892  0.11709415  0.12590414  0.07871090  
2_0_0      0.31154279  0.28904872  0.38349571  0.31727600  0.27262047  0.27262047  0.28353157  0.29460777  0.28904872  0.08287766  0.07456772  0.07871090  0.00000000  0.00374089  0.05419646  0.03047645  0.06635107  0.11709415  0.11709415  0.06227707  
8_0_0      0.31727600  0.28904872  0.38349571  0.31727600  0.27805569  0.27805569  0.28904872  0.30020936  0.29460777  0.08287766  0.07871090  0.07871090  0.00374089  0.00000000  0.05822561  0.03437679  0.06635107  0.12148589  0.12148589  0.06635107  
6_0_0      0.31154279  0.29460777  0.38349571  0.31154279  0.25655283  0.25655283  0.26722531  0.26722531  0.28904872  0.11272859  0.09552216  0.07871090  0.05419646  0.05822561  0.00000000  0.05419646  0.09128301  0.10838892  0.10838892  0.07044787  
1_0_0      0.31727600  0.30020936  0.37722201  0.31727600  0.27262047  0.27262047  0.28353157  0.30585414  0.30020936  0.09552216  0.07871090  0.07044787  0.03047645  0.03437679  0.05419646  0.00000000  0.07456772  0.10838892  0.11709415  0.06227707  
9_0_0      0.30585414  0.25655283  0.35265145  0.32887890  0.29460777  0.29460777  0.30585414  0.33475005  0.32887890  0.11709415  0.11709415  0.10838892  0.06635107  0.06635107  0.09128301  0.07456772  0.00000000  0.13932119  0.13034923  0.09128301  
11_0_0     0.35265145  0.34663554  0.40914243  0.35871721  0.30020936  0.30020936  0.31154279  0.35265145  0.36483364  0.14840449  0.13034923  0.11709415  0.11709415  0.12148589  0.10838892  0.10838892  0.13932119  0.00000000  0.02273756  0.05018937  
7_0_0      0.33475005  0.31727600  0.38982364  0.34066868  0.28353157  0.28353157  0.29460777  0.33475005  0.34663554  0.14840449  0.13034923  0.12590414  0.11709415  0.12148589  0.10838892  0.11709415  0.13034923  0.02273756  0.00000000  0.05018937  
10_0_0     0.29460777  0.28904872  0.35871721  0.32887890  0.28353157  0.28353157  0.29460777  0.32305446  0.32305446  0.10407482  0.08706827  0.07871090  0.06227707  0.06635107  0.07044787  0.06227707  0.09128301  0.05018937  0.05018937  0.00000000  

