157
13_20_0    0.00000000  0.08720925  0.08280246  0.08280246  0.08720925  0.16174318  0.16667390  0.20741254  0.23958975  0.23958975  0.23958975  0.23958975  0.20741254  0.20741254  0.20218961  0.19185840  0.39898980  0.40590272  0.33335096  0.34599893  0.37864865  0.32711105  0.34599893  0.35240904  0.35240904  0.41993529  0.42705772  0.41288409  0.37864865  0.42705772  0.40590272  0.43425284  0.44886718  0.44152214  0.47137289  0.47137289  0.47137289  0.45628954  0.38536404  0.39214400  0.39214400  0.41288409  0.41288409  0.39214400  0.39214400  0.44886718  0.39214400  0.39214400  0.35240904  0.37864865  0.37864865  0.41993529  0.38536404  0.44152214  0.38536404  0.36540678  0.37864865  0.41288409  0.43425284  0.43425284  0.41288409  0.40590272  0.56935127  0.52686069  0.52686069  0.51055646  0.49462077  0.46379088  0.46379088  0.47903732  0.53515640  0.54355090  0.49462077  0.55204655  0.54355090  0.47903732  0.51055646  0.50254359  0.51055646  0.51055646  0.53515640  0.46379088  0.47903732  0.53515640  0.53515640  0.51866144  0.51055646  0.47903732  0.45628954  0.47137289  0.47903732  0.50254359  0.51055646  0.51866144  0.51866144  0.47137289  0.47137289  0.49462077  0.47903732  0.48678599  0.47137289  0.47903732  0.48678599  0.45628954  0.47903732  0.49462077  0.52686069  0.48678599  0.51055646  0.46379088  0.49462077  0.49462077  0.44886718  0.44886718  0.47903732  0.50254359  0.47903732  0.44152214  0.44152214  0.45628954  0.44886718  0.44886718  0.44886718  0.44886718  0.42705772  0.42705772  0.42705772  0.58709144  0.63349892  0.56935127  0.56935127  0.55204655  0.51866144  0.51866144  0.51866144  0.47137289  0.47137289  0.48678599  0.45628954  0.43425284  0.42705772  0.41993529  0.50254359  0.41288409  0.44886718  0.43425284  0.41288409  0.41993529  0.44886718  0.42705772  0.41288409  0.46379088  0.45628954  0.43425284  0.42705772  0.43425284  0.48678599  
25_20_0    0.08720925  0.00000000  0.00391711  0.00391711  0.02383592  0.11885300  0.12349174  0.16667390  0.19185840  0.19185840  0.19185840  0.19185840  0.18167639  0.18167639  0.17664001  0.17664001  0.37199663  0.34599893  0.30268946  0.32711105  0.38536404  0.30871601  0.35240904  0.35240904  0.33964658  0.37864865  0.37199663  0.37199663  0.31479452  0.37199663  0.37199663  0.41288409  0.37199663  0.39214400  0.41993529  0.41993529  0.41993529  0.40590272  0.37199663  0.36540678  0.36540678  0.37199663  0.38536404  0.33335096  0.33335096  0.39898980  0.34599893  0.34599893  0.33335096  0.37864865  0.37864865  0.40590272  0.35887795  0.42705772  0.38536404  0.36540678  0.37864865  0.41993529  0.39214400  0.39214400  0.37199663  0.39214400  0.50254359  0.48678599  0.48678599  0.41993529  0.45628954  0.41288409  0.44886718  0.46379088  0.49462077  0.50254359  0.47137289  0.50254359  0.49462077  0.44152214  0.47137289  0.44886718  0.45628954  0.48678599  0.47903732  0.44152214  0.47137289  0.51866144  0.51866144  0.51866144  0.50254359  0.46379088  0.45628954  0.44152214  0.44886718  0.47137289  0.51866144  0.51055646  0.52686069  0.51055646  0.51055646  0.47137289  0.41993529  0.41288409  0.41993529  0.42705772  0.43425284  0.41993529  0.42705772  0.46379088  0.48678599  0.44886718  0.46379088  0.41993529  0.43425284  0.49462077  0.40590272  0.40590272  0.43425284  0.44886718  0.45628954  0.39214400  0.39214400  0.39214400  0.39898980  0.39898980  0.39898980  0.39898980  0.41288409  0.41288409  0.41288409  0.51866144  0.56064582  0.51055646  0.51866144  0.51866144  0.50254359  0.51866144  0.51866144  0.42705772  0.42705772  0.41288409  0.41288409  0.41993529  0.39214400  0.38536404  0.43425284  0.37864865  0.40590272  0.39898980  0.37864865  0.37199663  0.40590272  0.37864865  0.37864865  0.39898980  0.39214400  0.38536404  0.37864865  0.37199663  0.44886718  
14_20_0    0.08280246  0.00391711  0.00000000  0.00000000  0.01980689  0.11424457  0.11885300  0.16174318  0.18674902  0.18674902  0.18674902  0.18674902  0.17664001  0.17664001  0.17163934  0.17163934  0.36540678  0.33964658  0.29671398  0.32092589  0.37864865  0.30268946  0.34599893  0.34599893  0.33335096  0.37199663  0.36540678  0.36540678  0.30871601  0.36540678  0.36540678  0.40590272  0.36540678  0.38536404  0.41288409  0.41288409  0.41288409  0.39898980  0.36540678  0.35887795  0.35887795  0.36540678  0.37864865  0.32711105  0.32711105  0.39214400  0.33964658  0.33964658  0.32711105  0.37199663  0.37199663  0.39898980  0.35240904  0.43425284  0.37864865  0.35887795  0.37199663  0.41288409  0.38536404  0.38536404  0.36540678  0.38536404  0.51055646  0.47903732  0.47903732  0.42705772  0.44886718  0.40590272  0.44152214  0.45628954  0.48678599  0.49462077  0.46379088  0.49462077  0.48678599  0.44886718  0.47903732  0.44152214  0.44886718  0.47903732  0.47137289  0.43425284  0.46379088  0.52686069  0.52686069  0.52686069  0.51055646  0.45628954  0.44886718  0.43425284  0.44152214  0.46379088  0.51055646  0.51866144  0.51866144  0.50254359  0.50254359  0.46379088  0.41288409  0.40590272  0.41288409  0.41993529  0.42705772  0.41288409  0.43425284  0.45628954  0.47903732  0.44152214  0.45628954  0.41288409  0.42705772  0.48678599  0.39898980  0.39898980  0.44152214  0.44152214  0.44886718  0.38536404  0.38536404  0.38536404  0.39214400  0.39214400  0.39214400  0.39214400  0.40590272  0.40590272  0.40590272  0.52686069  0.56935127  0.51866144  0.52686069  0.52686069  0.51055646  0.52686069  0.51055646  0.41993529  0.41993529  0.40590272  0.40590272  0.41288409  0.38536404  0.37864865  0.44152214  0.37199663  0.39898980  0.39214400  0.37199663  0.36540678  0.41288409  0.37199663  0.37199663  0.39214400  0.38536404  0.37864865  0.37199663  0.36540678  0.44152214  
33_20_0    0.08280246  0.00391711  0.00000000  0.00000000  0.01980689  0.11424457  0.11885300  0.16174318  0.18674902  0.18674902  0.18674902  0.18674902  0.17664001  0.17664001  0.17163934  0.17163934  0.36540678  0.33964658  0.29671398  0.32092589  0.37864865  0.30268946  0.34599893  0.34599893  0.33335096  0.37199663  0.36540678  0.36540678  0.30871601  0.36540678  0.36540678  0.40590272  0.36540678  0.38536404  0.41288409  0.41288409  0.41288409  0.39898980  0.36540678  0.35887795  0.35887795  0.36540678  0.37864865  0.32711105  0.32711105  0.39214400  0.33964658  0.33964658  0.32711105  0.37199663  0.37199663  0.39898980  0.35240904  0.43425284  0.37864865  0.35887795  0.37199663  0.41288409  0.38536404  0.38536404  0.36540678  0.38536404  0.51055646  0.47903732  0.47903732  0.42705772  0.44886718  0.40590272  0.44152214  0.45628954  0.48678599  0.49462077  0.46379088  0.49462077  0.48678599  0.44886718  0.47903732  0.44152214  0.44886718  0.47903732  0.47137289  0.43425284  0.46379088  0.52686069  0.52686069  0.52686069  0.51055646  0.45628954  0.44886718  0.43425284  0.44152214  0.46379088  0.51055646  0.51866144  0.51866144  0.50254359  0.50254359  0.46379088  0.41288409  0.40590272  0.41288409  0.41993529  0.42705772  0.41288409  0.43425284  0.45628954  0.47903732  0.44152214  0.45628954  0.41288409  0.42705772  0.48678599  0.39898980  0.39898980  0.44152214  0.44152214  0.44886718  0.38536404  0.38536404  0.38536404  0.39214400  0.39214400  0.39214400  0.39214400  0.40590272  0.40590272  0.40590272  0.52686069  0.56935127  0.51866144  0.52686069  0.52686069  0.51055646  0.52686069  0.51055646  0.41993529  0.41993529  0.40590272  0.40590272  0.41288409  0.38536404  0.37864865  0.44152214  0.37199663  0.39898980  0.39214400  0.37199663  0.36540678  0.41288409  0.37199663  0.37199663  0.39214400  0.38536404  0.37864865  0.37199663  0.36540678  0.44152214  
31_20_0    0.08720925  0.02383592  0.01980689  0.01980689  0.00000000  0.12816120  0.13286180  0.15684671  0.19185840  0.19185840  0.19185840  0.19185840  0.19185840  0.19185840  0.18674902  0.18674902  0.36540678  0.33964658  0.30268946  0.32711105  0.38536404  0.30871601  0.33964658  0.35240904  0.33964658  0.34599893  0.33964658  0.33964658  0.30871601  0.33964658  0.36540678  0.37864865  0.34599893  0.35887795  0.38536404  0.38536404  0.38536404  0.37199663  0.35240904  0.34599893  0.34599893  0.33964658  0.35240904  0.31479452  0.31479452  0.36540678  0.33964658  0.33964658  0.32711105  0.35887795  0.35887795  0.39898980  0.32711105  0.40590272  0.36540678  0.34599893  0.35887795  0.38536404  0.37199663  0.37199663  0.36540678  0.38536404  0.51866144  0.46379088  0.46379088  0.42705772  0.43425284  0.37864865  0.42705772  0.44152214  0.47137289  0.47903732  0.43425284  0.46379088  0.47137289  0.43425284  0.46379088  0.42705772  0.43425284  0.46379088  0.45628954  0.40590272  0.44886718  0.49462077  0.49462077  0.49462077  0.47903732  0.44152214  0.43425284  0.41993529  0.42705772  0.46379088  0.49462077  0.50254359  0.50254359  0.50254359  0.50254359  0.44886718  0.41288409  0.40590272  0.39898980  0.40590272  0.41288409  0.41288409  0.41993529  0.44152214  0.47137289  0.43425284  0.44886718  0.40590272  0.41993529  0.49462077  0.38536404  0.38536404  0.42705772  0.44152214  0.44886718  0.37199663  0.38536404  0.37199663  0.37864865  0.37864865  0.37864865  0.37864865  0.39214400  0.39214400  0.39214400  0.52686069  0.56935127  0.51866144  0.52686069  0.52686069  0.49462077  0.51055646  0.51055646  0.43425284  0.43425284  0.37864865  0.37864865  0.44152214  0.38536404  0.37864865  0.44152214  0.38536404  0.42705772  0.40590272  0.39898980  0.39214400  0.43425284  0.35887795  0.35887795  0.37864865  0.37199663  0.36540678  0.35887795  0.35240904  0.42705772  
32_20_0    0.16174318  0.11885300  0.11424457  0.11424457  0.12816120  0.00000000  0.01181723  0.18167639  0.18674902  0.17664001  0.17664001  0.18674902  0.19185840  0.19185840  0.19185840  0.19185840  0.33964658  0.35240904  0.33964658  0.35887795  0.40590272  0.33964658  0.37199663  0.37199663  0.35887795  0.41288409  0.39214400  0.39214400  0.34599893  0.39214400  0.37199663  0.40590272  0.40590272  0.41993529  0.41993529  0.41993529  0.41993529  0.40590272  0.37199663  0.37864865  0.37864865  0.37199663  0.38536404  0.30871601  0.30871601  0.37864865  0.34599893  0.34599893  0.33335096  0.37199663  0.37199663  0.39898980  0.39214400  0.44152214  0.38536404  0.35240904  0.36540678  0.39898980  0.40590272  0.40590272  0.39898980  0.39898980  0.49462077  0.41288409  0.41288409  0.44886718  0.44886718  0.41993529  0.39898980  0.41288409  0.44886718  0.44886718  0.41993529  0.46379088  0.44152214  0.42705772  0.48678599  0.41993529  0.42705772  0.45628954  0.43425284  0.49462077  0.46379088  0.45628954  0.45628954  0.47137289  0.45628954  0.44886718  0.44886718  0.45628954  0.44886718  0.45628954  0.47903732  0.48678599  0.47903732  0.44886718  0.44886718  0.41993529  0.44152214  0.44152214  0.47137289  0.47903732  0.48678599  0.42705772  0.44152214  0.44152214  0.47137289  0.47137289  0.51055646  0.44886718  0.47137289  0.48678599  0.47903732  0.44152214  0.44152214  0.42705772  0.44152214  0.41993529  0.41993529  0.41288409  0.41288409  0.41288409  0.41288409  0.43425284  0.41288409  0.41288409  0.41288409  0.50254359  0.53515640  0.49462077  0.50254359  0.51866144  0.50254359  0.50254359  0.47137289  0.41993529  0.41993529  0.38536404  0.37864865  0.41288409  0.41288409  0.40590272  0.48678599  0.41288409  0.39898980  0.38536404  0.37864865  0.38536404  0.41288409  0.39898980  0.39898980  0.40590272  0.38536404  0.41993529  0.41288409  0.39214400  0.44152214  
11_20_0    0.16667390  0.12349174  0.11885300  0.11885300  0.13286180  0.01181723  0.00000000  0.19185840  0.19700508  0.18674902  0.18674902  0.19700508  0.18674902  0.18674902  0.17664001  0.18674902  0.34599893  0.34599893  0.32092589  0.33964658  0.40590272  0.33335096  0.36540678  0.36540678  0.35240904  0.41993529  0.39898980  0.39898980  0.35240904  0.39898980  0.37864865  0.41288409  0.42705772  0.41288409  0.41288409  0.41288409  0.41288409  0.39898980  0.36540678  0.37199663  0.37199663  0.36540678  0.37864865  0.31479452  0.31479452  0.38536404  0.33964658  0.33964658  0.32711105  0.35240904  0.35240904  0.37864865  0.38536404  0.43425284  0.37864865  0.34599893  0.35887795  0.40590272  0.41288409  0.41288409  0.41993529  0.41993529  0.47137289  0.41993529  0.41993529  0.45628954  0.45628954  0.44152214  0.41288409  0.42705772  0.46379088  0.46379088  0.43425284  0.47903732  0.45628954  0.42705772  0.48678599  0.43425284  0.44152214  0.47137289  0.44886718  0.51055646  0.47903732  0.47137289  0.47137289  0.48678599  0.47137289  0.47137289  0.47137289  0.47903732  0.47137289  0.44886718  0.48678599  0.49462077  0.50254359  0.47137289  0.47137289  0.44152214  0.44886718  0.44886718  0.46379088  0.45628954  0.46379088  0.41993529  0.43425284  0.44886718  0.44886718  0.46379088  0.48678599  0.44152214  0.44886718  0.46379088  0.45628954  0.44886718  0.43425284  0.41993529  0.43425284  0.44152214  0.44152214  0.40590272  0.40590272  0.40590272  0.40590272  0.41288409  0.40590272  0.40590272  0.40590272  0.49462077  0.54355090  0.51866144  0.52686069  0.54355090  0.51055646  0.51055646  0.48678599  0.42705772  0.42705772  0.37864865  0.37199663  0.41993529  0.41993529  0.41288409  0.49462077  0.41993529  0.40590272  0.40590272  0.38536404  0.39214400  0.41993529  0.41993529  0.41993529  0.42705772  0.40590272  0.44152214  0.43425284  0.41288409  0.44886718  
13_6_0     0.20741254  0.16667390  0.16174318  0.16174318  0.15684671  0.18167639  0.19185840  0.00000000  0.10059733  0.09164376  0.09164376  0.09164376  0.18167639  0.18167639  0.16667390  0.16667390  0.33335096  0.33335096  0.38536404  0.37199663  0.41288409  0.38536404  0.35240904  0.38536404  0.39214400  0.34599893  0.32711105  0.32711105  0.32092589  0.32711105  0.35887795  0.36540678  0.36540678  0.41993529  0.39898980  0.39898980  0.39898980  0.36540678  0.35887795  0.36540678  0.36540678  0.37199663  0.38536404  0.34599893  0.34599893  0.35240904  0.35240904  0.35240904  0.32711105  0.36540678  0.36540678  0.39898980  0.41288409  0.44886718  0.42705772  0.41288409  0.41288409  0.43425284  0.41993529  0.41993529  0.42705772  0.42705772  0.51866144  0.42705772  0.42705772  0.41288409  0.44886718  0.39898980  0.37199663  0.39898980  0.44152214  0.44886718  0.45628954  0.48678599  0.47137289  0.45628954  0.44886718  0.39214400  0.41288409  0.41288409  0.39214400  0.44886718  0.41288409  0.47903732  0.47903732  0.48678599  0.48678599  0.44886718  0.47137289  0.42705772  0.43425284  0.47137289  0.49462077  0.50254359  0.47903732  0.46379088  0.46379088  0.41288409  0.39898980  0.40590272  0.42705772  0.42705772  0.43425284  0.44152214  0.41288409  0.40590272  0.47137289  0.48678599  0.47903732  0.44886718  0.46379088  0.47903732  0.43425284  0.44886718  0.43425284  0.47137289  0.47137289  0.39898980  0.41288409  0.41993529  0.42705772  0.42705772  0.42705772  0.41288409  0.42705772  0.41288409  0.42705772  0.47903732  0.49462077  0.48678599  0.47903732  0.47903732  0.44152214  0.45628954  0.46379088  0.41993529  0.41993529  0.39898980  0.38536404  0.42705772  0.39898980  0.39214400  0.49462077  0.41993529  0.41993529  0.44886718  0.43425284  0.41288409  0.44886718  0.43425284  0.43425284  0.43425284  0.42705772  0.42705772  0.41993529  0.37864865  0.45628954  
25_6_0     0.23958975  0.19185840  0.18674902  0.18674902  0.19185840  0.18674902  0.19700508  0.10059733  0.00000000  0.00785611  0.00785611  0.01580074  0.17664001  0.17664001  0.16174318  0.16174318  0.32711105  0.30268946  0.33964658  0.32711105  0.41288409  0.38536404  0.35240904  0.35240904  0.35240904  0.37864865  0.37199663  0.37199663  0.33335096  0.33964658  0.37864865  0.39898980  0.38536404  0.39214400  0.39898980  0.39898980  0.39898980  0.38536404  0.35887795  0.36540678  0.36540678  0.38536404  0.39898980  0.34599893  0.34599893  0.35887795  0.35240904  0.35240904  0.37864865  0.37199663  0.37199663  0.41288409  0.39898980  0.41288409  0.41288409  0.38536404  0.37864865  0.38536404  0.47137289  0.47137289  0.46379088  0.47137289  0.51055646  0.45628954  0.45628954  0.47903732  0.39898980  0.35887795  0.43425284  0.46379088  0.48678599  0.49462077  0.49462077  0.51866144  0.51055646  0.51866144  0.49462077  0.44152214  0.46379088  0.46379088  0.45628954  0.50254359  0.50254359  0.51866144  0.51866144  0.53515640  0.51866144  0.48678599  0.49462077  0.47903732  0.48678599  0.51866144  0.54355090  0.55204655  0.49462077  0.51055646  0.51055646  0.47137289  0.41288409  0.41993529  0.47137289  0.47137289  0.47903732  0.44152214  0.43425284  0.41993529  0.45628954  0.46379088  0.44152214  0.42705772  0.44152214  0.47903732  0.44152214  0.43425284  0.44886718  0.47137289  0.47903732  0.43425284  0.44886718  0.41993529  0.42705772  0.42705772  0.41993529  0.41993529  0.44152214  0.42705772  0.44152214  0.51866144  0.54355090  0.47137289  0.47903732  0.47903732  0.46379088  0.47903732  0.47137289  0.42705772  0.41288409  0.42705772  0.41288409  0.41993529  0.44152214  0.43425284  0.54355090  0.43425284  0.43425284  0.46379088  0.44886718  0.44152214  0.44886718  0.44886718  0.44886718  0.44152214  0.41993529  0.41288409  0.40590272  0.39214400  0.45628954  
33_6_0     0.23958975  0.19185840  0.18674902  0.18674902  0.19185840  0.17664001  0.18674902  0.09164376  0.00785611  0.00000000  0.00000000  0.00785611  0.17664001  0.17664001  0.15198401  0.15198401  0.32711105  0.31479452  0.35240904  0.33964658  0.41288409  0.39898980  0.35240904  0.36540678  0.36540678  0.36540678  0.35887795  0.35887795  0.33335096  0.32711105  0.36540678  0.38536404  0.37199663  0.39214400  0.38536404  0.38536404  0.38536404  0.37199663  0.34599893  0.35240904  0.35240904  0.37199663  0.38536404  0.34599893  0.34599893  0.35887795  0.35240904  0.35240904  0.37864865  0.38536404  0.38536404  0.42705772  0.41288409  0.42705772  0.42705772  0.39898980  0.39214400  0.39898980  0.45628954  0.45628954  0.46379088  0.47137289  0.52686069  0.44152214  0.44152214  0.46379088  0.39898980  0.35887795  0.42705772  0.45628954  0.47903732  0.48678599  0.48678599  0.51055646  0.50254359  0.51055646  0.50254359  0.43425284  0.45628954  0.45628954  0.44886718  0.49462077  0.49462077  0.51055646  0.51055646  0.52686069  0.51055646  0.48678599  0.49462077  0.47903732  0.48678599  0.50254359  0.54355090  0.55204655  0.49462077  0.51055646  0.51055646  0.47137289  0.42705772  0.43425284  0.47137289  0.47137289  0.47903732  0.44152214  0.43425284  0.43425284  0.45628954  0.47903732  0.45628954  0.44152214  0.45628954  0.47903732  0.44886718  0.44886718  0.44886718  0.47137289  0.49462077  0.44886718  0.46379088  0.43425284  0.44152214  0.44152214  0.43425284  0.41993529  0.44152214  0.42705772  0.44152214  0.50254359  0.52686069  0.47137289  0.47903732  0.47903732  0.46379088  0.47903732  0.47137289  0.44152214  0.42705772  0.41288409  0.39898980  0.41288409  0.43425284  0.42705772  0.53515640  0.42705772  0.42705772  0.45628954  0.44152214  0.43425284  0.44152214  0.44886718  0.44886718  0.44152214  0.41993529  0.42705772  0.41993529  0.39214400  0.47137289  
14_6_0     0.23958975  0.19185840  0.18674902  0.18674902  0.19185840  0.17664001  0.18674902  0.09164376  0.00785611  0.00000000  0.00000000  0.00785611  0.17664001  0.17664001  0.15198401  0.15198401  0.32711105  0.31479452  0.35240904  0.33964658  0.41288409  0.39898980  0.35240904  0.36540678  0.36540678  0.36540678  0.35887795  0.35887795  0.33335096  0.32711105  0.36540678  0.38536404  0.37199663  0.39214400  0.38536404  0.38536404  0.38536404  0.37199663  0.34599893  0.35240904  0.35240904  0.37199663  0.38536404  0.34599893  0.34599893  0.35887795  0.35240904  0.35240904  0.37864865  0.38536404  0.38536404  0.42705772  0.41288409  0.42705772  0.42705772  0.39898980  0.39214400  0.39898980  0.45628954  0.45628954  0.46379088  0.47137289  0.52686069  0.44152214  0.44152214  0.46379088  0.39898980  0.35887795  0.42705772  0.45628954  0.47903732  0.48678599  0.48678599  0.51055646  0.50254359  0.51055646  0.50254359  0.43425284  0.45628954  0.45628954  0.44886718  0.49462077  0.49462077  0.51055646  0.51055646  0.52686069  0.51055646  0.48678599  0.49462077  0.47903732  0.48678599  0.50254359  0.54355090  0.55204655  0.49462077  0.51055646  0.51055646  0.47137289  0.42705772  0.43425284  0.47137289  0.47137289  0.47903732  0.44152214  0.43425284  0.43425284  0.45628954  0.47903732  0.45628954  0.44152214  0.45628954  0.47903732  0.44886718  0.44886718  0.44886718  0.47137289  0.49462077  0.44886718  0.46379088  0.43425284  0.44152214  0.44152214  0.43425284  0.41993529  0.44152214  0.42705772  0.44152214  0.50254359  0.52686069  0.47137289  0.47903732  0.47903732  0.46379088  0.47903732  0.47137289  0.44152214  0.42705772  0.41288409  0.39898980  0.41288409  0.43425284  0.42705772  0.53515640  0.42705772  0.42705772  0.45628954  0.44152214  0.43425284  0.44152214  0.44886718  0.44886718  0.44152214  0.41993529  0.42705772  0.41993529  0.39214400  0.47137289  
31_6_0     0.23958975  0.19185840  0.18674902  0.18674902  0.19185840  0.18674902  0.19700508  0.09164376  0.01580074  0.00785611  0.00785611  0.00000000  0.17664001  0.17664001  0.15198401  0.15198401  0.33964658  0.32711105  0.36540678  0.35240904  0.42705772  0.41288409  0.36540678  0.37864865  0.37864865  0.37864865  0.37199663  0.37199663  0.34599893  0.33964658  0.37864865  0.39898980  0.38536404  0.40590272  0.39898980  0.39898980  0.39898980  0.38536404  0.35887795  0.36540678  0.36540678  0.38536404  0.39898980  0.35887795  0.35887795  0.37199663  0.36540678  0.36540678  0.39214400  0.39898980  0.39898980  0.42705772  0.42705772  0.44152214  0.44152214  0.41288409  0.40590272  0.41288409  0.45628954  0.45628954  0.46379088  0.47137289  0.52686069  0.44152214  0.44152214  0.46379088  0.39898980  0.35887795  0.42705772  0.45628954  0.47903732  0.48678599  0.48678599  0.51055646  0.50254359  0.49462077  0.48678599  0.43425284  0.45628954  0.45628954  0.44886718  0.49462077  0.49462077  0.51055646  0.51055646  0.52686069  0.51055646  0.48678599  0.49462077  0.47903732  0.48678599  0.51866144  0.54355090  0.55204655  0.49462077  0.51055646  0.51055646  0.47137289  0.41288409  0.41993529  0.47137289  0.47137289  0.47903732  0.44152214  0.43425284  0.43425284  0.45628954  0.47903732  0.45628954  0.44152214  0.45628954  0.47903732  0.43425284  0.44886718  0.44886718  0.47137289  0.49462077  0.44886718  0.46379088  0.43425284  0.44152214  0.44152214  0.43425284  0.41993529  0.42705772  0.41288409  0.42705772  0.48678599  0.51055646  0.47137289  0.46379088  0.46379088  0.44886718  0.46379088  0.47137289  0.44152214  0.42705772  0.42705772  0.41288409  0.40590272  0.42705772  0.41993529  0.52686069  0.41993529  0.41993529  0.44886718  0.43425284  0.42705772  0.43425284  0.43425284  0.43425284  0.42705772  0.40590272  0.41288409  0.40590272  0.37864865  0.45628954  
11_22_0    0.20741254  0.18167639  0.17664001  0.17664001  0.19185840  0.19185840  0.18674902  0.18167639  0.17664001  0.17664001  0.17664001  0.17664001  0.00000000  0.00000000  0.08720925  0.08720925  0.35240904  0.36540678  0.36540678  0.36540678  0.44886718  0.39214400  0.38536404  0.39898980  0.39898980  0.41288409  0.39214400  0.39214400  0.34599893  0.41993529  0.40590272  0.40590272  0.45628954  0.43425284  0.44886718  0.44886718  0.44886718  0.43425284  0.41993529  0.42705772  0.42705772  0.43425284  0.44886718  0.39898980  0.39898980  0.44886718  0.41288409  0.41288409  0.41288409  0.35887795  0.35887795  0.44152214  0.40590272  0.46379088  0.42705772  0.41288409  0.42705772  0.44886718  0.39898980  0.39898980  0.39898980  0.37864865  0.51866144  0.47137289  0.47137289  0.41993529  0.44886718  0.40590272  0.44886718  0.46379088  0.51055646  0.50254359  0.49462077  0.49462077  0.49462077  0.46379088  0.48678599  0.47137289  0.47903732  0.47903732  0.44886718  0.47903732  0.46379088  0.49462077  0.49462077  0.51055646  0.49462077  0.46379088  0.45628954  0.48678599  0.49462077  0.45628954  0.53515640  0.54355090  0.50254359  0.48678599  0.48678599  0.49462077  0.40590272  0.41288409  0.48678599  0.47903732  0.47137289  0.46379088  0.44886718  0.45628954  0.47137289  0.44152214  0.48678599  0.42705772  0.45628954  0.46379088  0.41288409  0.40590272  0.42705772  0.39214400  0.42705772  0.41288409  0.41288409  0.38536404  0.37864865  0.37864865  0.37864865  0.39898980  0.38536404  0.37199663  0.38536404  0.47137289  0.47903732  0.45628954  0.46379088  0.46379088  0.47903732  0.49462077  0.52686069  0.44886718  0.44886718  0.43425284  0.40590272  0.46379088  0.44152214  0.43425284  0.57816556  0.46379088  0.44886718  0.47137289  0.45628954  0.44886718  0.47137289  0.44886718  0.44886718  0.45628954  0.46379088  0.47137289  0.47903732  0.40590272  0.44886718  
32_22_0    0.20741254  0.18167639  0.17664001  0.17664001  0.19185840  0.19185840  0.18674902  0.18167639  0.17664001  0.17664001  0.17664001  0.17664001  0.00000000  0.00000000  0.08720925  0.08720925  0.35240904  0.36540678  0.36540678  0.36540678  0.44886718  0.39214400  0.38536404  0.39898980  0.39898980  0.41288409  0.39214400  0.39214400  0.34599893  0.41993529  0.40590272  0.40590272  0.45628954  0.43425284  0.44886718  0.44886718  0.44886718  0.43425284  0.41993529  0.42705772  0.42705772  0.43425284  0.44886718  0.39898980  0.39898980  0.44886718  0.41288409  0.41288409  0.41288409  0.35887795  0.35887795  0.44152214  0.40590272  0.46379088  0.42705772  0.41288409  0.42705772  0.44886718  0.39898980  0.39898980  0.39898980  0.37864865  0.51866144  0.47137289  0.47137289  0.41993529  0.44886718  0.40590272  0.44886718  0.46379088  0.51055646  0.50254359  0.49462077  0.49462077  0.49462077  0.46379088  0.48678599  0.47137289  0.47903732  0.47903732  0.44886718  0.47903732  0.46379088  0.49462077  0.49462077  0.51055646  0.49462077  0.46379088  0.45628954  0.48678599  0.49462077  0.45628954  0.53515640  0.54355090  0.50254359  0.48678599  0.48678599  0.49462077  0.40590272  0.41288409  0.48678599  0.47903732  0.47137289  0.46379088  0.44886718  0.45628954  0.47137289  0.44152214  0.48678599  0.42705772  0.45628954  0.46379088  0.41288409  0.40590272  0.42705772  0.39214400  0.42705772  0.41288409  0.41288409  0.38536404  0.37864865  0.37864865  0.37864865  0.39898980  0.38536404  0.37199663  0.38536404  0.47137289  0.47903732  0.45628954  0.46379088  0.46379088  0.47903732  0.49462077  0.52686069  0.44886718  0.44886718  0.43425284  0.40590272  0.46379088  0.44152214  0.43425284  0.57816556  0.46379088  0.44886718  0.47137289  0.45628954  0.44886718  0.47137289  0.44886718  0.44886718  0.45628954  0.46379088  0.47137289  0.47903732  0.40590272  0.44886718  
11_6_0     0.20218961  0.17664001  0.17163934  0.17163934  0.18674902  0.19185840  0.17664001  0.16667390  0.16174318  0.15198401  0.15198401  0.15198401  0.08720925  0.08720925  0.00000000  0.01580074  0.35240904  0.35240904  0.35240904  0.33964658  0.44886718  0.41993529  0.38536404  0.41288409  0.41288409  0.41288409  0.41993529  0.39214400  0.35240904  0.39898980  0.40590272  0.41993529  0.44886718  0.47903732  0.42705772  0.42705772  0.42705772  0.39898980  0.37864865  0.38536404  0.38536404  0.39214400  0.40590272  0.38536404  0.38536404  0.38536404  0.39898980  0.39898980  0.39898980  0.37864865  0.37864865  0.44886718  0.39214400  0.43425284  0.41288409  0.38536404  0.39898980  0.41993529  0.42705772  0.42705772  0.44152214  0.44886718  0.52686069  0.48678599  0.48678599  0.45628954  0.48678599  0.45628954  0.43425284  0.46379088  0.55204655  0.56064582  0.55204655  0.56064582  0.55204655  0.48678599  0.47137289  0.49462077  0.50254359  0.50254359  0.49462077  0.50254359  0.51055646  0.51055646  0.51055646  0.52686069  0.49462077  0.45628954  0.47903732  0.46379088  0.47137289  0.44886718  0.58709144  0.59613177  0.53515640  0.53515640  0.53515640  0.50254359  0.42705772  0.43425284  0.45628954  0.44886718  0.45628954  0.41993529  0.42705772  0.43425284  0.44152214  0.44886718  0.47137289  0.43425284  0.43425284  0.47137289  0.43425284  0.42705772  0.43425284  0.44152214  0.46379088  0.47903732  0.47903732  0.39214400  0.39898980  0.39898980  0.38536404  0.39898980  0.38536404  0.38536404  0.38536404  0.52686069  0.56064582  0.54355090  0.55204655  0.55204655  0.47137289  0.48678599  0.51866144  0.47137289  0.47137289  0.42705772  0.39898980  0.45628954  0.43425284  0.42705772  0.55204655  0.45628954  0.44886718  0.49462077  0.46379088  0.44152214  0.47903732  0.46379088  0.44886718  0.45628954  0.44886718  0.48678599  0.47903732  0.43425284  0.49462077  
32_6_0     0.19185840  0.17664001  0.17163934  0.17163934  0.18674902  0.19185840  0.18674902  0.16667390  0.16174318  0.15198401  0.15198401  0.15198401  0.08720925  0.08720925  0.01580074  0.00000000  0.33964658  0.37199663  0.37199663  0.35887795  0.44152214  0.41288409  0.36540678  0.39214400  0.39214400  0.41993529  0.42705772  0.39898980  0.35887795  0.40590272  0.41288409  0.42705772  0.45628954  0.48678599  0.44886718  0.44886718  0.44886718  0.41993529  0.38536404  0.39214400  0.39214400  0.41288409  0.41288409  0.39214400  0.39214400  0.39214400  0.39214400  0.39214400  0.39214400  0.38536404  0.38536404  0.45628954  0.41288409  0.45628954  0.43425284  0.40590272  0.41993529  0.44152214  0.41993529  0.41993529  0.44886718  0.45628954  0.51866144  0.47903732  0.47903732  0.43425284  0.47903732  0.43425284  0.42705772  0.45628954  0.52686069  0.53515640  0.52686069  0.53515640  0.52686069  0.46379088  0.46379088  0.48678599  0.49462077  0.47903732  0.48678599  0.47903732  0.48678599  0.50254359  0.50254359  0.51866144  0.47137289  0.43425284  0.45628954  0.44152214  0.44886718  0.45628954  0.58709144  0.59613177  0.51866144  0.51866144  0.51866144  0.51055646  0.43425284  0.44152214  0.47903732  0.47137289  0.47903732  0.42705772  0.41993529  0.41288409  0.44886718  0.45628954  0.47903732  0.42705772  0.44152214  0.47903732  0.44152214  0.43425284  0.44152214  0.43425284  0.45628954  0.47137289  0.47137289  0.38536404  0.39214400  0.39214400  0.37864865  0.40590272  0.39214400  0.39214400  0.39214400  0.53515640  0.55204655  0.53515640  0.54355090  0.52686069  0.46379088  0.47903732  0.49462077  0.44886718  0.44886718  0.43425284  0.40590272  0.43425284  0.41288409  0.40590272  0.56064582  0.43425284  0.46379088  0.48678599  0.44152214  0.43425284  0.45628954  0.44152214  0.42705772  0.43425284  0.42705772  0.46379088  0.45628954  0.42705772  0.47137289  
43_6_0     0.39898980  0.37199663  0.36540678  0.36540678  0.36540678  0.33964658  0.34599893  0.33335096  0.32711105  0.32711105  0.32711105  0.33964658  0.35240904  0.35240904  0.35240904  0.33964658  0.00000000  0.05692496  0.19700508  0.19185840  0.23958975  0.21267446  0.17664001  0.23958975  0.23412386  0.28491286  0.27330602  0.27330602  0.25065031  0.26757347  0.27908555  0.27330602  0.29078873  0.31479452  0.29078873  0.29078873  0.29078873  0.26188717  0.28491286  0.27908555  0.27908555  0.27908555  0.28491286  0.30268946  0.30268946  0.28491286  0.29671398  0.29671398  0.28491286  0.32711105  0.32711105  0.35240904  0.28491286  0.31479452  0.26188717  0.26188717  0.29078873  0.30268946  0.47903732  0.47903732  0.49462077  0.47903732  0.43425284  0.35887795  0.35887795  0.37864865  0.40590272  0.35240904  0.39214400  0.40590272  0.41993529  0.41288409  0.39898980  0.41288409  0.38536404  0.37864865  0.40590272  0.39898980  0.40590272  0.43425284  0.42705772  0.42705772  0.42705772  0.42705772  0.42705772  0.43425284  0.41993529  0.39214400  0.41288409  0.42705772  0.42705772  0.39898980  0.44152214  0.44886718  0.39898980  0.40590272  0.41288409  0.41288409  0.33335096  0.32711105  0.35240904  0.35887795  0.35240904  0.35887795  0.36540678  0.35240904  0.33335096  0.33964658  0.35240904  0.37199663  0.38536404  0.33964658  0.35887795  0.34599893  0.33964658  0.33964658  0.39214400  0.35887795  0.35240904  0.36540678  0.37199663  0.37199663  0.35887795  0.39898980  0.37864865  0.37864865  0.37864865  0.45628954  0.44886718  0.45628954  0.44886718  0.45628954  0.43425284  0.43425284  0.34599893  0.34599893  0.35887795  0.32092589  0.30871601  0.32092589  0.25624635  0.26188717  0.34599893  0.29078873  0.31479452  0.31479452  0.30871601  0.30871601  0.31479452  0.30871601  0.29671398  0.31479452  0.31479452  0.30871601  0.30268946  0.31479452  0.34599893  
26_6_0     0.40590272  0.34599893  0.33964658  0.33964658  0.33964658  0.35240904  0.34599893  0.33335096  0.30268946  0.31479452  0.31479452  0.32711105  0.36540678  0.36540678  0.35240904  0.37199663  0.05692496  0.00000000  0.18674902  0.18167639  0.22331759  0.20741254  0.21267446  0.23412386  0.23958975  0.29671398  0.29671398  0.29671398  0.23958975  0.27908555  0.27908555  0.28491286  0.29671398  0.32711105  0.26757347  0.26757347  0.26757347  0.25065031  0.29078873  0.28491286  0.28491286  0.27908555  0.29078873  0.31479452  0.31479452  0.28491286  0.30871601  0.30871601  0.32092589  0.33964658  0.33964658  0.37864865  0.29671398  0.30268946  0.26757347  0.26757347  0.28491286  0.29078873  0.49462077  0.49462077  0.48678599  0.47137289  0.46379088  0.40590272  0.40590272  0.40590272  0.41993529  0.37864865  0.41993529  0.44152214  0.44886718  0.44152214  0.44152214  0.45628954  0.42705772  0.41993529  0.43425284  0.39898980  0.40590272  0.44152214  0.42705772  0.45628954  0.44886718  0.44886718  0.44886718  0.45628954  0.45628954  0.41288409  0.43425284  0.40590272  0.40590272  0.41288409  0.45628954  0.46379088  0.41288409  0.41993529  0.42705772  0.41993529  0.32711105  0.32092589  0.37199663  0.37864865  0.37199663  0.39214400  0.41288409  0.39214400  0.37199663  0.37864865  0.37199663  0.39214400  0.39214400  0.37864865  0.37199663  0.35887795  0.37199663  0.36540678  0.40590272  0.37864865  0.37199663  0.37199663  0.37864865  0.37864865  0.37199663  0.36540678  0.37199663  0.37199663  0.37199663  0.49462077  0.50254359  0.49462077  0.48678599  0.50254359  0.44886718  0.44886718  0.39898980  0.37199663  0.38536404  0.35240904  0.35240904  0.37199663  0.31479452  0.32092589  0.36540678  0.33964658  0.33335096  0.36540678  0.35887795  0.33964658  0.36540678  0.33964658  0.32711105  0.35887795  0.34599893  0.31479452  0.30871601  0.31479452  0.36540678  
2_6_0      0.33335096  0.30268946  0.29671398  0.29671398  0.30268946  0.33964658  0.32092589  0.38536404  0.33964658  0.35240904  0.35240904  0.36540678  0.36540678  0.36540678  0.35240904  0.37199663  0.19700508  0.18674902  0.00000000  0.05692496  0.17664001  0.13286180  0.13759395  0.14715461  0.14235808  0.29671398  0.28491286  0.28491286  0.25065031  0.26188717  0.27330602  0.30871601  0.30268946  0.27908555  0.26757347  0.26757347  0.26757347  0.26188717  0.25065031  0.24509834  0.24509834  0.24509834  0.25624635  0.30871601  0.30871601  0.30871601  0.27908555  0.27908555  0.30268946  0.25624635  0.25624635  0.27908555  0.28491286  0.29078873  0.27908555  0.26188717  0.29078873  0.29078873  0.44886718  0.44886718  0.44152214  0.44152214  0.39898980  0.41993529  0.41993529  0.44886718  0.41288409  0.38536404  0.40590272  0.43425284  0.48678599  0.49462077  0.45628954  0.46379088  0.45628954  0.47137289  0.40590272  0.41993529  0.42705772  0.45628954  0.44886718  0.41288409  0.42705772  0.38536404  0.38536404  0.37864865  0.37199663  0.41993529  0.41288409  0.42705772  0.44886718  0.39898980  0.46379088  0.47137289  0.41993529  0.44152214  0.43425284  0.42705772  0.33964658  0.33335096  0.37199663  0.36540678  0.37199663  0.37864865  0.41993529  0.38536404  0.37199663  0.36540678  0.39214400  0.35240904  0.35240904  0.36540678  0.40590272  0.37864865  0.37199663  0.39898980  0.44152214  0.40590272  0.39898980  0.39214400  0.38536404  0.38536404  0.38536404  0.36540678  0.39898980  0.39898980  0.39898980  0.51866144  0.50254359  0.48678599  0.47903732  0.49462077  0.45628954  0.44152214  0.42705772  0.39214400  0.39214400  0.33964658  0.35240904  0.37864865  0.31479452  0.32092589  0.37864865  0.32711105  0.34599893  0.35240904  0.33964658  0.34599893  0.33964658  0.32711105  0.32711105  0.30268946  0.30871601  0.28491286  0.27908555  0.27330602  0.33964658  
2_9_0      0.34599893  0.32711105  0.32092589  0.32092589  0.32711105  0.35887795  0.33964658  0.37199663  0.32711105  0.33964658  0.33964658  0.35240904  0.36540678  0.36540678  0.33964658  0.35887795  0.19185840  0.18167639  0.05692496  0.00000000  0.18674902  0.13286180  0.15684671  0.15684671  0.15198401  0.29078873  0.29671398  0.29671398  0.25065031  0.27330602  0.27330602  0.30871601  0.31479452  0.30871601  0.28491286  0.28491286  0.28491286  0.26757347  0.26757347  0.27330602  0.27330602  0.27330602  0.28491286  0.33964658  0.33964658  0.32711105  0.29671398  0.29671398  0.32092589  0.28491286  0.28491286  0.30871601  0.29671398  0.28491286  0.27908555  0.26188717  0.29078873  0.32092589  0.50254359  0.50254359  0.49462077  0.49462077  0.44152214  0.43425284  0.43425284  0.48678599  0.48678599  0.44152214  0.43425284  0.46379088  0.50254359  0.51055646  0.48678599  0.49462077  0.47903732  0.47137289  0.44886718  0.46379088  0.46379088  0.50254359  0.46379088  0.42705772  0.47137289  0.44152214  0.44152214  0.43425284  0.42705772  0.45628954  0.44886718  0.46379088  0.48678599  0.44886718  0.51866144  0.52686069  0.44152214  0.47903732  0.47137289  0.46379088  0.36540678  0.37199663  0.40590272  0.39898980  0.40590272  0.38536404  0.44152214  0.40590272  0.37864865  0.38536404  0.38536404  0.38536404  0.38536404  0.41993529  0.45628954  0.41993529  0.42705772  0.43425284  0.47903732  0.44152214  0.43425284  0.41993529  0.41288409  0.41288409  0.39898980  0.41993529  0.44152214  0.44152214  0.44152214  0.54355090  0.53515640  0.51055646  0.50254359  0.51866144  0.47903732  0.46379088  0.43425284  0.41288409  0.41288409  0.40590272  0.39214400  0.39214400  0.32092589  0.32711105  0.39898980  0.33335096  0.37199663  0.38536404  0.35887795  0.35240904  0.35887795  0.33964658  0.33964658  0.31479452  0.32092589  0.30871601  0.30268946  0.29671398  0.35240904  
27_6_0     0.37864865  0.38536404  0.37864865  0.37864865  0.38536404  0.40590272  0.40590272  0.41288409  0.41288409  0.41288409  0.41288409  0.42705772  0.44886718  0.44886718  0.44886718  0.44152214  0.23958975  0.22331759  0.17664001  0.18674902  0.00000000  0.11424457  0.14715461  0.12816120  0.12349174  0.29671398  0.30871601  0.30871601  0.31479452  0.30871601  0.26757347  0.30268946  0.32711105  0.34599893  0.28491286  0.28491286  0.28491286  0.28491286  0.27908555  0.28491286  0.28491286  0.27330602  0.27330602  0.35240904  0.35240904  0.33964658  0.29671398  0.29671398  0.30871601  0.33335096  0.33335096  0.31479452  0.33335096  0.34599893  0.32092589  0.30268946  0.30871601  0.32092589  0.51055646  0.51055646  0.52686069  0.49462077  0.44152214  0.44886718  0.44886718  0.47903732  0.52686069  0.48678599  0.42705772  0.44886718  0.49462077  0.50254359  0.48678599  0.48678599  0.47903732  0.51055646  0.50254359  0.47137289  0.47903732  0.50254359  0.49462077  0.44886718  0.42705772  0.44886718  0.44886718  0.45628954  0.43425284  0.46379088  0.45628954  0.45628954  0.47903732  0.41993529  0.47137289  0.47903732  0.41288409  0.43425284  0.42705772  0.44152214  0.39898980  0.39214400  0.39898980  0.40590272  0.39898980  0.45628954  0.44886718  0.41288409  0.44152214  0.44886718  0.45628954  0.43425284  0.43425284  0.40590272  0.43425284  0.44886718  0.44152214  0.41288409  0.44152214  0.44152214  0.43425284  0.45628954  0.44886718  0.44886718  0.43425284  0.47137289  0.48678599  0.48678599  0.48678599  0.56935127  0.53515640  0.52686069  0.51866144  0.51866144  0.51866144  0.51866144  0.49462077  0.46379088  0.46379088  0.45628954  0.44152214  0.37864865  0.31479452  0.32092589  0.39214400  0.32092589  0.33964658  0.33335096  0.34599893  0.36540678  0.33964658  0.39214400  0.39898980  0.38536404  0.39214400  0.38536404  0.37864865  0.37864865  0.39898980  
