20
1_0_0      0.00000000  0.00000000  0.00000000  0.10960563  0.14252193  0.13323492  0.14252193  0.13472184  0.13472184  0.13472184  0.06320890  0.07839770  0.15126399  0.08617224  0.10151151  0.10151151  0.10151151  0.09354882  0.10151151  0.08617224  
2_0_0      0.00000000  0.00000000  0.00000000  0.10960563  0.14252193  0.13323492  0.14252193  0.13472184  0.13472184  0.13472184  0.06320890  0.07839770  0.15126399  0.08617224  0.10151151  0.10151151  0.10151151  0.09354882  0.10151151  0.08617224  
3_0_0      0.00000000  0.00000000  0.00000000  0.10960563  0.14252193  0.13323492  0.14252193  0.13472184  0.13472184  0.13472184  0.06320890  0.07839770  0.15126399  0.08617224  0.10151151  0.10151151  0.10151151  0.09354882  0.10151151  0.08617224  
19_0_0     0.10960563  0.10960563  0.10960563  0.00000000  0.04871947  0.06320890  0.04871947  0.04903891  0.04903891  0.04903891  0.05608635  0.04146162  0.09354882  0.07887525  0.07839770  0.07839770  0.07839770  0.07074450  0.07839770  0.07887525  
18_0_0     0.14252193  0.14252193  0.14252193  0.04871947  0.00000000  0.01345897  0.00000000  0.07116068  0.07116068  0.07116068  0.07839770  0.06320890  0.12549189  0.07839770  0.07800114  0.07800114  0.07800114  0.08571336  0.07800114  0.07839770  
8_0_0      0.13323492  0.13323492  0.13323492  0.06320890  0.01345897  0.00000000  0.01345897  0.07074450  0.07074450  0.07074450  0.09354882  0.07800114  0.14174787  0.09354882  0.09310955  0.09310955  0.09310955  0.10100688  0.09310955  0.09354882  
15_0_0     0.14252193  0.14252193  0.14252193  0.04871947  0.00000000  0.01345897  0.00000000  0.07116068  0.07116068  0.07116068  0.07839770  0.06320890  0.12549189  0.07839770  0.07800114  0.07800114  0.07800114  0.08571336  0.07800114  0.07839770  
7_0_0      0.13472184  0.13472184  0.13472184  0.04903891  0.07116068  0.07074450  0.07116068  0.00000000  0.00000000  0.00000000  0.07887525  0.06356559  0.10151151  0.07116068  0.07074450  0.05578734  0.05578734  0.06320890  0.05578734  0.07116068  
13_0_0     0.13472184  0.13472184  0.13472184  0.04903891  0.07116068  0.07074450  0.07116068  0.00000000  0.00000000  0.00000000  0.07887525  0.06356559  0.10151151  0.07116068  0.07074450  0.05578734  0.05578734  0.06320890  0.05578734  0.07116068  
9_0_0      0.13472184  0.13472184  0.13472184  0.04903891  0.07116068  0.07074450  0.07116068  0.00000000  0.00000000  0.00000000  0.07887525  0.06356559  0.10151151  0.07116068  0.07074450  0.05578734  0.05578734  0.06320890  0.05578734  0.07116068  
11_0_0     0.06320890  0.06320890  0.06320890  0.05608635  0.07839770  0.09354882  0.07839770  0.07887525  0.07887525  0.07887525  0.00000000  0.01351795  0.07839770  0.04903891  0.04871947  0.04871947  0.04871947  0.05608635  0.04871947  0.03452034  
17_0_0     0.07839770  0.07839770  0.07839770  0.04146162  0.06320890  0.07800114  0.06320890  0.06356559  0.06356559  0.06356559  0.01351795  0.00000000  0.09407203  0.06400047  0.04871947  0.04871947  0.04871947  0.05608635  0.04871947  0.04903891  
20_0_0     0.15126399  0.15126399  0.15126399  0.09354882  0.12549189  0.14174787  0.12549189  0.10151151  0.10151151  0.10151151  0.07839770  0.09407203  0.00000000  0.10210117  0.10151151  0.10151151  0.10151151  0.10960563  0.10151151  0.08617224  
16_0_0     0.08617224  0.08617224  0.08617224  0.07887525  0.07839770  0.09354882  0.07839770  0.07116068  0.07116068  0.07116068  0.04903891  0.06400047  0.10210117  0.00000000  0.04146162  0.04146162  0.04146162  0.04871947  0.04146162  0.02741913  
14_0_0     0.10151151  0.10151151  0.10151151  0.07839770  0.07800114  0.09310955  0.07800114  0.07074450  0.07074450  0.07074450  0.04871947  0.04871947  0.10151151  0.04146162  0.00000000  0.01351795  0.01351795  0.02041928  0.01351795  0.02726044  
5_0_0      0.10151151  0.10151151  0.10151151  0.07839770  0.07800114  0.09310955  0.07800114  0.05578734  0.05578734  0.05578734  0.04871947  0.04871947  0.10151151  0.04146162  0.01351795  0.00000000  0.00000000  0.00671240  0.00000000  0.02726044  
10_0_0     0.10151151  0.10151151  0.10151151  0.07839770  0.07800114  0.09310955  0.07800114  0.05578734  0.05578734  0.05578734  0.04871947  0.04871947  0.10151151  0.04146162  0.01351795  0.00000000  0.00000000  0.00671240  0.00000000  0.02726044  
12_0_0     0.09354882  0.09354882  0.09354882  0.07074450  0.08571336  0.10100688  0.08571336  0.06320890  0.06320890  0.06320890  0.05608635  0.05608635  0.10960563  0.04871947  0.02041928  0.00671240  0.00671240  0.00000000  0.00671240  0.03430962  
4_0_0      0.10151151  0.10151151  0.10151151  0.07839770  0.07800114  0.09310955  0.07800114  0.05578734  0.05578734  0.05578734  0.04871947  0.04871947  0.10151151  0.04146162  0.01351795  0.00000000  0.00000000  0.00671240  0.00000000  0.02726044  
6_0_0      0.08617224  0.08617224  0.08617224  0.07887525  0.07839770  0.09354882  0.07839770  0.07116068  0.07116068  0.07116068  0.03452034  0.04903891  0.08617224  0.02741913  0.02726044  0.02726044  0.02726044  0.03430962  0.02726044  0.00000000  

