20
19_0_0     0.00000000  0.19667837  0.20612873  0.24518832  0.24518832  0.23522800  0.49310073  0.50726478  0.50726478  0.49310073  0.50726478  0.52170588  0.50726478  0.49310073  0.42609040  0.53643507  0.56680539  0.35296305  0.34144952  0.36465898  
8_0_0      0.19667837  0.00000000  0.02190447  0.10000168  0.10000168  0.10828569  0.35296305  0.36465898  0.47920328  0.46556260  0.47920328  0.49310073  0.37654316  0.38862175  0.35296305  0.37654316  0.46556260  0.41338841  0.40090124  0.40090124  
18_0_0     0.20612873  0.02190447  0.00000000  0.09180959  0.09180959  0.10000168  0.36465898  0.37654316  0.46556260  0.45216936  0.46556260  0.47920328  0.38862175  0.40090124  0.36465898  0.36465898  0.47920328  0.43901474  0.42609040  0.42609040  
13_0_0     0.24518832  0.10000168  0.09180959  0.00000000  0.00000000  0.03687701  0.38862175  0.40090124  0.41338841  0.42609040  0.41338841  0.43901474  0.38862175  0.40090124  0.38862175  0.37654316  0.47920328  0.43901474  0.45216936  0.42609040  
9_0_0      0.24518832  0.10000168  0.09180959  0.00000000  0.00000000  0.03687701  0.38862175  0.40090124  0.41338841  0.42609040  0.41338841  0.43901474  0.38862175  0.40090124  0.38862175  0.37654316  0.47920328  0.43901474  0.45216936  0.42609040  
7_0_0      0.23522800  0.10828569  0.10000168  0.03687701  0.03687701  0.00000000  0.37654316  0.38862175  0.37654316  0.36465898  0.37654316  0.40090124  0.40090124  0.41338841  0.40090124  0.36465898  0.43901474  0.45216936  0.43901474  0.43901474  
11_0_0     0.49310073  0.35296305  0.36465898  0.38862175  0.38862175  0.37654316  0.00000000  0.00722952  0.34144952  0.34144952  0.33011277  0.34144952  0.16903206  0.16004198  0.19667837  0.21570162  0.34144952  0.37654316  0.38862175  0.38862175  
17_0_0     0.50726478  0.36465898  0.37654316  0.40090124  0.40090124  0.38862175  0.00722952  0.00000000  0.35296305  0.35296305  0.34144952  0.35296305  0.17813296  0.16903206  0.18734744  0.22540026  0.35296305  0.38862175  0.40090124  0.40090124  
12_0_0     0.50726478  0.47920328  0.46556260  0.41338841  0.41338841  0.37654316  0.34144952  0.35296305  0.00000000  0.01453054  0.00722952  0.02190447  0.34144952  0.35296305  0.41338841  0.41338841  0.41338841  0.46556260  0.47920328  0.47920328  
4_0_0      0.49310073  0.46556260  0.45216936  0.42609040  0.42609040  0.36465898  0.34144952  0.35296305  0.01453054  0.00000000  0.00722952  0.02190447  0.34144952  0.35296305  0.38862175  0.41338841  0.38862175  0.47920328  0.49310073  0.49310073  
10_0_0     0.50726478  0.47920328  0.46556260  0.41338841  0.41338841  0.37654316  0.33011277  0.34144952  0.00722952  0.00722952  0.00000000  0.01453054  0.33011277  0.34144952  0.40090124  0.40090124  0.40090124  0.46556260  0.47920328  0.47920328  
5_0_0      0.52170588  0.49310073  0.47920328  0.43901474  0.43901474  0.40090124  0.34144952  0.35296305  0.02190447  0.02190447  0.01453054  0.00000000  0.34144952  0.35296305  0.41338841  0.41338841  0.42609040  0.45216936  0.46556260  0.46556260  
6_0_0      0.50726478  0.37654316  0.38862175  0.38862175  0.38862175  0.40090124  0.16903206  0.17813296  0.34144952  0.34144952  0.33011277  0.34144952  0.00000000  0.00722952  0.07569314  0.15116005  0.26552134  0.35296305  0.36465898  0.36465898  
14_0_0     0.49310073  0.38862175  0.40090124  0.40090124  0.40090124  0.41338841  0.16004198  0.16903206  0.35296305  0.35296305  0.34144952  0.35296305  0.00722952  0.00000000  0.06776494  0.14238369  0.27590176  0.34144952  0.35296305  0.35296305  
15_0_0     0.42609040  0.35296305  0.36465898  0.38862175  0.38862175  0.40090124  0.19667837  0.18734744  0.41338841  0.38862175  0.40090124  0.41338841  0.07569314  0.06776494  0.00000000  0.13371043  0.35296305  0.35296305  0.36465898  0.36465898  
16_0_0     0.53643507  0.37654316  0.36465898  0.37654316  0.37654316  0.36465898  0.21570162  0.22540026  0.41338841  0.41338841  0.40090124  0.41338841  0.15116005  0.14238369  0.13371043  0.00000000  0.37654316  0.35296305  0.35296305  0.36465898  
20_0_0     0.56680539  0.46556260  0.47920328  0.47920328  0.47920328  0.43901474  0.34144952  0.35296305  0.41338841  0.38862175  0.40090124  0.42609040  0.26552134  0.27590176  0.35296305  0.37654316  0.00000000  0.50726478  0.53643507  0.50726478  
1_0_0      0.35296305  0.41338841  0.43901474  0.43901474  0.43901474  0.45216936  0.37654316  0.38862175  0.46556260  0.47920328  0.46556260  0.45216936  0.35296305  0.34144952  0.35296305  0.35296305  0.50726478  0.00000000  0.02190447  0.00722952  
3_0_0      0.34144952  0.40090124  0.42609040  0.45216936  0.45216936  0.43901474  0.38862175  0.40090124  0.47920328  0.49310073  0.47920328  0.46556260  0.36465898  0.35296305  0.36465898  0.35296305  0.53643507  0.02190447  0.00000000  0.01453054  
2_0_0      0.36465898  0.40090124  0.42609040  0.42609040  0.42609040  0.43901474  0.38862175  0.40090124  0.47920328  0.49310073  0.47920328  0.46556260  0.36465898  0.35296305  0.36465898  0.36465898  0.50726478  0.00722952  0.01453054  0.00000000  

