183
19_19_0    0.00000000  0.03500105  0.03053452  0.08121119  0.07173597  0.07645845  0.13049279  0.15641851  0.13560594  0.14593923  0.17242039  0.13049279  0.13049279  0.20549864  0.17242039  0.17242039  0.19430784  0.20549864  0.17242039  0.17783200  0.18328338  0.17783200  0.17783200  0.19430784  0.18877513  0.19430784  0.19430784  0.19988214  0.18328338  0.18877513  0.18328338  0.16171420  0.16171420  0.16704798  0.15116036  0.19988214  0.18328338  0.18877513  0.19988214  0.20549864  0.22839989  0.19988214  0.18877513  0.19430784  0.18877513  0.18328338  0.19988214  0.25203085  0.28266933  0.27643954  0.27643954  0.28266933  0.28266933  0.27643954  0.29528810  0.27643954  0.27643954  0.27643954  0.27026165  0.27643954  0.24012126  0.24012126  0.24012126  0.24012126  0.26413479  0.25805813  0.25805813  0.23423742  0.25805813  0.23423742  0.23423742  0.23423742  0.23423742  0.23423742  0.24012126  0.21686088  0.21115801  0.23423742  0.23423742  0.22839989  0.21686088  0.21686088  0.21686088  0.21686088  0.20549864  0.22260795  0.23423742  0.21686088  0.22839989  0.20549864  0.22839989  0.22839989  0.18877513  0.21686088  0.19430784  0.17783200  0.17242039  0.17783200  0.16704798  0.15641851  0.16171420  0.16171420  0.22260795  0.17783200  0.28895188  0.28895188  0.27643954  0.32118857  0.29528810  0.28895188  0.34122530  0.34802633  0.34802633  0.33448607  0.31462817  0.31462817  0.32118857  0.32118857  0.33448607  0.26413479  0.27643954  0.28266933  0.27026165  0.28895188  0.26413479  0.25805813  0.27026165  0.28895188  0.27026165  0.27643954  0.27026165  0.27643954  0.25805813  0.25805813  0.28266933  0.28266933  0.28266933  0.27643954  0.25203085  0.28895188  0.25805813  0.25203085  0.25805813  0.24605215  0.25805813  0.25805813  0.22839989  0.23423742  0.28895188  0.30812529  0.30167892  0.31462817  0.32780752  0.31462817  0.29528810  0.28895188  0.35489029  0.29528810  0.29528810  0.36181838  0.36181838  0.37587176  0.39019657  0.39019657  0.39019657  0.39019657  0.33448607  0.37587176  0.36881178  0.37587176  0.38299958  0.34122530  0.33448607  0.34122530  0.36881178  0.37587176  0.35489029  0.36181838  0.34802633  0.36881178  0.37587176  0.35489029  0.35489029  
17_19_0    0.03500105  0.00000000  0.03949464  0.08121119  0.06238027  0.07645845  0.11038554  0.15641851  0.14593923  0.14593923  0.16171420  0.12037102  0.12037102  0.21686088  0.16171420  0.16171420  0.19430784  0.20549864  0.17242039  0.17783200  0.18328338  0.17783200  0.17783200  0.18328338  0.18877513  0.19430784  0.19430784  0.18328338  0.18328338  0.18877513  0.17242039  0.17242039  0.17242039  0.17783200  0.17242039  0.18877513  0.17242039  0.17783200  0.18877513  0.18877513  0.21115801  0.18328338  0.18328338  0.17783200  0.17242039  0.16704798  0.18328338  0.25203085  0.27643954  0.27026165  0.27026165  0.27643954  0.27643954  0.27026165  0.28895188  0.27026165  0.27026165  0.27026165  0.26413479  0.27026165  0.23423742  0.23423742  0.23423742  0.23423742  0.27026165  0.25203085  0.25203085  0.22260795  0.23423742  0.21115801  0.21115801  0.21115801  0.22260795  0.22260795  0.27643954  0.24605215  0.24012126  0.25203085  0.25203085  0.22260795  0.21115801  0.22260795  0.23423742  0.23423742  0.23423742  0.22839989  0.22839989  0.23423742  0.24605215  0.18877513  0.21115801  0.21115801  0.17242039  0.21115801  0.17783200  0.16171420  0.15641851  0.17242039  0.17242039  0.15116036  0.17242039  0.17242039  0.21115801  0.18328338  0.30167892  0.27643954  0.26413479  0.30812529  0.28266933  0.28895188  0.32780752  0.32118857  0.32118857  0.33448607  0.31462817  0.32780752  0.33448607  0.33448607  0.34802633  0.28266933  0.27643954  0.28266933  0.27026165  0.28895188  0.27643954  0.27026165  0.25805813  0.27643954  0.25805813  0.26413479  0.24605215  0.27643954  0.24605215  0.24605215  0.28266933  0.28266933  0.28266933  0.27643954  0.25805813  0.28266933  0.26413479  0.25805813  0.26413479  0.25203085  0.26413479  0.26413479  0.23423742  0.24012126  0.27643954  0.29528810  0.28895188  0.28895188  0.30167892  0.30167892  0.28266933  0.27643954  0.34122530  0.29528810  0.29528810  0.34802633  0.34802633  0.37587176  0.37587176  0.37587176  0.37587176  0.37587176  0.33448607  0.36881178  0.36881178  0.37587176  0.38299958  0.35489029  0.34802633  0.35489029  0.36881178  0.37587176  0.36881178  0.37587176  0.36181838  0.39019657  0.39746407  0.36881178  0.36881178  
1_19_0     0.03053452  0.03949464  0.00000000  0.08599459  0.07645845  0.08121119  0.11536148  0.14075459  0.13049279  0.13049279  0.14593923  0.11536148  0.11536148  0.22260795  0.16704798  0.16704798  0.18877513  0.20549864  0.15641851  0.16171420  0.16704798  0.16171420  0.16171420  0.17783200  0.18328338  0.18877513  0.18877513  0.18328338  0.16704798  0.17242039  0.17783200  0.15641851  0.15641851  0.16171420  0.14593923  0.17242039  0.16704798  0.17242039  0.19430784  0.19988214  0.22260795  0.18328338  0.18328338  0.18877513  0.18328338  0.17783200  0.19430784  0.24605215  0.27026165  0.27026165  0.27026165  0.28895188  0.28895188  0.27026165  0.30167892  0.28266933  0.28266933  0.28266933  0.26413479  0.28266933  0.24605215  0.24605215  0.24605215  0.24605215  0.27026165  0.24012126  0.24012126  0.25203085  0.22839989  0.22839989  0.22839989  0.22839989  0.22839989  0.22839989  0.25203085  0.23423742  0.21686088  0.24012126  0.24012126  0.24605215  0.23423742  0.24605215  0.24012126  0.24012126  0.21115801  0.25203085  0.26413479  0.23423742  0.24605215  0.19988214  0.21115801  0.21115801  0.18328338  0.21115801  0.17783200  0.17242039  0.16704798  0.19430784  0.18328338  0.16171420  0.18328338  0.18328338  0.20549864  0.19430784  0.28266933  0.25805813  0.24605215  0.30167892  0.28895188  0.27026165  0.30812529  0.31462817  0.31462817  0.30812529  0.30167892  0.30167892  0.30812529  0.30812529  0.32118857  0.25805813  0.26413479  0.25805813  0.25805813  0.28266933  0.26413479  0.25805813  0.25805813  0.27643954  0.25805813  0.26413479  0.24605215  0.25203085  0.24605215  0.24605215  0.27026165  0.27026165  0.27026165  0.26413479  0.25805813  0.27026165  0.25203085  0.25805813  0.26413479  0.25203085  0.24012126  0.24012126  0.23423742  0.24012126  0.27643954  0.28895188  0.28266933  0.29528810  0.30812529  0.29528810  0.29528810  0.28266933  0.36181838  0.30167892  0.30167892  0.36881178  0.34122530  0.36881178  0.36881178  0.36881178  0.36881178  0.36881178  0.35489029  0.36881178  0.36181838  0.36881178  0.37587176  0.34802633  0.34122530  0.34802633  0.36181838  0.36881178  0.38299958  0.39019657  0.37587176  0.39746407  0.40480350  0.38299958  0.38299958  
19_0_0     0.08121119  0.08121119  0.08599459  0.00000000  0.02609473  0.02168135  0.09565493  0.11536148  0.10544276  0.11038554  0.13049279  0.12037102  0.12037102  0.18328338  0.16171420  0.15641851  0.15116036  0.17783200  0.13049279  0.15116036  0.15641851  0.15116036  0.15116036  0.15641851  0.15641851  0.16171420  0.16171420  0.18877513  0.17242039  0.16704798  0.16171420  0.14593923  0.14593923  0.15116036  0.14593923  0.18877513  0.16704798  0.17242039  0.20549864  0.18877513  0.21115801  0.17242039  0.17783200  0.18328338  0.18328338  0.17242039  0.18877513  0.20549864  0.24605215  0.23423742  0.23423742  0.23423742  0.23423742  0.24012126  0.24605215  0.22260795  0.22260795  0.22260795  0.21686088  0.22260795  0.22260795  0.22260795  0.22260795  0.22260795  0.24605215  0.22839989  0.22839989  0.21686088  0.23423742  0.20549864  0.20549864  0.20549864  0.19988214  0.19988214  0.25203085  0.21115801  0.21686088  0.22839989  0.24012126  0.22260795  0.21115801  0.22260795  0.19988214  0.19988214  0.19988214  0.19988214  0.21115801  0.21115801  0.22260795  0.15641851  0.17783200  0.17783200  0.15116036  0.18328338  0.15641851  0.15641851  0.15116036  0.15116036  0.15116036  0.14075459  0.15641851  0.15641851  0.20549864  0.16704798  0.26413479  0.24605215  0.23423742  0.28266933  0.25805813  0.26413479  0.30812529  0.32118857  0.32118857  0.30167892  0.28266933  0.29528810  0.30167892  0.30167892  0.31462817  0.22839989  0.23423742  0.24605215  0.24605215  0.25805813  0.22839989  0.21686088  0.22260795  0.24605215  0.22260795  0.22839989  0.24012126  0.25203085  0.21686088  0.21686088  0.25805813  0.25805813  0.25805813  0.25203085  0.20549864  0.22839989  0.21115801  0.20549864  0.21115801  0.19988214  0.20549864  0.21686088  0.17783200  0.18877513  0.27026165  0.28895188  0.30167892  0.29528810  0.30812529  0.29528810  0.27643954  0.27026165  0.33448607  0.27026165  0.27026165  0.32780752  0.32118857  0.34802633  0.34122530  0.34122530  0.34122530  0.34122530  0.32780752  0.41221627  0.37587176  0.36881178  0.37587176  0.36181838  0.35489029  0.36181838  0.36181838  0.37587176  0.34802633  0.35489029  0.34122530  0.36181838  0.36881178  0.34802633  0.34802633  
1_0_0      0.07173597  0.06238027  0.07645845  0.02609473  0.00000000  0.02168135  0.09565493  0.11536148  0.11536148  0.11038554  0.14075459  0.11038554  0.11038554  0.19430784  0.16171420  0.15641851  0.16171420  0.18877513  0.13049279  0.14075459  0.14593923  0.14075459  0.14075459  0.14593923  0.14593923  0.15116036  0.15116036  0.17242039  0.16171420  0.15641851  0.14075459  0.12541464  0.12541464  0.13049279  0.12541464  0.17783200  0.15641851  0.16171420  0.19430784  0.17242039  0.19430784  0.15641851  0.17242039  0.16704798  0.16704798  0.15641851  0.18328338  0.20549864  0.24605215  0.22839989  0.22839989  0.23423742  0.23423742  0.24012126  0.24605215  0.22260795  0.22260795  0.22260795  0.21686088  0.22260795  0.20549864  0.20549864  0.20549864  0.20549864  0.24012126  0.21115801  0.21115801  0.19988214  0.21686088  0.18877513  0.18877513  0.18877513  0.19430784  0.19430784  0.24012126  0.19988214  0.20549864  0.21115801  0.22260795  0.20549864  0.19430784  0.21686088  0.20549864  0.20549864  0.20549864  0.19430784  0.20549864  0.19430784  0.20549864  0.15116036  0.17242039  0.17242039  0.12541464  0.17783200  0.14075459  0.14075459  0.13560594  0.14593923  0.14593923  0.13560594  0.14075459  0.14075459  0.18877513  0.15116036  0.28266933  0.25203085  0.24012126  0.28895188  0.26413479  0.25805813  0.30812529  0.32118857  0.32118857  0.32118857  0.30167892  0.31462817  0.32118857  0.32118857  0.33448607  0.24605215  0.24012126  0.25203085  0.25203085  0.25805813  0.24605215  0.23423742  0.22839989  0.25203085  0.22839989  0.23423742  0.24605215  0.25203085  0.22260795  0.22260795  0.26413479  0.26413479  0.26413479  0.25805813  0.19988214  0.22260795  0.20549864  0.19988214  0.20549864  0.19430784  0.19988214  0.21115801  0.17242039  0.18328338  0.24012126  0.25805813  0.27026165  0.26413479  0.27643954  0.26413479  0.24605215  0.24012126  0.32780752  0.25203085  0.25203085  0.30812529  0.30167892  0.32780752  0.32118857  0.32118857  0.32118857  0.32118857  0.29528810  0.39746407  0.34122530  0.33448607  0.34122530  0.34122530  0.33448607  0.34122530  0.32780752  0.34122530  0.32780752  0.33448607  0.32118857  0.34122530  0.34802633  0.32780752  0.32780752  
17_0_0     0.07645845  0.07645845  0.08121119  0.02168135  0.02168135  0.00000000  0.09080903  0.10053270  0.10053270  0.09565493  0.13560594  0.11536148  0.11536148  0.17783200  0.16704798  0.16171420  0.15641851  0.18328338  0.12541464  0.13560594  0.14075459  0.13560594  0.13560594  0.14075459  0.14075459  0.14593923  0.14593923  0.17242039  0.15641851  0.15116036  0.13560594  0.12037102  0.12037102  0.12541464  0.13049279  0.16171420  0.14075459  0.14593923  0.17783200  0.17242039  0.19430784  0.15641851  0.16171420  0.16704798  0.16704798  0.15641851  0.19430784  0.21115801  0.24605215  0.22260795  0.22260795  0.22260795  0.22260795  0.22839989  0.23423742  0.21115801  0.21115801  0.21115801  0.20549864  0.21115801  0.20549864  0.20549864  0.20549864  0.20549864  0.21686088  0.19988214  0.19988214  0.19988214  0.21686088  0.18877513  0.18877513  0.18877513  0.18328338  0.18328338  0.25203085  0.21115801  0.21686088  0.22260795  0.23423742  0.20549864  0.19430784  0.22839989  0.20549864  0.20549864  0.20549864  0.19430784  0.20549864  0.20549864  0.20549864  0.14075459  0.16171420  0.16171420  0.13560594  0.16704798  0.14075459  0.13049279  0.12541464  0.13560594  0.13560594  0.12541464  0.15116036  0.15116036  0.19988214  0.16171420  0.27026165  0.25203085  0.25203085  0.28895188  0.27643954  0.28266933  0.31462817  0.32780752  0.32780752  0.32118857  0.30167892  0.31462817  0.32118857  0.32118857  0.33448607  0.24605215  0.25203085  0.26413479  0.26413479  0.27026165  0.24605215  0.23423742  0.24012126  0.25203085  0.24012126  0.24605215  0.25805813  0.26413479  0.23423742  0.23423742  0.27643954  0.27643954  0.27643954  0.27026165  0.18877513  0.23423742  0.19430784  0.18877513  0.19430784  0.18328338  0.18877513  0.19988214  0.16171420  0.17242039  0.26413479  0.27026165  0.28266933  0.27643954  0.28895188  0.26413479  0.25805813  0.26413479  0.34122530  0.25203085  0.25203085  0.32118857  0.31462817  0.34122530  0.33448607  0.33448607  0.33448607  0.33448607  0.32118857  0.39746407  0.35489029  0.34802633  0.35489029  0.34122530  0.33448607  0.34122530  0.34122530  0.35489029  0.34122530  0.36181838  0.33448607  0.35489029  0.36181838  0.34122530  0.34122530  
20_0_0     0.13049279  0.11038554  0.11536148  0.09565493  0.09565493  0.09080903  0.00000000  0.13560594  0.12037102  0.11536148  0.14593923  0.12037102  0.12037102  0.21115801  0.18877513  0.18328338  0.20549864  0.21686088  0.16171420  0.19430784  0.18328338  0.17783200  0.17783200  0.15116036  0.17783200  0.18328338  0.18328338  0.19430784  0.17783200  0.17242039  0.19988214  0.17242039  0.17242039  0.17242039  0.17242039  0.18328338  0.19430784  0.19988214  0.23423742  0.23423742  0.22839989  0.19988214  0.19988214  0.18877513  0.21686088  0.20549864  0.20549864  0.24012126  0.28266933  0.26413479  0.26413479  0.26413479  0.26413479  0.27026165  0.27643954  0.27026165  0.27026165  0.27026165  0.25203085  0.27026165  0.24012126  0.24012126  0.24012126  0.24012126  0.26413479  0.23423742  0.23423742  0.23423742  0.21115801  0.21686088  0.21686088  0.21686088  0.21115801  0.21115801  0.28895188  0.25805813  0.25203085  0.24605215  0.25805813  0.23423742  0.21686088  0.23423742  0.22839989  0.22839989  0.21115801  0.27026165  0.25805813  0.27643954  0.24605215  0.19988214  0.19988214  0.19988214  0.20549864  0.20549864  0.18877513  0.17783200  0.16171420  0.17242039  0.17242039  0.16171420  0.19988214  0.19988214  0.19988214  0.19988214  0.31462817  0.25203085  0.24605215  0.30167892  0.28266933  0.29528810  0.32118857  0.32780752  0.32780752  0.32780752  0.32118857  0.34122530  0.34802633  0.34802633  0.36181838  0.28895188  0.27643954  0.27643954  0.27643954  0.28895188  0.26413479  0.28266933  0.27643954  0.28895188  0.27643954  0.28266933  0.28266933  0.27643954  0.25805813  0.25805813  0.28895188  0.29528810  0.29528810  0.28895188  0.23423742  0.24012126  0.24605215  0.25203085  0.24012126  0.23423742  0.24605215  0.25805813  0.22260795  0.22260795  0.27026165  0.27026165  0.26413479  0.29528810  0.30812529  0.29528810  0.30812529  0.29528810  0.36181838  0.28266933  0.28266933  0.36181838  0.35489029  0.38299958  0.34802633  0.34802633  0.34802633  0.34802633  0.35489029  0.43490975  0.37587176  0.39746407  0.40480350  0.39019657  0.38299958  0.39019657  0.40480350  0.40480350  0.39019657  0.39746407  0.38299958  0.39019657  0.38299958  0.40480350  0.39019657  
20_18_0    0.15641851  0.15641851  0.14075459  0.11536148  0.11536148  0.10053270  0.13560594  0.00000000  0.06238027  0.04856433  0.12037102  0.12037102  0.12037102  0.17242039  0.15641851  0.14075459  0.14075459  0.15641851  0.13049279  0.14075459  0.13049279  0.13560594  0.13560594  0.11038554  0.12037102  0.12541464  0.12541464  0.17242039  0.14075459  0.13560594  0.15116036  0.12541464  0.12541464  0.13560594  0.13560594  0.15641851  0.17783200  0.17242039  0.18328338  0.15641851  0.17242039  0.11536148  0.13049279  0.14075459  0.14593923  0.13560594  0.18328338  0.25203085  0.28895188  0.24012126  0.24012126  0.24605215  0.23423742  0.25805813  0.25203085  0.23423742  0.23423742  0.23423742  0.21686088  0.23423742  0.24605215  0.24605215  0.24605215  0.24605215  0.25805813  0.24605215  0.24605215  0.21686088  0.19988214  0.19430784  0.19430784  0.19430784  0.22260795  0.22260795  0.25805813  0.24012126  0.23423742  0.21686088  0.22839989  0.18328338  0.17783200  0.24012126  0.23423742  0.23423742  0.23423742  0.20549864  0.22839989  0.21686088  0.21115801  0.16171420  0.17242039  0.17242039  0.14593923  0.18877513  0.15116036  0.16171420  0.14593923  0.16704798  0.16704798  0.16171420  0.15116036  0.15116036  0.15641851  0.16171420  0.30812529  0.28266933  0.25805813  0.30167892  0.28266933  0.28266933  0.32780752  0.30167892  0.30167892  0.32780752  0.33448607  0.34802633  0.35489029  0.35489029  0.35489029  0.25805813  0.27643954  0.26413479  0.27026165  0.28895188  0.27026165  0.28266933  0.27643954  0.28895188  0.27643954  0.28266933  0.25805813  0.25805813  0.26413479  0.26413479  0.28266933  0.28266933  0.28266933  0.27643954  0.18328338  0.24605215  0.20549864  0.19988214  0.19430784  0.18328338  0.18328338  0.19988214  0.16171420  0.16171420  0.24605215  0.26413479  0.26413479  0.28895188  0.30167892  0.27643954  0.26413479  0.26413479  0.36881178  0.26413479  0.26413479  0.30812529  0.32118857  0.31462817  0.30167892  0.30167892  0.30167892  0.30167892  0.30812529  0.43490975  0.35489029  0.34802633  0.35489029  0.34122530  0.33448607  0.34122530  0.35489029  0.34122530  0.39019657  0.41970388  0.38299958  0.39019657  0.39746407  0.40480350  0.39019657  
19_17_0    0.13560594  0.14593923  0.13049279  0.10544276  0.11536148  0.10053270  0.12037102  0.06238027  0.00000000  0.03053452  0.11536148  0.11038554  0.11038554  0.18328338  0.15641851  0.15116036  0.15641851  0.17783200  0.11536148  0.15641851  0.14593923  0.14075459  0.14075459  0.14075459  0.14075459  0.14593923  0.14593923  0.16704798  0.15641851  0.15116036  0.16171420  0.13049279  0.13049279  0.14075459  0.14593923  0.16171420  0.18328338  0.17783200  0.18328338  0.16171420  0.18328338  0.13560594  0.14593923  0.15116036  0.15116036  0.15116036  0.18877513  0.24012126  0.27026165  0.25203085  0.25203085  0.26413479  0.25203085  0.25805813  0.27643954  0.26413479  0.26413479  0.26413479  0.24605215  0.26413479  0.25805813  0.25805813  0.25805813  0.25805813  0.28266933  0.25805813  0.25805813  0.22839989  0.22260795  0.21686088  0.21686088  0.21686088  0.21115801  0.21115801  0.26413479  0.24605215  0.24012126  0.22260795  0.23423742  0.21686088  0.20549864  0.22260795  0.23423742  0.23423742  0.22839989  0.20549864  0.22839989  0.21686088  0.20549864  0.18328338  0.19430784  0.19430784  0.16704798  0.19988214  0.17242039  0.16171420  0.14593923  0.15641851  0.15641851  0.14075459  0.15641851  0.15641851  0.18877513  0.16704798  0.29528810  0.25203085  0.24012126  0.29528810  0.25805813  0.24605215  0.31462817  0.30812529  0.30812529  0.30812529  0.31462817  0.32780752  0.33448607  0.33448607  0.34802633  0.24605215  0.27643954  0.25203085  0.25805813  0.28266933  0.25805813  0.28266933  0.26413479  0.27643954  0.26413479  0.26413479  0.27026165  0.28266933  0.26413479  0.26413479  0.29528810  0.29528810  0.29528810  0.28895188  0.19988214  0.24012126  0.22839989  0.22260795  0.20549864  0.19430784  0.19988214  0.21686088  0.18328338  0.18328338  0.24605215  0.25805813  0.24012126  0.28895188  0.30167892  0.27643954  0.25805813  0.26413479  0.31462817  0.24012126  0.24012126  0.31462817  0.33448607  0.33448607  0.31462817  0.31462817  0.31462817  0.31462817  0.28895188  0.44263121  0.34122530  0.33448607  0.34122530  0.31462817  0.30812529  0.31462817  0.34122530  0.35489029  0.35489029  0.36881178  0.34802633  0.36881178  0.37587176  0.35489029  0.35489029  
1_17_0     0.14593923  0.14593923  0.13049279  0.11038554  0.11038554  0.09565493  0.11536148  0.04856433  0.03053452  0.00000000  0.11038554  0.10053270  0.10053270  0.17783200  0.16171420  0.14593923  0.15116036  0.17242039  0.12037102  0.15116036  0.14075459  0.13560594  0.13560594  0.11536148  0.12541464  0.13049279  0.13049279  0.17242039  0.15116036  0.14593923  0.15641851  0.11536148  0.11536148  0.13049279  0.13049279  0.14593923  0.17783200  0.17242039  0.17783200  0.15641851  0.16704798  0.13049279  0.12037102  0.12541464  0.14593923  0.13560594  0.18328338  0.24605215  0.28895188  0.23423742  0.23423742  0.25805813  0.24605215  0.26413479  0.27026165  0.27026165  0.27026165  0.27026165  0.25203085  0.27026165  0.24605215  0.24605215  0.24605215  0.24605215  0.27026165  0.24605215  0.24605215  0.23423742  0.21686088  0.19988214  0.19988214  0.19988214  0.21686088  0.21686088  0.26413479  0.23423742  0.22839989  0.22260795  0.23423742  0.21115801  0.19988214  0.24012126  0.25203085  0.25203085  0.24605215  0.22260795  0.24605215  0.23423742  0.21115801  0.16704798  0.17783200  0.17783200  0.15116036  0.18328338  0.16704798  0.13560594  0.12037102  0.14075459  0.14075459  0.13560594  0.15116036  0.15116036  0.17242039  0.17242039  0.30167892  0.25805813  0.23423742  0.28266933  0.25805813  0.26413479  0.30167892  0.29528810  0.29528810  0.30167892  0.30812529  0.32118857  0.32780752  0.32780752  0.34122530  0.25203085  0.27026165  0.25805813  0.26413479  0.28895188  0.26413479  0.26413479  0.27026165  0.27026165  0.27026165  0.27026165  0.25203085  0.26413479  0.25805813  0.25805813  0.28895188  0.28895188  0.28895188  0.28266933  0.18328338  0.22839989  0.21115801  0.20549864  0.17783200  0.17783200  0.18877513  0.20549864  0.16704798  0.16704798  0.25203085  0.26413479  0.24605215  0.28895188  0.30167892  0.27643954  0.27026165  0.27643954  0.36181838  0.27026165  0.27026165  0.31462817  0.33448607  0.33448607  0.31462817  0.31462817  0.31462817  0.31462817  0.31462817  0.42726785  0.36181838  0.35489029  0.34802633  0.34802633  0.34122530  0.34802633  0.36181838  0.36181838  0.34802633  0.36181838  0.34122530  0.36181838  0.36881178  0.36181838  0.34802633  
30_17_0    0.17242039  0.16171420  0.14593923  0.13049279  0.14075459  0.13560594  0.14593923  0.12037102  0.11536148  0.11038554  0.00000000  0.06238027  0.06238027  0.19988214  0.18877513  0.17242039  0.16171420  0.17783200  0.13560594  0.17242039  0.16171420  0.15641851  0.15641851  0.14075459  0.15641851  0.15116036  0.16171420  0.19430784  0.17783200  0.17242039  0.18328338  0.14593923  0.14593923  0.15641851  0.15641851  0.18328338  0.20549864  0.19988214  0.22260795  0.16171420  0.18328338  0.16704798  0.14075459  0.14593923  0.15641851  0.14593923  0.18877513  0.27026165  0.27026165  0.25805813  0.25805813  0.27026165  0.27026165  0.25805813  0.27026165  0.27643954  0.27643954  0.27643954  0.25805813  0.27643954  0.26413479  0.26413479  0.26413479  0.26413479  0.27643954  0.26413479  0.26413479  0.22839989  0.21686088  0.19988214  0.19988214  0.19988214  0.22839989  0.22839989  0.26413479  0.27026165  0.25203085  0.24605215  0.23423742  0.22260795  0.22260795  0.21686088  0.26413479  0.26413479  0.22839989  0.23423742  0.23423742  0.23423742  0.25203085  0.21115801  0.21115801  0.21115801  0.19430784  0.22839989  0.18877513  0.17783200  0.15116036  0.16171420  0.16171420  0.16704798  0.16704798  0.16704798  0.17783200  0.19988214  0.31462817  0.27026165  0.25805813  0.31462817  0.28895188  0.30167892  0.28895188  0.31462817  0.31462817  0.27643954  0.27643954  0.30167892  0.30812529  0.30812529  0.32118857  0.28266933  0.28895188  0.26413479  0.27026165  0.28895188  0.28266933  0.29528810  0.26413479  0.28266933  0.26413479  0.25805813  0.27026165  0.27026165  0.25203085  0.25203085  0.27643954  0.27643954  0.27643954  0.27026165  0.24012126  0.24605215  0.27026165  0.26413479  0.24605215  0.23423742  0.22260795  0.21686088  0.19988214  0.21115801  0.28895188  0.26413479  0.27643954  0.32780752  0.32780752  0.31462817  0.32118857  0.31462817  0.33448607  0.27643954  0.27643954  0.34122530  0.34802633  0.36181838  0.32780752  0.32780752  0.32780752  0.32780752  0.32780752  0.39019657  0.37587176  0.37587176  0.38299958  0.36881178  0.36181838  0.36881178  0.38299958  0.36881178  0.39019657  0.39019657  0.38299958  0.41970388  0.42726785  0.39019657  0.39019657  
24_17_0    0.13049279  0.12037102  0.11536148  0.12037102  0.11038554  0.11536148  0.12037102  0.12037102  0.11038554  0.10053270  0.06238027  0.00000000  0.00000000  0.19430784  0.14075459  0.12541464  0.16704798  0.18328338  0.13049279  0.16171420  0.15116036  0.14593923  0.14593923  0.13049279  0.14593923  0.14075459  0.15116036  0.17783200  0.14075459  0.13560594  0.15641851  0.15116036  0.15116036  0.13560594  0.14075459  0.16704798  0.17783200  0.18328338  0.18328338  0.17783200  0.19988214  0.16704798  0.16171420  0.16704798  0.16704798  0.15641851  0.16704798  0.25203085  0.28895188  0.25805813  0.25805813  0.28266933  0.28266933  0.25805813  0.28266933  0.28266933  0.28266933  0.28266933  0.26413479  0.28266933  0.24012126  0.24012126  0.24012126  0.24012126  0.26413479  0.26413479  0.26413479  0.21686088  0.21115801  0.19430784  0.19430784  0.19430784  0.21115801  0.21115801  0.25203085  0.22839989  0.21115801  0.21115801  0.21115801  0.23423742  0.23423742  0.23423742  0.27026165  0.27026165  0.24605215  0.24012126  0.22839989  0.23423742  0.23423742  0.19988214  0.19988214  0.19988214  0.18328338  0.20549864  0.18328338  0.17783200  0.16171420  0.18328338  0.18328338  0.16704798  0.18877513  0.18877513  0.18877513  0.20549864  0.30812529  0.25805813  0.25805813  0.31462817  0.28266933  0.27643954  0.32780752  0.32780752  0.32780752  0.31462817  0.32118857  0.33448607  0.34122530  0.34122530  0.35489029  0.28895188  0.27026165  0.25805813  0.26413479  0.28266933  0.26413479  0.28266933  0.28266933  0.29528810  0.28266933  0.28895188  0.27643954  0.28895188  0.27026165  0.27026165  0.32118857  0.32118857  0.32118857  0.31462817  0.23423742  0.25805813  0.26413479  0.25805813  0.24605215  0.24012126  0.22260795  0.22839989  0.21686088  0.21686088  0.24605215  0.24605215  0.26413479  0.31462817  0.32780752  0.30167892  0.27643954  0.27643954  0.34122530  0.25203085  0.25203085  0.32118857  0.32780752  0.34122530  0.32118857  0.32118857  0.32118857  0.32118857  0.30167892  0.39019657  0.34802633  0.36881178  0.36881178  0.34802633  0.34122530  0.34802633  0.37587176  0.36181838  0.39746407  0.41221627  0.39019657  0.41221627  0.40480350  0.39746407  0.39746407  
22_17_0    0.13049279  0.12037102  0.11536148  0.12037102  0.11038554  0.11536148  0.12037102  0.12037102  0.11038554  0.10053270  0.06238027  0.00000000  0.00000000  0.19430784  0.14075459  0.12541464  0.16704798  0.18328338  0.13049279  0.16171420  0.15116036  0.14593923  0.14593923  0.13049279  0.14593923  0.14075459  0.15116036  0.17783200  0.14075459  0.13560594  0.15641851  0.15116036  0.15116036  0.13560594  0.14075459  0.16704798  0.17783200  0.18328338  0.18328338  0.17783200  0.19988214  0.16704798  0.16171420  0.16704798  0.16704798  0.15641851  0.16704798  0.25203085  0.28895188  0.25805813  0.25805813  0.28266933  0.28266933  0.25805813  0.28266933  0.28266933  0.28266933  0.28266933  0.26413479  0.28266933  0.24012126  0.24012126  0.24012126  0.24012126  0.26413479  0.26413479  0.26413479  0.21686088  0.21115801  0.19430784  0.19430784  0.19430784  0.21115801  0.21115801  0.25203085  0.22839989  0.21115801  0.21115801  0.21115801  0.23423742  0.23423742  0.23423742  0.27026165  0.27026165  0.24605215  0.24012126  0.22839989  0.23423742  0.23423742  0.19988214  0.19988214  0.19988214  0.18328338  0.20549864  0.18328338  0.17783200  0.16171420  0.18328338  0.18328338  0.16704798  0.18877513  0.18877513  0.18877513  0.20549864  0.30812529  0.25805813  0.25805813  0.31462817  0.28266933  0.27643954  0.32780752  0.32780752  0.32780752  0.31462817  0.32118857  0.33448607  0.34122530  0.34122530  0.35489029  0.28895188  0.27026165  0.25805813  0.26413479  0.28266933  0.26413479  0.28266933  0.28266933  0.29528810  0.28266933  0.28895188  0.27643954  0.28895188  0.27026165  0.27026165  0.32118857  0.32118857  0.32118857  0.31462817  0.23423742  0.25805813  0.26413479  0.25805813  0.24605215  0.24012126  0.22260795  0.22839989  0.21686088  0.21686088  0.24605215  0.24605215  0.26413479  0.31462817  0.32780752  0.30167892  0.27643954  0.27643954  0.34122530  0.25203085  0.25203085  0.32118857  0.32780752  0.34122530  0.32118857  0.32118857  0.32118857  0.32118857  0.30167892  0.39019657  0.34802633  0.36881178  0.36881178  0.34802633  0.34122530  0.34802633  0.37587176  0.36181838  0.39746407  0.41221627  0.39019657  0.41221627  0.40480350  0.39746407  0.39746407  
41_0_0     0.20549864  0.21686088  0.22260795  0.18328338  0.19430784  0.17783200  0.21115801  0.17242039  0.18328338  0.17783200  0.19988214  0.19430784  0.19430784  0.00000000  0.11038554  0.10544276  0.09565493  0.11536148  0.19988214  0.21686088  0.20549864  0.21115801  0.21115801  0.19430784  0.18877513  0.18328338  0.18328338  0.18877513  0.18877513  0.19430784  0.21686088  0.19430784  0.19430784  0.19988214  0.18877513  0.22260795  0.23423742  0.23423742  0.25203085  0.21686088  0.23423742  0.20549864  0.20549864  0.21115801  0.19988214  0.21115801  0.21686088  0.31462817  0.29528810  0.28895188  0.28895188  0.27643954  0.27643954  0.30812529  0.28895188  0.28895188  0.28895188  0.28895188  0.28266933  0.29528810  0.33448607  0.33448607  0.33448607  0.34122530  0.31462817  0.32780752  0.32780752  0.29528810  0.28895188  0.28266933  0.28266933  0.28266933  0.28895188  0.28895188  0.30167892  0.28895188  0.30167892  0.27643954  0.27643954  0.25203085  0.24605215  0.27643954  0.25805813  0.25805813  0.26413479  0.25805813  0.28266933  0.28895188  0.28895188  0.20549864  0.22839989  0.22839989  0.19988214  0.21686088  0.21115801  0.22260795  0.20549864  0.22260795  0.22839989  0.24605215  0.22260795  0.22260795  0.24605215  0.24012126  0.27643954  0.32780752  0.31462817  0.34802633  0.33448607  0.33448607  0.40480350  0.39019657  0.39019657  0.36181838  0.34802633  0.35489029  0.36181838  0.36181838  0.37587176  0.33448607  0.36181838  0.34802633  0.34802633  0.35489029  0.34122530  0.35489029  0.35489029  0.36881178  0.34802633  0.35489029  0.32118857  0.36881178  0.36181838  0.36181838  0.36881178  0.36881178  0.36881178  0.36181838  0.25203085  0.29528810  0.26413479  0.25805813  0.23423742  0.22839989  0.25203085  0.24605215  0.22260795  0.21115801  0.32780752  0.31462817  0.34122530  0.36881178  0.36881178  0.35489029  0.31462817  0.32780752  0.37587176  0.28266933  0.28266933  0.33448607  0.36881178  0.36881178  0.39019657  0.39019657  0.39019657  0.39019657  0.33448607  0.38299958  0.39019657  0.36181838  0.36881178  0.36881178  0.36181838  0.36881178  0.36881178  0.39019657  0.34122530  0.37587176  0.35489029  0.35489029  0.36181838  0.35489029  0.35489029  
38_0_0     0.17242039  0.16171420  0.16704798  0.16171420  0.16171420  0.16704798  0.18877513  0.15641851  0.15641851  0.16171420  0.18877513  0.14075459  0.14075459  0.11038554  0.00000000  0.01293261  0.08599459  0.10544276  0.18328338  0.17783200  0.17783200  0.18328338  0.18328338  0.19430784  0.18328338  0.18877513  0.18877513  0.15641851  0.15641851  0.16171420  0.17242039  0.18328338  0.18328338  0.17242039  0.17783200  0.18877513  0.22260795  0.20549864  0.19430784  0.21115801  0.22260795  0.17783200  0.19988214  0.20549864  0.19430784  0.19430784  0.17783200  0.25805813  0.27643954  0.27026165  0.27026165  0.27643954  0.26413479  0.26413479  0.27643954  0.26413479  0.26413479  0.26413479  0.24605215  0.26413479  0.30167892  0.30167892  0.30167892  0.30167892  0.30812529  0.32118857  0.32118857  0.24012126  0.22260795  0.22839989  0.22839989  0.22839989  0.24012126  0.24012126  0.26413479  0.26413479  0.25203085  0.21686088  0.21115801  0.25805813  0.24012126  0.27026165  0.28266933  0.28266933  0.26413479  0.23423742  0.24605215  0.24012126  0.24605215  0.19988214  0.21686088  0.21686088  0.18877513  0.21115801  0.19430784  0.22839989  0.19988214  0.23423742  0.23423742  0.22260795  0.18328338  0.18328338  0.20549864  0.19430784  0.27643954  0.26413479  0.25203085  0.30167892  0.27643954  0.27026165  0.32780752  0.31462817  0.31462817  0.32118857  0.32780752  0.34122530  0.34802633  0.34802633  0.34802633  0.25805813  0.27026165  0.23423742  0.24605215  0.25805813  0.25203085  0.27643954  0.26413479  0.27643954  0.26413479  0.27026165  0.24605215  0.30167892  0.27026165  0.27026165  0.28895188  0.28895188  0.28895188  0.28266933  0.22260795  0.27643954  0.27643954  0.27026165  0.25203085  0.24012126  0.25805813  0.25203085  0.22839989  0.24012126  0.29528810  0.28895188  0.31462817  0.33448607  0.33448607  0.33448607  0.33448607  0.33448607  0.33448607  0.29528810  0.29528810  0.35489029  0.39019657  0.37587176  0.39019657  0.39019657  0.39019657  0.39019657  0.30167892  0.45043391  0.39746407  0.41221627  0.41970388  0.41221627  0.40480350  0.41221627  0.40480350  0.41221627  0.41221627  0.42726785  0.40480350  0.39746407  0.39019657  0.39746407  0.41221627  
45_0_0     0.17242039  0.16171420  0.16704798  0.15641851  0.15641851  0.16171420  0.18328338  0.14075459  0.15116036  0.14593923  0.17242039  0.12541464  0.12541464  0.10544276  0.01293261  0.00000000  0.07173597  0.09080903  0.16704798  0.18328338  0.17242039  0.17783200  0.17783200  0.17783200  0.16704798  0.17242039  0.17242039  0.16171420  0.14075459  0.14593923  0.16704798  0.17783200  0.17783200  0.16704798  0.17242039  0.18328338  0.21686088  0.19988214  0.18877513  0.21115801  0.22260795  0.17242039  0.18877513  0.19430784  0.19430784  0.18328338  0.17783200  0.25805813  0.28895188  0.27026165  0.27026165  0.27643954  0.26413479  0.26413479  0.27643954  0.26413479  0.26413479  0.26413479  0.24605215  0.26413479  0.30167892  0.30167892  0.30167892  0.30167892  0.30812529  0.32118857  0.32118857  0.22839989  0.22260795  0.21686088  0.21686088  0.21686088  0.22839989  0.22839989  0.26413479  0.26413479  0.25203085  0.21686088  0.21115801  0.24605215  0.22839989  0.27026165  0.27026165  0.27026165  0.25203085  0.24605215  0.25805813  0.25203085  0.24605215  0.19430784  0.21115801  0.21115801  0.18328338  0.20549864  0.18877513  0.22260795  0.19430784  0.21686088  0.21686088  0.21686088  0.17783200  0.17783200  0.19988214  0.18877513  0.29528810  0.28266933  0.27026165  0.32118857  0.28266933  0.28895188  0.34802633  0.33448607  0.33448607  0.34122530  0.34802633  0.36181838  0.36881178  0.36881178  0.36881178  0.27643954  0.27643954  0.25203085  0.26413479  0.27643954  0.25805813  0.28266933  0.28266933  0.28266933  0.28266933  0.28895188  0.24012126  0.29528810  0.27643954  0.27643954  0.30812529  0.30812529  0.30812529  0.30167892  0.21686088  0.25805813  0.27026165  0.26413479  0.23423742  0.22260795  0.24012126  0.23423742  0.21115801  0.22260795  0.28266933  0.27643954  0.30167892  0.33448607  0.33448607  0.33448607  0.32118857  0.32118857  0.34122530  0.28895188  0.28895188  0.33448607  0.38299958  0.36881178  0.38299958  0.38299958  0.38299958  0.38299958  0.30812529  0.45831955  0.39019657  0.40480350  0.41221627  0.40480350  0.39746407  0.40480350  0.41221627  0.39019657  0.41221627  0.42726785  0.40480350  0.41221627  0.40480350  0.39746407  0.41221627  
34_0_0     0.19430784  0.19430784  0.18877513  0.15116036  0.16171420  0.15641851  0.20549864  0.14075459  0.15641851  0.15116036  0.16171420  0.16704798  0.16704798  0.09565493  0.08599459  0.07173597  0.00000000  0.03053452  0.17242039  0.19430784  0.18328338  0.18877513  0.18877513  0.18328338  0.18328338  0.18877513  0.18877513  0.17242039  0.16171420  0.16704798  0.19988214  0.19430784  0.19430784  0.19988214  0.19430784  0.19430784  0.20549864  0.18877513  0.21115801  0.19988214  0.22260795  0.17783200  0.17783200  0.18328338  0.18328338  0.17242039  0.21115801  0.27026165  0.26413479  0.28266933  0.28266933  0.28266933  0.27026165  0.28895188  0.28266933  0.24605215  0.24605215  0.24605215  0.24012126  0.24605215  0.29528810  0.29528810  0.29528810  0.29528810  0.28895188  0.28895188  0.28895188  0.24605215  0.24012126  0.23423742  0.23423742  0.23423742  0.24605215  0.24605215  0.28895188  0.28266933  0.28895188  0.23423742  0.23423742  0.22839989  0.22839989  0.25805813  0.25203085  0.25203085  0.23423742  0.22839989  0.24012126  0.24012126  0.24012126  0.17783200  0.19988214  0.19988214  0.15641851  0.17783200  0.15641851  0.22839989  0.19988214  0.21115801  0.21115801  0.22260795  0.17242039  0.17242039  0.19430784  0.19430784  0.28895188  0.31462817  0.30167892  0.32780752  0.30167892  0.33448607  0.36181838  0.37587176  0.37587176  0.34802633  0.34122530  0.35489029  0.36181838  0.36181838  0.37587176  0.27643954  0.30167892  0.28266933  0.28266933  0.28895188  0.27643954  0.27643954  0.28895188  0.30167892  0.28895188  0.28266933  0.27026165  0.30167892  0.28266933  0.28266933  0.30167892  0.30167892  0.30167892  0.30167892  0.24605215  0.28895188  0.25203085  0.25805813  0.25203085  0.24012126  0.23423742  0.22839989  0.21686088  0.22839989  0.32118857  0.32118857  0.33448607  0.38299958  0.38299958  0.38299958  0.34122530  0.34122530  0.36181838  0.28266933  0.28266933  0.32780752  0.36181838  0.34802633  0.36181838  0.36181838  0.36181838  0.36181838  0.32780752  0.44263121  0.40480350  0.39746407  0.40480350  0.40480350  0.39746407  0.40480350  0.39019657  0.39019657  0.37587176  0.38299958  0.36881178  0.37587176  0.38299958  0.36181838  0.37587176  
35_0_0     0.20549864  0.20549864  0.20549864  0.17783200  0.18877513  0.18328338  0.21686088  0.15641851  0.17783200  0.17242039  0.17783200  0.18328338  0.18328338  0.11536148  0.10544276  0.09080903  0.03053452  0.00000000  0.18877513  0.20549864  0.19430784  0.19988214  0.19988214  0.19430784  0.19430784  0.19988214  0.19988214  0.19430784  0.17242039  0.17783200  0.22260795  0.21686088  0.21686088  0.22260795  0.21686088  0.22260795  0.23423742  0.21686088  0.23423742  0.21686088  0.24012126  0.18877513  0.18328338  0.18877513  0.18877513  0.17783200  0.21115801  0.28895188  0.28266933  0.28895188  0.28895188  0.28895188  0.27643954  0.29528810  0.28895188  0.26413479  0.26413479  0.26413479  0.25805813  0.26413479  0.30812529  0.30812529  0.30812529  0.30812529  0.30167892  0.30812529  0.30812529  0.25805813  0.25203085  0.24605215  0.24605215  0.24605215  0.26413479  0.26413479  0.30812529  0.30167892  0.30812529  0.26413479  0.26413479  0.25203085  0.25203085  0.27643954  0.24605215  0.24605215  0.22839989  0.24605215  0.25203085  0.25805813  0.24605215  0.19988214  0.22260795  0.22260795  0.18328338  0.20549864  0.18328338  0.24605215  0.21686088  0.22839989  0.22839989  0.22839989  0.18328338  0.18328338  0.19988214  0.21115801  0.30812529  0.32780752  0.31462817  0.33448607  0.30812529  0.34122530  0.35489029  0.36881178  0.36881178  0.34802633  0.34122530  0.35489029  0.36181838  0.36181838  0.36881178  0.27026165  0.29528810  0.27643954  0.26413479  0.28266933  0.27026165  0.28266933  0.29528810  0.30812529  0.29528810  0.28895188  0.27643954  0.28895188  0.27643954  0.27643954  0.29528810  0.29528810  0.29528810  0.29528810  0.25805813  0.30167892  0.26413479  0.27026165  0.25203085  0.25203085  0.24605215  0.24012126  0.22839989  0.24012126  0.31462817  0.31462817  0.32118857  0.38299958  0.38299958  0.38299958  0.34802633  0.34802633  0.35489029  0.27643954  0.27643954  0.34802633  0.36881178  0.35489029  0.36881178  0.36881178  0.36881178  0.36881178  0.34802633  0.43490975  0.40480350  0.39746407  0.40480350  0.40480350  0.39746407  0.40480350  0.40480350  0.39746407  0.39019657  0.39746407  0.38299958  0.39019657  0.39746407  0.37587176  0.39019657  
