169
13_0_0     0.00000000  0.12576190  0.15263485  0.25846630  0.24592313  0.29079765  0.16366636  0.16924507  0.22750223  0.22750223  0.23359119  0.33157925  0.31090460  0.30414076  0.42066142  0.39735453  0.38221876  0.38221876  0.50418807  0.48670316  0.49539343  0.49539343  0.45293805  0.48670316  0.51308961  0.45293805  0.44473455  0.46123450  0.43662192  0.44473455  0.44473455  0.46123450  0.50418807  0.44473455  0.43662192  0.46123450  0.42859819  0.42066142  0.40504136  0.40504136  0.61889208  0.50418807  0.51308961  0.55929653  0.53122403  0.36008599  0.36738951  0.35285460  0.38221876  0.36738951  0.42066142  0.49539343  0.46962602  0.48670316  0.49539343  0.53122403  0.50418807  0.44473455  0.46123450  0.48670316  0.49539343  0.46962602  0.44473455  0.49539343  0.34569392  0.33860258  0.35285460  0.36008599  0.37476660  0.36008599  0.36738951  0.36738951  0.36738951  0.37476660  0.41280974  0.43662192  0.34569392  0.34569392  0.38974754  0.37476660  0.37476660  0.42066142  0.42859819  0.46123450  0.38974754  0.40504136  0.33157925  0.37476660  0.42859819  0.40504136  0.40504136  0.38974754  0.40504136  0.43662192  0.42859819  0.49539343  0.46123450  0.46123450  0.46123450  0.46123450  0.34569392  0.36738951  0.41280974  0.39735453  0.44473455  0.38974754  0.39735453  0.47811481  0.46962602  0.54981895  0.54046247  0.45293805  0.52210069  0.48670316  0.50418807  0.48670316  0.45293805  0.51308961  0.50418807  0.42066142  0.42066142  0.41280974  0.42859819  0.50418807  0.51308961  0.49539343  0.53122403  0.52210069  0.46123450  0.46123450  0.44473455  0.48670316  0.47811481  0.48670316  0.43662192  0.44473455  0.41280974  0.41280974  0.41280974  0.42066142  0.41280974  0.43662192  0.44473455  0.44473455  0.42066142  0.43662192  0.46962602  0.45293805  0.42066142  0.42066142  0.42066142  0.39735453  0.51308961  0.49539343  0.49539343  0.48670316  0.46123450  0.43662192  0.51308961  0.50418807  0.56889838  0.55929653  0.55929653  0.54981895  0.53122403  0.50418807  0.48670316  0.50418807  0.39735453  
67_0_0     0.12576190  0.00000000  0.12050365  0.23973120  0.19199487  0.22750223  0.18624082  0.18053163  0.22146349  0.23359119  0.23973120  0.27769333  0.25846630  0.32462264  0.31090460  0.31773150  0.33860258  0.33860258  0.46962602  0.53122403  0.50418807  0.50418807  0.45293805  0.42859819  0.46962602  0.48670316  0.43662192  0.43662192  0.42066142  0.42859819  0.42859819  0.43662192  0.51308961  0.41280974  0.42066142  0.46123450  0.41280974  0.38974754  0.40504136  0.41280974  0.55929653  0.46123450  0.46123450  0.53122403  0.55929653  0.36738951  0.38221876  0.35285460  0.33157925  0.30414076  0.46962602  0.44473455  0.41280974  0.37476660  0.41280974  0.41280974  0.40504136  0.39735453  0.39735453  0.42859819  0.42859819  0.43662192  0.38974754  0.46123450  0.27122806  0.28421618  0.28421618  0.33860258  0.32462264  0.36738951  0.37476660  0.36738951  0.36738951  0.35285460  0.40504136  0.42859819  0.36738951  0.36008599  0.39735453  0.38974754  0.37476660  0.36738951  0.35285460  0.38221876  0.34569392  0.35285460  0.36008599  0.38221876  0.43662192  0.43662192  0.43662192  0.39735453  0.40504136  0.38974754  0.38974754  0.42859819  0.38221876  0.35285460  0.37476660  0.35285460  0.33157925  0.31090460  0.36008599  0.33157925  0.36008599  0.34569392  0.34569392  0.45293805  0.48670316  0.50418807  0.55929653  0.53122403  0.48670316  0.48670316  0.44473455  0.44473455  0.42859819  0.51308961  0.50418807  0.35285460  0.36738951  0.39735453  0.41280974  0.53122403  0.55929653  0.53122403  0.55929653  0.49539343  0.42066142  0.40504136  0.40504136  0.42859819  0.44473455  0.45293805  0.38221876  0.37476660  0.38221876  0.38221876  0.40504136  0.36008599  0.37476660  0.39735453  0.40504136  0.37476660  0.37476660  0.42859819  0.41280974  0.41280974  0.38221876  0.38221876  0.38974754  0.36738951  0.48670316  0.45293805  0.45293805  0.50418807  0.47811481  0.46123450  0.48670316  0.49539343  0.50418807  0.49539343  0.49539343  0.47811481  0.60861656  0.53122403  0.49539343  0.42066142  0.39735453  
33_0_0     0.15263485  0.12050365  0.00000000  0.27122806  0.25216786  0.26481938  0.20364040  0.20953336  0.25216786  0.26481938  0.27122806  0.26481938  0.27122806  0.31090460  0.31773150  0.32462264  0.40504136  0.36738951  0.46962602  0.47811481  0.50418807  0.47811481  0.46962602  0.46962602  0.49539343  0.51308961  0.48670316  0.47811481  0.49539343  0.48670316  0.46962602  0.48670316  0.49539343  0.48670316  0.44473455  0.45293805  0.50418807  0.47811481  0.49539343  0.44473455  0.58848823  0.51308961  0.46962602  0.55929653  0.54981895  0.38974754  0.38974754  0.39735453  0.38221876  0.36738951  0.41280974  0.45293805  0.46123450  0.43662192  0.44473455  0.46123450  0.46123450  0.39735453  0.41280974  0.46123450  0.47811481  0.48670316  0.42859819  0.50418807  0.31773150  0.29079765  0.30414076  0.36008599  0.36008599  0.39735453  0.40504136  0.38974754  0.38974754  0.40504136  0.42859819  0.41280974  0.39735453  0.38974754  0.42859819  0.39735453  0.42066142  0.42066142  0.44473455  0.41280974  0.40504136  0.41280974  0.38974754  0.40504136  0.44473455  0.45293805  0.45293805  0.43662192  0.46123450  0.42859819  0.42066142  0.51308961  0.42859819  0.41280974  0.46962602  0.42859819  0.38221876  0.36008599  0.39735453  0.38221876  0.37476660  0.35285460  0.37476660  0.45293805  0.47811481  0.49539343  0.53122403  0.51308961  0.45293805  0.50418807  0.46123450  0.46123450  0.44473455  0.42066142  0.42066142  0.38221876  0.38221876  0.42066142  0.40504136  0.56889838  0.58848823  0.58848823  0.55929653  0.57862780  0.37476660  0.38974754  0.40504136  0.41280974  0.43662192  0.43662192  0.38221876  0.39735453  0.39735453  0.39735453  0.47811481  0.36008599  0.37476660  0.39735453  0.40504136  0.39735453  0.42859819  0.40504136  0.40504136  0.40504136  0.38221876  0.38221876  0.43662192  0.42859819  0.53122403  0.49539343  0.49539343  0.54046247  0.50418807  0.47811481  0.50418807  0.49539343  0.54981895  0.54981895  0.54981895  0.54981895  0.58848823  0.54046247  0.54046247  0.48670316  0.43662192  
33_25_0    0.25846630  0.23973120  0.27122806  0.00000000  0.16924507  0.22750223  0.26481938  0.25846630  0.26481938  0.27122806  0.27769333  0.38974754  0.40504136  0.39735453  0.45293805  0.46962602  0.37476660  0.39735453  0.48670316  0.51308961  0.46962602  0.49539343  0.46123450  0.48670316  0.49539343  0.40504136  0.39735453  0.44473455  0.43662192  0.44473455  0.46123450  0.46962602  0.49539343  0.38974754  0.43662192  0.42066142  0.42066142  0.42066142  0.42859819  0.44473455  0.59848324  0.49539343  0.56889838  0.50418807  0.47811481  0.36738951  0.36008599  0.39735453  0.36738951  0.38221876  0.52210069  0.49539343  0.45293805  0.46962602  0.44473455  0.47811481  0.48670316  0.44473455  0.45293805  0.45293805  0.46123450  0.45293805  0.45293805  0.48670316  0.39735453  0.40504136  0.40504136  0.43662192  0.42066142  0.46962602  0.46123450  0.46962602  0.46962602  0.45293805  0.47811481  0.47811481  0.46962602  0.48670316  0.49539343  0.48670316  0.46962602  0.42066142  0.42066142  0.41280974  0.42066142  0.41280974  0.39735453  0.46123450  0.49539343  0.48670316  0.50418807  0.46962602  0.47811481  0.48670316  0.47811481  0.50418807  0.45293805  0.42859819  0.48670316  0.45293805  0.42859819  0.41280974  0.46123450  0.45293805  0.44473455  0.43662192  0.45293805  0.46962602  0.54981895  0.59848324  0.58848823  0.58848823  0.49539343  0.54046247  0.53122403  0.53122403  0.53122403  0.52210069  0.51308961  0.37476660  0.37476660  0.37476660  0.41280974  0.55929653  0.59848324  0.57862780  0.56889838  0.54981895  0.46123450  0.46962602  0.51308961  0.46123450  0.49539343  0.46962602  0.42066142  0.44473455  0.38974754  0.38974754  0.41280974  0.38221876  0.40504136  0.45293805  0.44473455  0.42066142  0.39735453  0.40504136  0.40504136  0.39735453  0.36738951  0.36738951  0.45293805  0.44473455  0.53122403  0.54981895  0.54981895  0.54981895  0.50418807  0.46962602  0.51308961  0.52210069  0.59848324  0.56889838  0.56889838  0.54981895  0.55929653  0.46962602  0.47811481  0.50418807  0.41280974  
67_25_0    0.24592313  0.19199487  0.25216786  0.16924507  0.00000000  0.12050365  0.23973120  0.24592313  0.25216786  0.24592313  0.25216786  0.35285460  0.33860258  0.33860258  0.36738951  0.39735453  0.38221876  0.34569392  0.44473455  0.47811481  0.52210069  0.46962602  0.44473455  0.43662192  0.49539343  0.38974754  0.41280974  0.42859819  0.40504136  0.39735453  0.41280974  0.44473455  0.46962602  0.42066142  0.39735453  0.45293805  0.44473455  0.44473455  0.45293805  0.45293805  0.56889838  0.53122403  0.50418807  0.53122403  0.51308961  0.40504136  0.38974754  0.41280974  0.42859819  0.41280974  0.48670316  0.45293805  0.38974754  0.38221876  0.39735453  0.42066142  0.39735453  0.41280974  0.40504136  0.46962602  0.45293805  0.43662192  0.43662192  0.52210069  0.38974754  0.37476660  0.38974754  0.41280974  0.41280974  0.41280974  0.42859819  0.40504136  0.40504136  0.41280974  0.41280974  0.41280974  0.42066142  0.44473455  0.44473455  0.42859819  0.41280974  0.40504136  0.41280974  0.41280974  0.42066142  0.44473455  0.41280974  0.45293805  0.48670316  0.49539343  0.47811481  0.44473455  0.46962602  0.51308961  0.48670316  0.52210069  0.46962602  0.44473455  0.49539343  0.45293805  0.40504136  0.40504136  0.39735453  0.40504136  0.42859819  0.41280974  0.41280974  0.49539343  0.54981895  0.54981895  0.53122403  0.54981895  0.51308961  0.54981895  0.51308961  0.49539343  0.49539343  0.54981895  0.54046247  0.41280974  0.41280974  0.42859819  0.46962602  0.56889838  0.58848823  0.59848324  0.58848823  0.50418807  0.38221876  0.38221876  0.39735453  0.39735453  0.48670316  0.44473455  0.38974754  0.38221876  0.41280974  0.41280974  0.42066142  0.38974754  0.39735453  0.41280974  0.40504136  0.38221876  0.34569392  0.39735453  0.38974754  0.38974754  0.36008599  0.37476660  0.39735453  0.37476660  0.45293805  0.43662192  0.43662192  0.46962602  0.46123450  0.44473455  0.53122403  0.53122403  0.56889838  0.52210069  0.52210069  0.51308961  0.54981895  0.51308961  0.48670316  0.42066142  0.38221876  
13_25_0    0.29079765  0.22750223  0.26481938  0.22750223  0.12050365  0.00000000  0.24592313  0.23973120  0.27769333  0.25846630  0.26481938  0.31773150  0.34569392  0.37476660  0.38974754  0.41280974  0.39735453  0.39735453  0.45293805  0.46123450  0.49539343  0.52210069  0.52210069  0.48670316  0.53122403  0.46962602  0.47811481  0.46123450  0.42066142  0.41280974  0.42066142  0.46962602  0.52210069  0.48670316  0.49539343  0.52210069  0.53122403  0.49539343  0.50418807  0.47811481  0.54046247  0.53122403  0.54981895  0.55929653  0.54981895  0.42859819  0.40504136  0.38221876  0.39735453  0.36738951  0.49539343  0.44473455  0.41280974  0.40504136  0.39735453  0.41280974  0.42859819  0.39735453  0.38974754  0.46962602  0.45293805  0.47811481  0.47811481  0.49539343  0.34569392  0.36738951  0.37476660  0.35285460  0.33860258  0.41280974  0.42859819  0.40504136  0.40504136  0.43662192  0.42859819  0.42859819  0.42066142  0.44473455  0.45293805  0.41280974  0.41280974  0.46962602  0.47811481  0.41280974  0.47811481  0.50418807  0.42859819  0.46962602  0.47811481  0.51308961  0.49539343  0.45293805  0.51308961  0.49539343  0.47811481  0.54981895  0.49539343  0.42066142  0.45293805  0.46123450  0.47811481  0.46123450  0.41280974  0.42066142  0.43662192  0.43662192  0.46123450  0.48670316  0.56889838  0.54981895  0.57862780  0.56889838  0.54046247  0.57862780  0.54046247  0.55929653  0.55929653  0.54981895  0.54046247  0.41280974  0.40504136  0.49539343  0.50418807  0.58848823  0.58848823  0.67255052  0.61889208  0.54981895  0.37476660  0.36738951  0.39735453  0.38974754  0.42859819  0.43662192  0.38974754  0.36738951  0.41280974  0.41280974  0.48670316  0.36738951  0.42066142  0.41280974  0.42066142  0.38221876  0.38974754  0.43662192  0.39735453  0.40504136  0.39735453  0.41280974  0.42859819  0.42066142  0.45293805  0.45293805  0.45293805  0.43662192  0.54981895  0.52210069  0.50418807  0.50418807  0.51308961  0.49539343  0.49539343  0.48670316  0.54046247  0.51308961  0.52210069  0.42859819  0.39735453  
28_0_0     0.16366636  0.18624082  0.20364040  0.26481938  0.23973120  0.24592313  0.00000000  0.00445799  0.15812983  0.16366636  0.16924507  0.28421618  0.27122806  0.31090460  0.32462264  0.31090460  0.27769333  0.33157925  0.42859819  0.42066142  0.46123450  0.45293805  0.43662192  0.42066142  0.41280974  0.37476660  0.38221876  0.42066142  0.40504136  0.39735453  0.39735453  0.40504136  0.46123450  0.38974754  0.36738951  0.38974754  0.36008599  0.36738951  0.39735453  0.36008599  0.57862780  0.46962602  0.44473455  0.52210069  0.55929653  0.37476660  0.37476660  0.35285460  0.39735453  0.35285460  0.44473455  0.42066142  0.46962602  0.44473455  0.47811481  0.48670316  0.47811481  0.45293805  0.45293805  0.50418807  0.48670316  0.46123450  0.46962602  0.51308961  0.34569392  0.29743881  0.31090460  0.36008599  0.36008599  0.36008599  0.35285460  0.34569392  0.34569392  0.45293805  0.42859819  0.43662192  0.40504136  0.42066142  0.40504136  0.36738951  0.38221876  0.37476660  0.40504136  0.36738951  0.37476660  0.39735453  0.34569392  0.40504136  0.40504136  0.38221876  0.38221876  0.36738951  0.38221876  0.41280974  0.42066142  0.44473455  0.45293805  0.43662192  0.46123450  0.45293805  0.36008599  0.36008599  0.35285460  0.33860258  0.35285460  0.36738951  0.38221876  0.40504136  0.56889838  0.62931383  0.54981895  0.54046247  0.50418807  0.46962602  0.47811481  0.49539343  0.47811481  0.51308961  0.50418807  0.38221876  0.36738951  0.37476660  0.34569392  0.46962602  0.47811481  0.50418807  0.48670316  0.46123450  0.39735453  0.40504136  0.39735453  0.42859819  0.41280974  0.40504136  0.40504136  0.41280974  0.42859819  0.42859819  0.38221876  0.41280974  0.38974754  0.41280974  0.40504136  0.40504136  0.35285460  0.39735453  0.40504136  0.39735453  0.40504136  0.40504136  0.44473455  0.45293805  0.47811481  0.49539343  0.49539343  0.43662192  0.55929653  0.50418807  0.54046247  0.54046247  0.58848823  0.53122403  0.53122403  0.53122403  0.60861656  0.52210069  0.52210069  0.51308961  0.39735453  
59_0_0     0.16924507  0.18053163  0.20953336  0.25846630  0.24592313  0.23973120  0.00445799  0.00000000  0.15263485  0.15812983  0.16366636  0.27769333  0.27769333  0.30414076  0.33157925  0.31773150  0.28421618  0.33860258  0.43662192  0.42859819  0.45293805  0.46123450  0.44473455  0.41280974  0.40504136  0.38221876  0.38974754  0.41280974  0.39735453  0.38974754  0.38974754  0.39735453  0.45293805  0.38221876  0.37476660  0.38221876  0.35285460  0.36008599  0.38974754  0.36738951  0.58848823  0.47811481  0.45293805  0.51308961  0.56889838  0.36738951  0.38221876  0.36008599  0.38974754  0.34569392  0.45293805  0.42859819  0.46123450  0.43662192  0.46962602  0.47811481  0.46962602  0.44473455  0.44473455  0.49539343  0.47811481  0.45293805  0.46123450  0.50418807  0.33860258  0.29079765  0.30414076  0.35285460  0.35285460  0.36738951  0.36008599  0.35285460  0.35285460  0.45293805  0.43662192  0.44473455  0.40504136  0.42066142  0.40504136  0.36008599  0.37476660  0.38221876  0.41280974  0.37476660  0.38221876  0.38974754  0.35285460  0.41280974  0.41280974  0.38974754  0.38974754  0.37476660  0.38974754  0.40504136  0.41280974  0.45293805  0.44473455  0.42859819  0.45293805  0.44473455  0.36738951  0.36738951  0.34569392  0.33157925  0.34569392  0.36008599  0.37476660  0.40504136  0.55929653  0.61889208  0.55929653  0.54981895  0.51308961  0.46123450  0.46962602  0.48670316  0.48670316  0.52210069  0.51308961  0.37476660  0.36008599  0.38221876  0.35285460  0.47811481  0.48670316  0.51308961  0.49539343  0.46962602  0.39735453  0.40504136  0.39735453  0.42859819  0.41280974  0.40504136  0.40504136  0.41280974  0.42859819  0.42859819  0.38221876  0.41280974  0.39735453  0.42066142  0.41280974  0.41280974  0.36008599  0.40504136  0.41280974  0.40504136  0.41280974  0.41280974  0.43662192  0.44473455  0.46962602  0.48670316  0.48670316  0.42859819  0.56889838  0.51308961  0.54981895  0.54981895  0.58848823  0.52210069  0.52210069  0.52210069  0.61889208  0.51308961  0.51308961  0.50418807  0.40504136  
28_26_0    0.22750223  0.22146349  0.25216786  0.26481938  0.25216786  0.27769333  0.15812983  0.15263485  0.00000000  0.04113393  0.04585032  0.25846630  0.22750223  0.20953336  0.27769333  0.25846630  0.31773150  0.30414076  0.41280974  0.42859819  0.45293805  0.46123450  0.42066142  0.40504136  0.46123450  0.36738951  0.41280974  0.37476660  0.35285460  0.34569392  0.34569392  0.36008599  0.46123450  0.34569392  0.35285460  0.39735453  0.30414076  0.32462264  0.34569392  0.36738951  0.55929653  0.51308961  0.46962602  0.54046247  0.54046247  0.34569392  0.39735453  0.37476660  0.36008599  0.36008599  0.48670316  0.38221876  0.36738951  0.36008599  0.39735453  0.39735453  0.42066142  0.36738951  0.35285460  0.44473455  0.46123450  0.42859819  0.39735453  0.49539343  0.28421618  0.30414076  0.31090460  0.36008599  0.36008599  0.36008599  0.36738951  0.37476660  0.37476660  0.38221876  0.38974754  0.38221876  0.38221876  0.38221876  0.38974754  0.37476660  0.36738951  0.37476660  0.39735453  0.36738951  0.35285460  0.36008599  0.32462264  0.36738951  0.38974754  0.38974754  0.38974754  0.36738951  0.36738951  0.36008599  0.37476660  0.39735453  0.36738951  0.41280974  0.43662192  0.39735453  0.33860258  0.33860258  0.31090460  0.29743881  0.36008599  0.31773150  0.31773150  0.33860258  0.54981895  0.56889838  0.54046247  0.51308961  0.52210069  0.49539343  0.46962602  0.47811481  0.47811481  0.52210069  0.51308961  0.35285460  0.35285460  0.35285460  0.35285460  0.44473455  0.45293805  0.47811481  0.45293805  0.42859819  0.38221876  0.38221876  0.38221876  0.38221876  0.45293805  0.42859819  0.38974754  0.41280974  0.36738951  0.36738951  0.35285460  0.36738951  0.39735453  0.39735453  0.38974754  0.37476660  0.36738951  0.36738951  0.40504136  0.39735453  0.38221876  0.39735453  0.39735453  0.38974754  0.41280974  0.41280974  0.41280974  0.42066142  0.53122403  0.51308961  0.49539343  0.48670316  0.54981895  0.47811481  0.47811481  0.47811481  0.50418807  0.46123450  0.45293805  0.38221876  0.39735453  
59_24_0    0.22750223  0.23359119  0.26481938  0.27122806  0.24592313  0.25846630  0.16366636  0.15812983  0.04113393  0.00000000  0.00445799  0.25846630  0.22750223  0.19779449  0.27122806  0.27122806  0.31773150  0.30414076  0.44473455  0.44473455  0.46962602  0.47811481  0.45293805  0.42859819  0.45293805  0.35285460  0.39735453  0.35285460  0.34569392  0.32462264  0.32462264  0.33860258  0.45293805  0.38974754  0.36738951  0.41280974  0.33157925  0.33860258  0.36008599  0.33860258  0.54981895  0.53122403  0.46962602  0.55929653  0.55929653  0.35285460  0.37476660  0.37476660  0.37476660  0.34569392  0.47811481  0.39735453  0.39735453  0.37476660  0.41280974  0.42859819  0.44473455  0.40504136  0.38974754  0.43662192  0.43662192  0.45293805  0.42859819  0.52210069  0.32462264  0.33157925  0.33860258  0.36008599  0.36008599  0.39735453  0.38974754  0.38221876  0.38221876  0.40504136  0.42066142  0.41280974  0.38221876  0.39735453  0.38974754  0.37476660  0.36738951  0.39735453  0.38974754  0.38974754  0.36738951  0.38974754  0.33157925  0.36738951  0.41280974  0.42066142  0.40504136  0.38221876  0.39735453  0.33860258  0.35285460  0.42859819  0.39735453  0.40504136  0.46123450  0.40504136  0.38221876  0.38221876  0.31773150  0.33157925  0.36738951  0.33860258  0.34569392  0.36008599  0.54046247  0.55929653  0.53122403  0.50418807  0.51308961  0.49539343  0.50418807  0.51308961  0.51308961  0.53122403  0.52210069  0.38974754  0.37476660  0.36738951  0.38221876  0.45293805  0.46123450  0.52210069  0.46123450  0.43662192  0.42066142  0.42066142  0.42066142  0.42066142  0.47811481  0.46123450  0.42859819  0.43662192  0.37476660  0.37476660  0.36738951  0.38974754  0.44473455  0.42859819  0.42066142  0.40504136  0.40504136  0.39735453  0.42066142  0.42859819  0.42066142  0.44473455  0.38974754  0.38221876  0.43662192  0.43662192  0.43662192  0.41280974  0.51308961  0.48670316  0.49539343  0.48670316  0.54981895  0.49539343  0.49539343  0.47811481  0.49539343  0.47811481  0.46962602  0.39735453  0.41280974  
28_24_0    0.23359119  0.23973120  0.27122806  0.27769333  0.25216786  0.26481938  0.16924507  0.16366636  0.04585032  0.00445799  0.00000000  0.26481938  0.23359119  0.19199487  0.27769333  0.27769333  0.31773150  0.30414076  0.45293805  0.45293805  0.47811481  0.48670316  0.46123450  0.43662192  0.46123450  0.36008599  0.40504136  0.36008599  0.35285460  0.33157925  0.33157925  0.34569392  0.46123450  0.39735453  0.37476660  0.42066142  0.33860258  0.34569392  0.36738951  0.34569392  0.55929653  0.54046247  0.47811481  0.56889838  0.56889838  0.36008599  0.37476660  0.36738951  0.38221876  0.35285460  0.48670316  0.40504136  0.40504136  0.38221876  0.42066142  0.43662192  0.45293805  0.41280974  0.39735453  0.42859819  0.43662192  0.46123450  0.43662192  0.53122403  0.33157925  0.33157925  0.33860258  0.36008599  0.36008599  0.40504136  0.39735453  0.38974754  0.38974754  0.41280974  0.42859819  0.42066142  0.38974754  0.40504136  0.39735453  0.38221876  0.37476660  0.40504136  0.39735453  0.39735453  0.37476660  0.39735453  0.33860258  0.37476660  0.42066142  0.42859819  0.41280974  0.38974754  0.40504136  0.34569392  0.36008599  0.43662192  0.40504136  0.41280974  0.46962602  0.41280974  0.38974754  0.38974754  0.31773150  0.33157925  0.36738951  0.33860258  0.34569392  0.36008599  0.54981895  0.56889838  0.54046247  0.51308961  0.52210069  0.50418807  0.51308961  0.52210069  0.52210069  0.54046247  0.53122403  0.39735453  0.38221876  0.37476660  0.38974754  0.46123450  0.46962602  0.53122403  0.46962602  0.44473455  0.42859819  0.42859819  0.42859819  0.42859819  0.48670316  0.46962602  0.43662192  0.44473455  0.38221876  0.38221876  0.37476660  0.39735453  0.45293805  0.43662192  0.42859819  0.41280974  0.41280974  0.40504136  0.42859819  0.43662192  0.42859819  0.45293805  0.38974754  0.38221876  0.43662192  0.43662192  0.43662192  0.41280974  0.51308961  0.48670316  0.49539343  0.48670316  0.55929653  0.50418807  0.50418807  0.48670316  0.49539343  0.47811481  0.46962602  0.40504136  0.42066142  
33_24_0    0.33157925  0.27769333  0.26481938  0.38974754  0.35285460  0.31773150  0.28421618  0.27769333  0.25846630  0.25846630  0.26481938  0.00000000  0.13105817  0.17486661  0.38974754  0.36738951  0.36008599  0.38221876  0.45293805  0.50418807  0.51308961  0.57862780  0.54046247  0.47811481  0.46123450  0.45293805  0.46123450  0.40504136  0.39735453  0.40504136  0.41280974  0.42066142  0.53122403  0.48670316  0.46123450  0.44473455  0.42859819  0.45293805  0.44473455  0.45293805  0.63988604  0.55929653  0.54981895  0.59848324  0.69516545  0.41280974  0.43662192  0.46123450  0.42066142  0.37476660  0.50418807  0.46123450  0.48670316  0.46123450  0.51308961  0.48670316  0.46962602  0.46962602  0.46123450  0.47811481  0.49539343  0.55929653  0.52210069  0.59848324  0.34569392  0.33157925  0.32462264  0.36008599  0.34569392  0.40504136  0.41280974  0.41280974  0.41280974  0.42066142  0.38974754  0.39735453  0.39735453  0.41280974  0.42066142  0.39735453  0.38974754  0.42066142  0.44473455  0.42066142  0.40504136  0.43662192  0.40504136  0.42066142  0.45293805  0.46123450  0.46123450  0.46962602  0.47811481  0.41280974  0.41280974  0.46962602  0.42859819  0.42066142  0.44473455  0.44473455  0.38221876  0.40504136  0.44473455  0.46123450  0.43662192  0.44473455  0.42066142  0.47811481  0.59848324  0.58848823  0.63988604  0.56889838  0.53122403  0.62931383  0.57862780  0.56889838  0.57862780  0.54046247  0.53122403  0.42066142  0.42066142  0.40504136  0.40504136  0.54046247  0.50418807  0.54981895  0.53122403  0.49539343  0.43662192  0.42859819  0.41280974  0.42859819  0.46962602  0.45293805  0.42066142  0.42859819  0.48670316  0.48670316  0.46962602  0.43662192  0.38221876  0.38974754  0.38974754  0.38974754  0.39735453  0.38221876  0.34569392  0.37476660  0.38974754  0.41280974  0.44473455  0.43662192  0.53122403  0.53122403  0.53122403  0.49539343  0.55929653  0.56889838  0.60861656  0.57862780  0.58848823  0.56889838  0.56889838  0.54981895  0.62931383  0.58848823  0.55929653  0.48670316  0.51308961  
67_24_0    0.31090460  0.25846630  0.27122806  0.40504136  0.33860258  0.34569392  0.27122806  0.27769333  0.22750223  0.22750223  0.23359119  0.13105817  0.00000000  0.11009909  0.33157925  0.35285460  0.35285460  0.38221876  0.48670316  0.47811481  0.53122403  0.51308961  0.44473455  0.40504136  0.43662192  0.41280974  0.42859819  0.43662192  0.39735453  0.37476660  0.39735453  0.38974754  0.53122403  0.41280974  0.37476660  0.38974754  0.42066142  0.40504136  0.41280974  0.42066142  0.55929653  0.44473455  0.53122403  0.63988604  0.67255052  0.43662192  0.42066142  0.44473455  0.42066142  0.40504136  0.52210069  0.44473455  0.46123450  0.44473455  0.46123450  0.46123450  0.42859819  0.46962602  0.46962602  0.44473455  0.46962602  0.52210069  0.51308961  0.62931383  0.36738951  0.38221876  0.37476660  0.38974754  0.37476660  0.39735453  0.38974754  0.38974754  0.38974754  0.41280974  0.38221876  0.40504136  0.39735453  0.39735453  0.37476660  0.40504136  0.38221876  0.42859819  0.43662192  0.42066142  0.40504136  0.42066142  0.41280974  0.39735453  0.42066142  0.42066142  0.40504136  0.42859819  0.43662192  0.42859819  0.44473455  0.43662192  0.39735453  0.39735453  0.40504136  0.39735453  0.38974754  0.39735453  0.40504136  0.38221876  0.38974754  0.41280974  0.38974754  0.47811481  0.58848823  0.61889208  0.57862780  0.54981895  0.52210069  0.58848823  0.52210069  0.53122403  0.50418807  0.55929653  0.56889838  0.41280974  0.42859819  0.40504136  0.36738951  0.47811481  0.50418807  0.48670316  0.50418807  0.46123450  0.47811481  0.45293805  0.42859819  0.48670316  0.49539343  0.49539343  0.46962602  0.46123450  0.49539343  0.49539343  0.48670316  0.48670316  0.38974754  0.41280974  0.41280974  0.37476660  0.41280974  0.42066142  0.41280974  0.42859819  0.42859819  0.45293805  0.50418807  0.49539343  0.46962602  0.46962602  0.46962602  0.50418807  0.52210069  0.54046247  0.54046247  0.51308961  0.54046247  0.54981895  0.54981895  0.53122403  0.57862780  0.54046247  0.53122403  0.42066142  0.45293805  
13_24_0    0.30414076  0.32462264  0.31090460  0.39735453  0.33860258  0.37476660  0.31090460  0.30414076  0.20953336  0.19779449  0.19199487  0.17486661  0.11009909  0.00000000  0.37476660  0.38221876  0.39735453  0.40504136  0.47811481  0.45293805  0.48670316  0.51308961  0.48670316  0.45293805  0.49539343  0.39735453  0.41280974  0.38221876  0.37476660  0.35285460  0.36008599  0.35285460  0.48670316  0.41280974  0.38974754  0.37476660  0.38974754  0.40504136  0.38221876  0.40504136  0.63988604  0.56889838  0.56889838  0.63988604  0.66149968  0.37476660  0.42066142  0.40504136  0.38974754  0.37476660  0.42859819  0.45293805  0.42066142  0.41280974  0.44473455  0.46123450  0.44473455  0.42066142  0.42066142  0.45293805  0.46962602  0.49539343  0.48670316  0.58848823  0.38221876  0.36008599  0.36738951  0.33860258  0.35285460  0.42859819  0.40504136  0.40504136  0.40504136  0.42066142  0.38974754  0.39735453  0.39735453  0.39735453  0.38974754  0.39735453  0.37476660  0.44473455  0.45293805  0.42859819  0.39735453  0.40504136  0.36008599  0.40504136  0.43662192  0.43662192  0.42066142  0.46123450  0.44473455  0.38974754  0.38974754  0.43662192  0.37476660  0.39735453  0.42859819  0.40504136  0.39735453  0.42066142  0.38974754  0.38974754  0.42066142  0.38221876  0.38974754  0.44473455  0.54981895  0.58848823  0.55929653  0.54981895  0.54981895  0.54981895  0.55929653  0.54046247  0.53122403  0.58848823  0.59848324  0.43662192  0.43662192  0.39735453  0.38221876  0.49539343  0.52210069  0.49539343  0.50418807  0.49539343  0.46962602  0.46123450  0.45293805  0.46962602  0.50418807  0.46962602  0.46962602  0.46123450  0.42859819  0.42859819  0.46123450  0.45293805  0.46962602  0.47811481  0.47811481  0.43662192  0.42859819  0.42066142  0.44473455  0.44473455  0.44473455  0.46962602  0.42859819  0.42066142  0.45293805  0.46962602  0.46962602  0.46123450  0.49539343  0.53122403  0.54046247  0.50418807  0.55929653  0.55929653  0.55929653  0.54046247  0.56889838  0.54981895  0.54046247  0.43662192  0.46962602  
74_22_0    0.42066142  0.31090460  0.31773150  0.45293805  0.36738951  0.38974754  0.32462264  0.33157925  0.27769333  0.27122806  0.27769333  0.38974754  0.33157925  0.37476660  0.00000000  0.05059729  0.22750223  0.19779449  0.44473455  0.51308961  0.51308961  0.42859819  0.42066142  0.40504136  0.46123450  0.35285460  0.34569392  0.28421618  0.33157925  0.31090460  0.31773150  0.33860258  0.42859819  0.32462264  0.29079765  0.35285460  0.32462264  0.32462264  0.34569392  0.34569392  0.53122403  0.41280974  0.40504136  0.48670316  0.49539343  0.34569392  0.33860258  0.32462264  0.33157925  0.28421618  0.46123450  0.36738951  0.35285460  0.33860258  0.38974754  0.33157925  0.34569392  0.36008599  0.34569392  0.42859819  0.42066142  0.41280974  0.41280974  0.47811481  0.26481938  0.30414076  0.29743881  0.31090460  0.31090460  0.41280974  0.38974754  0.38221876  0.38221876  0.40504136  0.36738951  0.35285460  0.38221876  0.40504136  0.34569392  0.33157925  0.33860258  0.36008599  0.33860258  0.32462264  0.36008599  0.37476660  0.39735453  0.39735453  0.37476660  0.38974754  0.38974754  0.34569392  0.36738951  0.33860258  0.34569392  0.34569392  0.29743881  0.34569392  0.40504136  0.31773150  0.33157925  0.32462264  0.31090460  0.30414076  0.31090460  0.31773150  0.29079765  0.37476660  0.52210069  0.54981895  0.48670316  0.52210069  0.44473455  0.45293805  0.42859819  0.45293805  0.44473455  0.54046247  0.54046247  0.31773150  0.33157925  0.29743881  0.29743881  0.48670316  0.47811481  0.51308961  0.49539343  0.39735453  0.29079765  0.28421618  0.29079765  0.29743881  0.37476660  0.30414076  0.27769333  0.28421618  0.31773150  0.31773150  0.31090460  0.27122806  0.35285460  0.31773150  0.31090460  0.32462264  0.36738951  0.31773150  0.36008599  0.38221876  0.34569392  0.36738951  0.36738951  0.36738951  0.40504136  0.40504136  0.40504136  0.43662192  0.42859819  0.42859819  0.44473455  0.42859819  0.39735453  0.42066142  0.42066142  0.38221876  0.45293805  0.46962602  0.45293805  0.36738951  0.33157925  
82_22_0    0.39735453  0.31773150  0.32462264  0.46962602  0.39735453  0.41280974  0.31090460  0.31773150  0.25846630  0.27122806  0.27769333  0.36738951  0.35285460  0.38221876  0.05059729  0.00000000  0.19199487  0.16924507  0.44473455  0.51308961  0.51308961  0.39735453  0.40504136  0.38974754  0.42859819  0.33860258  0.33157925  0.29743881  0.33157925  0.32462264  0.33157925  0.36738951  0.42066142  0.32462264  0.30414076  0.33860258  0.31090460  0.29743881  0.33157925  0.31773150  0.55929653  0.42066142  0.39735453  0.49539343  0.49539343  0.34569392  0.33860258  0.31090460  0.33157925  0.28421618  0.46123450  0.37476660  0.35285460  0.33860258  0.38974754  0.35285460  0.36008599  0.35285460  0.33860258  0.44473455  0.45293805  0.37476660  0.38221876  0.44473455  0.24592313  0.25846630  0.25216786  0.29079765  0.29079765  0.36008599  0.35285460  0.34569392  0.34569392  0.38221876  0.33157925  0.31773150  0.35285460  0.36008599  0.31090460  0.29743881  0.30414076  0.33860258  0.33157925  0.31773150  0.33860258  0.36008599  0.36738951  0.40504136  0.37476660  0.38221876  0.38221876  0.35285460  0.37476660  0.31773150  0.33157925  0.34569392  0.30414076  0.35285460  0.36738951  0.33157925  0.30414076  0.31090460  0.29079765  0.29743881  0.29079765  0.31090460  0.29743881  0.33860258  0.52210069  0.54981895  0.48670316  0.54046247  0.45293805  0.42859819  0.38974754  0.41280974  0.40504136  0.47811481  0.49539343  0.29079765  0.30414076  0.30414076  0.29079765  0.44473455  0.43662192  0.46962602  0.45293805  0.37476660  0.29079765  0.29079765  0.26481938  0.26481938  0.34569392  0.29743881  0.24592313  0.27769333  0.32462264  0.32462264  0.30414076  0.25216786  0.34569392  0.30414076  0.29743881  0.31090460  0.36008599  0.35285460  0.39735453  0.42066142  0.38221876  0.41280974  0.36008599  0.34569392  0.41280974  0.39735453  0.39735453  0.41280974  0.43662192  0.44473455  0.44473455  0.43662192  0.42859819  0.42066142  0.42066142  0.42859819  0.46123450  0.45293805  0.45293805  0.40504136  0.33157925  
74_23_0    0.38221876  0.33860258  0.40504136  0.37476660  0.38221876  0.39735453  0.27769333  0.28421618  0.31773150  0.31773150  0.31773150  0.36008599  0.35285460  0.39735453  0.22750223  0.19199487  0.00000000  0.12050365  0.40504136  0.42859819  0.43662192  0.38974754  0.36008599  0.34569392  0.35285460  0.31773150  0.30414076  0.31773150  0.30414076  0.31090460  0.32462264  0.36738951  0.41280974  0.33860258  0.34569392  0.33860258  0.33860258  0.30414076  0.33860258  0.33157925  0.55929653  0.45293805  0.43662192  0.46962602  0.47811481  0.31773150  0.33157925  0.29743881  0.32462264  0.29079765  0.47811481  0.38974754  0.38221876  0.39735453  0.42859819  0.41280974  0.42066142  0.38221876  0.39735453  0.40504136  0.42066142  0.38974754  0.42066142  0.46962602  0.23973120  0.22146349  0.21547413  0.25846630  0.24592313  0.33157925  0.31773150  0.33157925  0.33157925  0.33157925  0.36738951  0.38974754  0.31090460  0.33860258  0.30414076  0.29079765  0.28421618  0.30414076  0.27769333  0.33157925  0.27769333  0.30414076  0.32462264  0.39735453  0.36738951  0.34569392  0.34569392  0.36008599  0.36738951  0.32462264  0.33860258  0.33860258  0.31090460  0.33157925  0.31090460  0.31090460  0.32462264  0.36008599  0.33860258  0.33860258  0.31090460  0.33860258  0.33860258  0.33157925  0.58848823  0.63988604  0.54981895  0.54046247  0.42066142  0.41280974  0.39735453  0.42066142  0.40504136  0.46962602  0.46962602  0.30414076  0.30414076  0.31090460  0.31773150  0.42066142  0.42859819  0.45293805  0.43662192  0.40504136  0.34569392  0.33860258  0.33157925  0.31773150  0.38221876  0.35285460  0.31090460  0.32462264  0.38221876  0.38221876  0.33860258  0.31773150  0.38221876  0.36738951  0.36008599  0.34569392  0.33157925  0.38974754  0.36738951  0.38221876  0.40504136  0.38974754  0.38974754  0.37476660  0.38974754  0.42066142  0.42066142  0.43662192  0.41280974  0.42066142  0.44473455  0.42066142  0.47811481  0.49539343  0.49539343  0.49539343  0.41280974  0.48670316  0.50418807  0.42066142  0.36738951  
82_23_0    0.38221876  0.33860258  0.36738951  0.39735453  0.34569392  0.39735453  0.33157925  0.33860258  0.30414076  0.30414076  0.30414076  0.38221876  0.38221876  0.40504136  0.19779449  0.16924507  0.12050365  0.00000000  0.45293805  0.47811481  0.48670316  0.33860258  0.33860258  0.35285460  0.38974754  0.33157925  0.31773150  0.29743881  0.30414076  0.31090460  0.29743881  0.35285460  0.38974754  0.33157925  0.32462264  0.32462264  0.33157925  0.29743881  0.31090460  0.28421618  0.53122403  0.44473455  0.35285460  0.48670316  0.45293805  0.33157925  0.31773150  0.31090460  0.33157925  0.29743881  0.46123450  0.39735453  0.38221876  0.36008599  0.35285460  0.36738951  0.38974754  0.36738951  0.36738951  0.42066142  0.42859819  0.38974754  0.43662192  0.46962602  0.27769333  0.23973120  0.25846630  0.27122806  0.27122806  0.31773150  0.29743881  0.29743881  0.29743881  0.33157925  0.36738951  0.36738951  0.30414076  0.33860258  0.29743881  0.27122806  0.27769333  0.34569392  0.31090460  0.36008599  0.36008599  0.38221876  0.33860258  0.41280974  0.33860258  0.36008599  0.36738951  0.36738951  0.38221876  0.37476660  0.36008599  0.37476660  0.33157925  0.38221876  0.34569392  0.33157925  0.30414076  0.32462264  0.30414076  0.30414076  0.29743881  0.29743881  0.29743881  0.34569392  0.56889838  0.62931383  0.54981895  0.53122403  0.45293805  0.41280974  0.38974754  0.39735453  0.38221876  0.45293805  0.45293805  0.36008599  0.36008599  0.33860258  0.36738951  0.42859819  0.42066142  0.43662192  0.41280974  0.36738951  0.33157925  0.33860258  0.32462264  0.30414076  0.38221876  0.32462264  0.27769333  0.29079765  0.33860258  0.33860258  0.31773150  0.26481938  0.38221876  0.34569392  0.33860258  0.33157925  0.36738951  0.37476660  0.35285460  0.36738951  0.31773150  0.34569392  0.38221876  0.36008599  0.40504136  0.39735453  0.39735453  0.44473455  0.45293805  0.41280974  0.49539343  0.46962602  0.50418807  0.49539343  0.49539343  0.50418807  0.41280974  0.43662192  0.44473455  0.38974754  0.33860258  
50_0_0     0.50418807  0.46962602  0.46962602  0.48670316  0.44473455  0.45293805  0.42859819  0.43662192  0.41280974  0.44473455  0.45293805  0.45293805  0.48670316  0.47811481  0.44473455  0.44473455  0.40504136  0.45293805  0.00000000  0.12050365  0.13639304  0.44473455  0.42859819  0.46962602  0.47811481  0.34569392  0.37476660  0.35285460  0.40504136  0.39735453  0.38221876  0.39735453  0.45293805  0.35285460  0.36008599  0.37476660  0.39735453  0.42859819  0.38221876  0.42066142  0.62931383  0.66149968  0.52210069  0.57862780  0.56889838  0.42859819  0.44473455  0.41280974  0.42066142  0.38974754  0.48670316  0.46962602  0.43662192  0.44473455  0.46123450  0.45293805  0.49539343  0.45293805  0.45293805  0.56889838  0.55929653  0.53122403  0.51308961  0.59848324  0.38221876  0.39735453  0.40504136  0.37476660  0.36008599  0.48670316  0.46123450  0.49539343  0.49539343  0.51308961  0.48670316  0.48670316  0.50418807  0.53122403  0.47811481  0.44473455  0.45293805  0.43662192  0.42066142  0.41280974  0.42066142  0.44473455  0.37476660  0.46123450  0.44473455  0.45293805  0.42859819  0.41280974  0.44473455  0.49539343  0.46962602  0.51308961  0.47811481  0.46962602  0.49539343  0.50418807  0.47811481  0.48670316  0.47811481  0.48670316  0.50418807  0.50418807  0.49539343  0.44473455  0.59848324  0.53122403  0.53122403  0.57862780  0.52210069  0.58848823  0.55929653  0.55929653  0.55929653  0.54981895  0.54981895  0.42859819  0.43662192  0.45293805  0.44473455  0.54981895  0.55929653  0.58848823  0.52210069  0.54046247  0.40504136  0.40504136  0.38974754  0.36008599  0.50418807  0.46123450  0.43662192  0.46962602  0.42859819  0.42859819  0.46123450  0.42066142  0.41280974  0.39735453  0.38974754  0.42066142  0.46962602  0.45293805  0.44473455  0.44473455  0.50418807  0.50418807  0.44473455  0.41280974  0.56889838  0.58848823  0.58848823  0.58848823  0.53122403  0.55929653  0.53122403  0.53122403  0.62931383  0.60861656  0.60861656  0.57862780  0.65061312  0.58848823  0.57862780  0.51308961  0.50418807  
