20
14_0_0     0.00000000  0.01704961  0.03450296  0.10876826  0.08317268  0.10228555  0.47152508  0.53837545  0.56207772  0.55013131  0.57422094  0.57422094  0.59912456  0.56207772  0.51541169  0.56207772  0.58656758  0.55013131  0.55013131  0.58656758  
2_0_0      0.01704961  0.00000000  0.04041380  0.11530848  0.08948873  0.10876826  0.46094990  0.56207772  0.58656758  0.57422094  0.59912456  0.57422094  0.59912456  0.53837545  0.49314180  0.53837545  0.56207772  0.52680414  0.52680414  0.57422094  
11_0_0     0.03450296  0.04041380  0.00000000  0.09585937  0.07070067  0.08948873  0.50419264  0.53837545  0.56207772  0.55013131  0.55013131  0.57422094  0.59912456  0.56207772  0.52680414  0.55013131  0.59912456  0.55013131  0.58656758  0.58656758  
6_0_0      0.10876826  0.11530848  0.09585937  0.00000000  0.02282159  0.05237963  0.47152508  0.53837545  0.56207772  0.55013131  0.56207772  0.58656758  0.62489910  0.52680414  0.56207772  0.57422094  0.59912456  0.53837545  0.59912456  0.59912456  
3_0_0      0.08317268  0.08948873  0.07070067  0.02282159  0.00000000  0.02863914  0.45052430  0.51541169  0.53837545  0.52680414  0.53837545  0.56207772  0.59912456  0.50419264  0.53837545  0.55013131  0.57422094  0.51541169  0.55013131  0.59912456  
13_0_0     0.10228555  0.10876826  0.08948873  0.05237963  0.02863914  0.00000000  0.45052430  0.53837545  0.56207772  0.55013131  0.56207772  0.56207772  0.65160770  0.52680414  0.50419264  0.51541169  0.53837545  0.48225419  0.51541169  0.58656758  
9_0_0      0.47152508  0.46094990  0.50419264  0.47152508  0.45052430  0.45052430  0.00000000  0.14206562  0.15581748  0.14890948  0.16279084  0.19868295  0.22108827  0.10876826  0.78544883  0.75353579  0.72294733  0.76931961  0.69357785  0.72294733  
1_0_0      0.53837545  0.56207772  0.53837545  0.53837545  0.51541169  0.53837545  0.14206562  0.00000000  0.01132248  0.01704961  0.01704961  0.14206562  0.10876826  0.08948873  0.81880637  0.78544883  0.76931961  0.80193891  0.75353579  0.70811632  
7_0_0      0.56207772  0.58656758  0.56207772  0.56207772  0.53837545  0.56207772  0.15581748  0.01132248  0.00000000  0.00563950  0.01704961  0.14890948  0.10876826  0.08948873  0.81880637  0.78544883  0.76931961  0.80193891  0.75353579  0.73808290  
5_0_0      0.55013131  0.57422094  0.55013131  0.55013131  0.52680414  0.55013131  0.14890948  0.01704961  0.00563950  0.00000000  0.02282159  0.15581748  0.10876826  0.08317268  0.83606889  0.80193891  0.78544883  0.81880637  0.76931961  0.75353579  
10_0_0     0.57422094  0.59912456  0.55013131  0.56207772  0.53837545  0.56207772  0.16279084  0.01704961  0.01704961  0.02282159  0.00000000  0.15581748  0.11530848  0.09585937  0.83606889  0.76931961  0.78544883  0.81880637  0.76931961  0.72294733  
12_0_0     0.57422094  0.57422094  0.57422094  0.58656758  0.56207772  0.56207772  0.19868295  0.14206562  0.14890948  0.15581748  0.15581748  0.00000000  0.20607597  0.19136334  0.76931961  0.73808290  0.75353579  0.75353579  0.76931961  0.70811632  
4_0_0      0.59912456  0.59912456  0.59912456  0.62489910  0.59912456  0.65160770  0.22108827  0.10876826  0.10876826  0.10876826  0.11530848  0.20607597  0.00000000  0.14890948  0.85374541  0.89042339  0.87185628  0.87185628  0.83606889  0.76931961  
8_0_0      0.56207772  0.53837545  0.56207772  0.52680414  0.50419264  0.52680414  0.10876826  0.08948873  0.08948873  0.08317268  0.09585937  0.19136334  0.14890948  0.00000000  0.83606889  0.80193891  0.78544883  0.81880637  0.80193891  0.76931961  
18_0_0     0.51541169  0.49314180  0.52680414  0.56207772  0.53837545  0.50419264  0.78544883  0.81880637  0.81880637  0.83606889  0.83606889  0.76931961  0.85374541  0.83606889  0.00000000  0.02282159  0.04041380  0.02863914  0.13528473  0.19136334  
17_0_0     0.56207772  0.53837545  0.55013131  0.57422094  0.55013131  0.51541169  0.75353579  0.78544883  0.78544883  0.80193891  0.76931961  0.73808290  0.89042339  0.80193891  0.02282159  0.00000000  0.02863914  0.04041380  0.14890948  0.20607597  
19_0_0     0.58656758  0.56207772  0.59912456  0.59912456  0.57422094  0.53837545  0.72294733  0.76931961  0.76931961  0.78544883  0.78544883  0.75353579  0.87185628  0.78544883  0.04041380  0.02863914  0.00000000  0.05237963  0.16983080  0.21354390  
15_0_0     0.55013131  0.52680414  0.55013131  0.53837545  0.51541169  0.48225419  0.76931961  0.80193891  0.80193891  0.81880637  0.81880637  0.75353579  0.87185628  0.81880637  0.02863914  0.04041380  0.05237963  0.00000000  0.14890948  0.19136334  
16_0_0     0.55013131  0.52680414  0.58656758  0.59912456  0.55013131  0.51541169  0.69357785  0.75353579  0.75353579  0.76931961  0.76931961  0.76931961  0.83606889  0.80193891  0.13528473  0.14890948  0.16983080  0.14890948  0.00000000  0.19868295  
20_0_0     0.58656758  0.57422094  0.58656758  0.59912456  0.59912456  0.58656758  0.72294733  0.70811632  0.73808290  0.75353579  0.72294733  0.70811632  0.76931961  0.76931961  0.19136334  0.20607597  0.21354390  0.19136334  0.19868295  0.00000000  

