15
39_3_0     0.00000000  0.00000000  0.00449779  0.26011929  0.26011929  0.26011929  0.43847229  0.44657179  0.44657179  0.43045950  0.40692331  0.38410470  0.38410470  0.37665052  0.35472329  
11_3_0     0.00000000  0.00000000  0.00449779  0.26011929  0.26011929  0.26011929  0.43847229  0.44657179  0.44657179  0.43045950  0.40692331  0.38410470  0.38410470  0.37665052  0.35472329  
46_3_0     0.00449779  0.00449779  0.00000000  0.26649417  0.26649417  0.26649417  0.44657179  0.45475989  0.45475989  0.43847229  0.41468676  0.39163387  0.39163387  0.38410470  0.36196122  
11_0_0     0.26011929  0.26011929  0.26649417  0.00000000  0.01815565  0.01815565  0.49710046  0.54198054  0.53278666  0.48843857  0.45475989  0.45475989  0.45475989  0.41468676  0.40692331  
46_0_0     0.26011929  0.26011929  0.26649417  0.01815565  0.00000000  0.00902278  0.48843857  0.52370433  0.49710046  0.45475989  0.47140982  0.47140982  0.47140982  0.43045950  0.40692331  
39_0_0     0.26011929  0.26011929  0.26649417  0.01815565  0.00902278  0.00000000  0.48843857  0.53278666  0.50586377  0.46303856  0.47987577  0.47987577  0.47987577  0.43847229  0.41468676  
44_0_0     0.43847229  0.43847229  0.44657179  0.49710046  0.48843857  0.48843857  0.00000000  0.11619295  0.10579081  0.14829593  0.36926983  0.36196122  0.36196122  0.35472329  0.32645179  
34_0_0     0.44657179  0.44657179  0.45475989  0.54198054  0.52370433  0.53278666  0.11619295  0.00000000  0.02740133  0.09553126  0.34045406  0.34755467  0.34755467  0.35472329  0.32645179  
17_0_0     0.44657179  0.44657179  0.45475989  0.53278666  0.49710046  0.50586377  0.10579081  0.02740133  0.00000000  0.07542464  0.35472329  0.34755467  0.34755467  0.35472329  0.31270666  
36_0_0     0.43045950  0.43045950  0.43847229  0.48843857  0.45475989  0.46303856  0.14829593  0.09553126  0.07542464  0.00000000  0.32645179  0.31954768  0.33342019  0.35472329  0.31270666  
34_1_0     0.40692331  0.40692331  0.41468676  0.45475989  0.47140982  0.47987577  0.36926983  0.34045406  0.35472329  0.32645179  0.00000000  0.03206736  0.04148759  0.06557032  0.11097381  
34_2_0     0.38410470  0.38410470  0.39163387  0.45475989  0.47140982  0.47987577  0.36196122  0.34755467  0.34755467  0.31954768  0.03206736  0.00000000  0.03676266  0.06069138  0.09553126  
17_1_0     0.38410470  0.38410470  0.39163387  0.45475989  0.47140982  0.47987577  0.36196122  0.34755467  0.34755467  0.33342019  0.04148759  0.03676266  0.00000000  0.05102790  0.08040088  
44_1_0     0.37665052  0.37665052  0.38410470  0.41468676  0.43045950  0.43847229  0.35472329  0.35472329  0.35472329  0.35472329  0.06557032  0.06069138  0.05102790  0.00000000  0.08040088  
36_1_0     0.35472329  0.35472329  0.36196122  0.40692331  0.40692331  0.41468676  0.32645179  0.32645179  0.31270666  0.31270666  0.11097381  0.09553126  0.08040088  0.08040088  0.00000000  

