20
5_0_0      0.00000000  0.06345239  0.06345239  0.08587130  0.07457704  0.77262479  0.77262479  0.76309955  0.71722828  0.66568769  0.67403260  0.73523738  0.72617810  0.35236147  0.34156833  0.34156833  0.35781758  0.30498462  0.31010154  0.35781758  
6_0_0      0.06345239  0.00000000  0.01363829  0.03457840  0.02403436  0.74440883  0.74440883  0.70838529  0.70838529  0.66568769  0.68247258  0.74440883  0.73523738  0.36885188  0.36885188  0.33623017  0.36331419  0.32044267  0.31525406  0.36885188  
11_0_0     0.06345239  0.01363829  0.00000000  0.02753239  0.01708746  0.78227410  0.76309955  0.72617810  0.74440883  0.68247258  0.69964661  0.76309955  0.75369524  0.36331419  0.36331419  0.33093019  0.34694524  0.31525406  0.31010154  0.38005302  
17_0_0     0.08587130  0.03457840  0.02753239  0.00000000  0.01020511  0.76309955  0.76309955  0.72617810  0.72617810  0.68247258  0.71722828  0.78227410  0.75369524  0.37443128  0.35781758  0.33623017  0.35236147  0.30498462  0.29990280  0.36331419  
14_0_0     0.07457704  0.02403436  0.01708746  0.01020511  0.00000000  0.75369524  0.75369524  0.71722828  0.71722828  0.67403260  0.69100983  0.75369524  0.74440883  0.38005302  0.36331419  0.34156833  0.35781758  0.31010154  0.30498462  0.36885188  
20_0_0     0.77262479  0.74440883  0.78227410  0.76309955  0.75369524  0.00000000  0.02055277  0.07085023  0.11291417  0.15751118  0.10120328  0.10120328  0.10120328  0.73523738  0.78227410  0.74440883  0.80195818  0.66568769  0.65743575  0.59453430  
8_0_0      0.77262479  0.74440883  0.76309955  0.76309955  0.75369524  0.02055277  0.00000000  0.04887472  0.10508637  0.14098178  0.08208738  0.08208738  0.07832269  0.71722828  0.76309955  0.72617810  0.77262479  0.67403260  0.66568769  0.60976605  
15_0_0     0.76309955  0.70838529  0.72617810  0.72617810  0.71722828  0.07085023  0.04887472  0.00000000  0.12481316  0.14098178  0.08967465  0.08967465  0.09349763  0.73523738  0.74440883  0.72617810  0.76309955  0.65743575  0.64927472  0.60976605  
19_0_0     0.71722828  0.70838529  0.74440883  0.72617810  0.71722828  0.11291417  0.10508637  0.12481316  0.00000000  0.12481316  0.08587130  0.10120328  0.08587130  0.67403260  0.69964661  0.68247258  0.74440883  0.71722828  0.70838529  0.68247258  
9_0_0      0.66568769  0.66568769  0.68247258  0.68247258  0.67403260  0.15751118  0.14098178  0.14098178  0.12481316  0.00000000  0.10898993  0.10898993  0.10898993  0.70838529  0.69964661  0.73523738  0.75369524  0.68247258  0.67403260  0.69964661  
18_0_0     0.67403260  0.68247258  0.69964661  0.71722828  0.69100983  0.10120328  0.08208738  0.08967465  0.08587130  0.10898993  0.00000000  0.03104702  0.03812670  0.70838529  0.73523738  0.71722828  0.76309955  0.65743575  0.64927472  0.60976605  
7_0_0      0.73523738  0.74440883  0.76309955  0.78227410  0.75369524  0.10120328  0.08208738  0.08967465  0.10120328  0.10898993  0.03104702  0.00000000  0.04169208  0.73523738  0.76309955  0.76309955  0.79205076  0.71722828  0.70838529  0.66568769  
16_0_0     0.72617810  0.73523738  0.75369524  0.75369524  0.74440883  0.10120328  0.07832269  0.09349763  0.08587130  0.10898993  0.03812670  0.04169208  0.00000000  0.69100983  0.69964661  0.69964661  0.74440883  0.68247258  0.69100983  0.64120261  
13_0_0     0.35236147  0.36885188  0.36331419  0.37443128  0.38005302  0.73523738  0.71722828  0.73523738  0.67403260  0.70838529  0.70838529  0.73523738  0.69100983  0.00000000  0.05978099  0.05978099  0.12882235  0.29990280  0.30498462  0.37443128  
12_0_0     0.34156833  0.36885188  0.36331419  0.35781758  0.36331419  0.78227410  0.76309955  0.74440883  0.69964661  0.69964661  0.73523738  0.76309955  0.69964661  0.05978099  0.00000000  0.02055277  0.11685930  0.28984256  0.29485560  0.37443128  
10_0_0     0.34156833  0.33623017  0.33093019  0.33623017  0.34156833  0.74440883  0.72617810  0.72617810  0.68247258  0.73523738  0.71722828  0.76309955  0.69964661  0.05978099  0.02055277  0.00000000  0.10898993  0.29990280  0.30498462  0.36885188  
4_0_0      0.35781758  0.36331419  0.34694524  0.35236147  0.35781758  0.80195818  0.77262479  0.76309955  0.74440883  0.75369524  0.76309955  0.79205076  0.74440883  0.12882235  0.11685930  0.10898993  0.00000000  0.32566787  0.33093019  0.42064714  
2_0_0      0.30498462  0.32044267  0.31525406  0.30498462  0.31010154  0.66568769  0.67403260  0.65743575  0.71722828  0.68247258  0.65743575  0.71722828  0.68247258  0.29990280  0.28984256  0.29990280  0.32566787  0.00000000  0.00338611  0.21845383  
1_0_0      0.31010154  0.31525406  0.31010154  0.29990280  0.30498462  0.65743575  0.66568769  0.64927472  0.70838529  0.67403260  0.64927472  0.70838529  0.69100983  0.30498462  0.29485560  0.30498462  0.33093019  0.00338611  0.00000000  0.22300490  
3_0_0      0.35781758  0.36885188  0.38005302  0.36331419  0.36885188  0.59453430  0.60976605  0.60976605  0.68247258  0.69964661  0.60976605  0.66568769  0.64120261  0.37443128  0.37443128  0.36885188  0.42064714  0.21845383  0.22300490  0.00000000  

