20
7_0_0      0.00000000  0.38568368  0.37829298  0.38568368  0.34947790  0.46416899  0.45591742  0.43969716  0.44776087  0.43969716  0.39315230  0.40070049  0.48951651  0.48951651  0.49817132  0.48096617  0.54310619  0.61122558  0.47251779  0.49817132  
3_0_0      0.38568368  0.00000000  0.01745465  0.03989570  0.16419020  0.27579467  0.29514215  0.29514215  0.32861059  0.32861059  0.22664466  0.24467868  0.41604253  0.40832998  0.42383998  0.40832998  0.42383998  0.45591742  0.40832998  0.41604253  
6_0_0      0.37829298  0.01745465  0.00000000  0.04907501  0.17514365  0.28218529  0.28863410  0.28863410  0.33549829  0.33549829  0.23260514  0.25079350  0.43172420  0.42383998  0.43969716  0.42383998  0.43969716  0.46416899  0.43172420  0.43969716  
9_0_0      0.38568368  0.03989570  0.04907501  0.00000000  0.19189807  0.28218529  0.28218529  0.27579467  0.30834039  0.30834039  0.23260514  0.23861619  0.43172420  0.42383998  0.43969716  0.42383998  0.44776087  0.48096617  0.40832998  0.41604253  
10_0_0     0.34947790  0.16419020  0.17514365  0.19189807  0.00000000  0.22073392  0.23861619  0.24467868  0.28863410  0.28218529  0.17514365  0.19189807  0.40070049  0.39315230  0.42383998  0.39315230  0.45591742  0.44776087  0.38568368  0.40832998  
5_0_0      0.46416899  0.27579467  0.28218529  0.28218529  0.22073392  0.00000000  0.12713425  0.12713425  0.15877633  0.16419020  0.11182789  0.12199530  0.50693316  0.50693316  0.55244560  0.53388831  0.50693316  0.48951651  0.48096617  0.48951651  
4_0_0      0.45591742  0.29514215  0.28863410  0.28218529  0.23861619  0.12713425  0.00000000  0.01745465  0.06307093  0.06779837  0.12713425  0.13231076  0.46416899  0.46416899  0.50693316  0.48951651  0.45591742  0.47251779  0.42383998  0.43172420  
11_0_0     0.43969716  0.29514215  0.28863410  0.27579467  0.24467868  0.12713425  0.01745465  0.00000000  0.06307093  0.06779837  0.12199530  0.12713425  0.48096617  0.48096617  0.52478882  0.50693316  0.47251779  0.49817132  0.43969716  0.44776087  
2_0_0      0.44776087  0.32861059  0.33549829  0.30834039  0.28863410  0.15877633  0.06307093  0.06307093  0.00000000  0.00432351  0.16419020  0.17514365  0.45591742  0.45591742  0.49817132  0.49817132  0.45591742  0.48951651  0.43172420  0.43969716  
12_0_0     0.43969716  0.32861059  0.33549829  0.30834039  0.28218529  0.16419020  0.06779837  0.06779837  0.00432351  0.00000000  0.16964575  0.18068454  0.46416899  0.46416899  0.50693316  0.50693316  0.44776087  0.49817132  0.43969716  0.44776087  
1_0_0      0.39315230  0.22664466  0.23260514  0.23260514  0.17514365  0.11182789  0.12713425  0.12199530  0.16419020  0.16964575  0.00000000  0.03535026  0.44776087  0.44776087  0.45591742  0.45591742  0.47251779  0.46416899  0.40832998  0.43172420  
8_0_0      0.40070049  0.24467868  0.25079350  0.23861619  0.19189807  0.12199530  0.13231076  0.12713425  0.17514365  0.18068454  0.03535026  0.00000000  0.46416899  0.46416899  0.47251779  0.47251779  0.44776087  0.46416899  0.39315230  0.41604253  
17_0_0     0.48951651  0.41604253  0.43172420  0.43172420  0.40070049  0.50693316  0.46416899  0.48096617  0.45591742  0.46416899  0.44776087  0.46416899  0.00000000  0.00432351  0.03989570  0.02634595  0.11689336  0.19757210  0.09192065  0.09684526  
15_0_0     0.48951651  0.40832998  0.42383998  0.42383998  0.39315230  0.50693316  0.46416899  0.48096617  0.45591742  0.46416899  0.44776087  0.46416899  0.00432351  0.00000000  0.04447049  0.03083380  0.12199530  0.20329195  0.09684526  0.10180435  
14_0_0     0.49817132  0.42383998  0.43969716  0.43969716  0.42383998  0.55244560  0.50693316  0.52478882  0.49817132  0.50693316  0.45591742  0.47251779  0.03989570  0.04447049  0.00000000  0.03989570  0.14277864  0.22664466  0.10679839  0.11182789  
18_0_0     0.48096617  0.40832998  0.42383998  0.42383998  0.39315230  0.53388831  0.48951651  0.50693316  0.49817132  0.50693316  0.45591742  0.47251779  0.02634595  0.03083380  0.03989570  0.00000000  0.14807117  0.22073392  0.11182789  0.11689336  
16_0_0     0.54310619  0.42383998  0.43969716  0.44776087  0.45591742  0.50693316  0.45591742  0.47251779  0.45591742  0.44776087  0.47251779  0.44776087  0.11689336  0.12199530  0.14277864  0.14807117  0.00000000  0.16964575  0.08217295  0.07734894  
20_0_0     0.61122558  0.45591742  0.46416899  0.48096617  0.44776087  0.48951651  0.47251779  0.49817132  0.48951651  0.49817132  0.46416899  0.46416899  0.19757210  0.20329195  0.22664466  0.22073392  0.16964575  0.00000000  0.12713425  0.11182789  
13_0_0     0.47251779  0.40832998  0.43172420  0.40832998  0.38568368  0.48096617  0.42383998  0.43969716  0.43172420  0.43969716  0.40832998  0.39315230  0.09192065  0.09684526  0.10679839  0.11182789  0.08217295  0.12713425  0.00000000  0.01305051  
19_0_0     0.49817132  0.41604253  0.43969716  0.41604253  0.40832998  0.48951651  0.43172420  0.44776087  0.43969716  0.44776087  0.43172420  0.41604253  0.09684526  0.10180435  0.11182789  0.11689336  0.07734894  0.11182789  0.01305051  0.00000000  

